-5.10268 7.21931e-17 -7.21931e-17
-4.8925 5.54337e-16 -5.54337e-16
-4.84181 2.97356e-16 -2.97356e-16
-4.69311 1.71284e-13 -1.71284e-13
-4.6457 2.93832e-13 -2.93832e-13
-4.5912 1.41165e-13 -1.41165e-13
-4.50483 4.57791e-11 -4.57791e-11
-4.46101 1.08728e-10 -1.08728e-10
-4.40928 9.81047e-11 -9.81047e-11
-4.35111 3.61328e-11 -3.61328e-11
-4.32812 7.35779e-09 -7.35779e-09
-4.28831 2.10722e-08 -2.10722e-08
-4.23949 2.66444e-08 -2.66444e-08
-4.18369 1.94962e-08 -1.94962e-08
-4.16368 7.31364e-07 -7.31364e-07
-4.12846 2.3041e-06 -2.3041e-06
-4.12185 6.3207e-09 -6.3207e-09
-4.08273 3.59381e-06 -3.59381e-06
-4.02941 4.05034e-06 -4.05034e-06
-4.0126 4.43772e-05 -4.43772e-05
-3.98284 0.000140167 -0.000140167
-3.96957 3.06962e-06 -3.06962e-06
-3.94047 0.000248793 -0.000248793
-3.90392 3.16827e-06 -3.16827e-06
-3.88982 0.000419278 -0.000419278
-3.87727 0.00157197 -0.00157197
-3.85348 0.0040635 -0.0040635
-3.83258 0.000650595 -0.000650595
-3.8167 0.0074696 -0.0074696
-3.77042 0.0145457 -0.0145457
-3.76868 0.000358173 -0.000358173
-3.76481 0.0186794 -0.0186794
-3.73834 0.0215834 -0.0215834
-3.70851 0.0260439 -0.0260439
-3.70851 0.0176135 -0.0176135
-3.69756 0.00016297 -0.00016297
-3.67831 0.0425821 -0.0425821
-3.66102 0.00383956 -0.00383956
-3.64596 0.000949031 -0.000949031
-3.64412 0.00827379 -0.00827379
-3.61412 0.0648252 -0.0648252
-3.61412 0.00363744 -0.00363744
-3.58527 0.0428085 -0.0428085
-3.57895 0.000344362 -0.000344362
-3.55354 0.00155949 -0.00155949
-3.55347 0.0314101 -0.0314101
-3.53318 0.0191524 -0.0191524
-3.50474 0.070317 -0.070317
-3.50474 0.000116792 -0.000116792
-3.49621 0.00602099 -0.00602099
-3.4892 0.0205107 -0.0205107
-3.4892 0.0532115 -0.0532115
-3.47002 0.0130876 -0.0130876
-3.43662 0.0101344 -0.0101344
-3.40748 0.00694708 -0.00694708
-3.40748 0.038356 -0.038356
-3.40074 0.0779202 -0.0779202
-3.40074 0.0162048 -0.0162048
-3.35942 0.0400787 -0.0400787
-3.35942 0.0702415 -0.0702415
-3.35457 0.0484785 -0.0484785
-3.32837 0.00980372 -0.00980372
-3.32625 0.014065 -0.014065
-3.31498 0.00989316 -0.00989316
-3.29169 0.0251712 -0.0251712
-3.28773 0.000257299 -0.000257299
-3.2595 0.0345711 -0.0345711
-3.2595 0.0190536 -0.0190536
-3.2595 0.0127223 -0.0127223
-3.23681 0.0137102 -0.0137102
-3.21752 0.0249097 -0.0249097
-3.21068 0.023377 -0.023377
-3.19529 0.0788954 -0.0788954
-3.16976 0.0372991 -0.0372991
-3.16673 0.0190246 -0.0190246
-3.16673 0.0129823 -0.0129823
-3.14648 0.083062 -0.083062
-3.13835 0.0831931 -0.0831931
-3.12015 0.0299475 -0.0299475
-3.12015 0.0689067 -0.0689067
-3.08832 0.0369876 -0.0369876
-3.08125 0.073528 -0.073528
-3.08125 0.0338072 -0.0338072
-3.05089 0.0805685 -0.0805685
-3.05089 0.0435286 -0.0435286
-3.03284 0.012438 -0.012438
-3.01816 0.00368827 -0.00368827
-3.01563 0.0838025 -0.0838025
-2.99079 0.0364701 -0.0364701
-2.98357 0.0264416 -0.0264416
-2.96689 0.0373183 -0.0373183
-2.96055 0.0527856 -0.0527856
-2.96055 0.0263978 -0.0263978
-2.93337 0.0150247 -0.0150247
-2.92057 0.102651 -0.102651
-2.91367 0.0401572 -0.0401572
-2.91367 0.00316027 -0.00316027
-2.88556 0.0713262 -0.0713262
-2.88139 0.0353207 -0.0353207
-2.86266 0.0424698 -0.0424698
-2.85963 0.0498651 -0.0498651
-2.83488 0.0576052 -0.0576052
-2.80808 0.0173523 -0.0173523
-2.80808 0.0183761 -0.0183761
-2.80808 0.0180924 -0.0180924
-2.78718 0.0156828 -0.0156828
-2.78718 0.00432798 -0.00432798
-2.7743 0.0156585 -0.0156585
-2.76651 0.0472626 -0.0472626
-2.75852 0.0448484 -0.0448484
-2.7292 0.0441124 -0.0441124
-2.72643 0.0678152 -0.0678152
-2.72643 0.0250714 -0.0250714
-2.6995 0.0897576 -0.0897576
-2.6974 0.00381488 -0.00381488
-2.68223 0.0330192 -0.0330192
-2.6646 0.0829626 -0.0829626
-2.65413 0.0824981 -0.0824981
-2.63594 0.041383 -0.041383
-2.6292 0.0172077 -0.0172077
-2.61392 0.0200745 -0.0200745
-2.61392 0.108799 -0.108799
-2.59222 0.122536 -0.122536
-2.5843 0.0735603 -0.0735603
-2.5843 0.0170213 -0.0170213
-2.56577 0.0723583 -0.0723583
-2.55693 0.087897 -0.087897
-2.53989 0.217808 -0.217808
-2.53502 0.0112149 -0.0112149
-2.53017 0.0135214 -0.0135214
-2.50345 0.060238 -0.060238
-2.50345 0.0146901 -0.0146901
-2.48763 0.0932413 -0.0932413
-2.47429 0.00623883 -0.00623883
-2.46332 0.107787 -0.107787
-2.44335 0.183089 -0.183089
-2.44335 0.135658 -0.135658
-2.42728 0.00601045 -0.00601045
-2.41545 0.00277329 -0.00277329
-2.40884 0.146349 -0.146349
-2.39483 0.0434945 -0.0434945
-2.39483 0.147494 -0.147494
-2.36532 0.0166273 -0.0166273
-2.36532 0.0930616 -0.0930616
-2.36019 0.136506 -0.136506
-2.3286 0.105111 -0.105111
-2.3286 0.0867858 -0.0867858
-2.31344 0.0388242 -0.0388242
-2.31344 0.0539533 -0.0539533
-2.29394 0.179688 -0.179688
-2.28296 0.129655 -0.129655
-2.2689 0.0231065 -0.0231065
-2.26291 0.287065 -0.287065
-2.25867 0.0480951 -0.0480951
-2.22261 0.0500966 -0.0500966
-2.22261 0.134682 -0.134682
-2.22197 0.0540068 -0.0540068
-2.21099 0.119977 -0.119977
-2.21099 0.227509 -0.227509
-2.18192 0.19279 -0.19279
-2.17754 0.0766216 -0.0766216
-2.16773 0.115997 -0.115997
-2.1591 0.323064 -0.323064
-2.1591 0.237484 -0.237484
-2.13059 0.173464 -0.173464
-2.12473 0.00366124 -0.00366124
-2.11429 0.0310404 -0.0310404
-2.10646 0.0833598 -0.0833598
-2.08457 0.109628 -0.109628
-2.07645 0.0247055 -0.0247055
-2.06621 0.0649296 -0.0649296
-2.04789 0.0392002 -0.0392002
-2.0466 0.277931 -0.277931
-2.03082 0.138935 -0.138935
-2.03082 0.0685693 -0.0685693
-2.01095 0.0164982 -0.0164982
-2.00757 0.267779 -0.267779
-1.98028 0.0241418 -0.0241418
-1.97767 0.29678 -0.29678
-1.97767 0.149871 -0.149871
-1.96413 0.165676 -0.165676
-1.95533 0.188048 -0.188048
-1.9364 0.000999556 -0.000999556
-1.9364 0.0527285 -0.0527285
-1.9323 0.203009 -0.203009
-1.90147 0.0181066 -0.0181066
-1.90147 0.100806 -0.100806
-1.87652 0.22044 -0.22044
-1.87047 0.0219649 -0.0219649
-1.86662 0.0637016 -0.0637016
-1.86662 0.587037 -0.587037
-1.83561 0.0756877 -0.0756877
-1.83561 0.0510157 -0.0510157
-1.83515 0.00292629 -0.00292629
-1.81186 0.162307 -0.162307
-1.81186 0.0772242 -0.0772242
-1.79442 0.0461756 -0.0461756
-1.77772 0.567358 -0.567358
-1.77772 0.2034 -0.2034
-1.76242 0.0235059 -0.0235059
-1.75269 0.0575082 -0.0575082
-1.74141 0.119013 -0.119013
-1.72984 0.000958727 -0.000958727
-1.71564 0.180787 -0.180787
-1.7136 0.077524 -0.077524
-1.70126 0.426304 -0.426304
-1.67958 0.0624109 -0.0624109
-1.67958 0.0152901 -0.0152901
-1.65997 0.229016 -0.229016
-1.64978 0.172232 -0.172232
-1.64978 0.296384 -0.296384
-1.64613 0.00267711 -0.00267711
-1.63712 0.109536 -0.109536
-1.62259 0.00120868 -0.00120868
-1.60068 0.230954 -0.230954
-1.59248 0.0716043 -0.0716043
-1.57979 0.290725 -0.290725
-1.57979 0.563742 -0.563742
-1.57979 0.250194 -0.250194
-1.56316 0.00128008 -0.00128008
-1.53513 0.406455 -0.406455
-1.53513 0.0286356 -0.0286356
-1.5261 0.131684 -0.131684
-1.52467 0.156183 -0.156183
-1.51173 0.0035278 -0.0035278
-1.51096 0.365521 -0.365521
-1.48808 0.130662 -0.130662
-1.47811 0.127768 -0.127768
-1.46306 0.107891 -0.107891
-1.44975 0.632144 -0.632144
-1.44381 0.0211261 -0.0211261
-1.44381 0.0557282 -0.0557282
-1.41591 0.000327453 -0.000327453
-1.40578 0.14218 -0.14218
-1.40578 0.0192696 -0.0192696
-1.39766 0.000384116 -0.000384116
-1.39352 0.167053 -0.167053
-1.39352 0.170851 -0.170851
-1.36157 0.0579817 -0.0579817
-1.36157 0.0454286 -0.0454286
-1.35127 0.0662785 -0.0662785
-1.32222 1.07647 -1.07647
-1.32222 0.00319234 -0.00319234
-1.32222 0.581008 -0.581008
-1.29298 0.510226 -0.510226
-1.29298 0.0392832 -0.0392832
-1.28586 0.012108 -0.012108
-1.28586 0.356148 -0.356148
-1.25133 0.962029 -0.962029
-1.23892 0.184228 -0.184228
-1.23526 0.23406 -0.23406
-1.22159 0.185718 -0.185718
-1.19832 0.256904 -0.256904
-1.19832 1.14486 -1.14486
-1.19832 0.001448 -0.001448
-1.18909 1.18133 -1.18133
-1.16274 0.333743 -0.333743
-1.16274 0.00364306 -0.00364306
-1.16003 0.625465 -0.625465
-1.11767 0.716615 -0.716615
-1.11319 0.259977 -0.259977
-1.1127 0.213064 -0.213064
-1.10052 0.0519125 -0.0519125
-1.07548 0.59817 -0.59817
-1.04188 0.822657 -0.822657
-1.04188 1.29466 -1.29466
-1.03767 0.00863691 -0.00863691
-1.03767 0.0763694 -0.0763694
-0.992952 0.546221 -0.546221
-0.992952 0.702873 -0.702873
-0.971673 1.36388 -1.36388
-0.971673 0.0493197 -0.0493197
-0.971673 0.354256 -0.354256
-0.94894 1.30791 -1.30791
-0.91324 0.817239 -0.817239
-0.91324 0.153306 -0.153306
-0.908417 1.11335 -1.11335
-0.866839 0.0838228 -0.0838228
-0.854446 1.52623 -1.52623
-0.834729 0.512698 -0.512698
-0.834729 1.35863 -1.35863
-0.783354 0.756841 -0.756841
-0.781339 1.50055 -1.50055
-0.781339 1.22772 -1.22772
-0.720439 1.36201 -1.36201
-0.68192 1.59026 -1.59026
-0.68192 1.70576 -1.70576
