-5.17887 2.82259e-18 -2.82259e-18
-5.10208 1.29975e-16 -1.29975e-16
-5.08402 1.95863e-15 -1.95863e-15
-5.02662 3.11616e-16 -3.11616e-16
-5.00898 1.61803e-15 -1.61803e-15
-4.99045 2.82768e-15 -2.82768e-15
-4.9525 2.13914e-16 -2.13914e-16
-4.9353 4.83486e-16 -4.83486e-16
-4.91717 4.05279e-15 -4.05279e-15
-4.89819 9.86878e-17 -9.86878e-17
-4.87974 5.02985e-17 -5.02985e-17
-4.86299 5.04604e-16 -5.04604e-16
-4.84527 1.04823e-15 -1.04823e-15
-4.82667 2.09993e-16 -2.09993e-16
-4.80835 3.25546e-17 -3.25546e-17
-4.80724 2.12188e-16 -2.12188e-16
-4.79206 8.65777e-17 -8.65777e-17
-4.77477 1.89797e-17 -1.89797e-17
-4.75655 3.24021e-16 -3.24021e-16
-4.73834 6.93888e-17 -6.93888e-17
-4.73748 6.84699e-16 -6.84699e-16
-4.72253 1.06388e-15 -1.06388e-15
-4.71761 1.93257e-16 -1.93257e-16
-4.70567 3.57303e-16 -3.57303e-16
-4.68786 5.28854e-16 -5.28854e-16
-4.66972 1.28028e-16 -1.28028e-16
-4.66915 1.3514e-16 -1.3514e-16
-4.65441 1.0597e-15 -1.0597e-15
-4.64962 5.86036e-16 -5.86036e-16
-4.638 1.30593e-16 -1.30593e-16
-4.6293 3.36884e-16 -3.36884e-16
-4.6206 6.94163e-16 -6.94163e-16
-4.60251 9.6773e-17 -9.6773e-17
-4.60227 9.92742e-16 -9.92742e-16
-4.58773 1.76836e-15 -1.76836e-15
-4.58309 7.6253e-16 -7.6253e-16
-4.57178 1.53658e-15 -1.53658e-15
-4.56309 6.66436e-16 -6.66436e-16
-4.5548 1.16734e-15 -1.16734e-15
-4.54233 6.80138e-17 -6.80138e-17
-4.53686 2.74791e-16 -2.74791e-16
-4.53673 1.72855e-17 -1.72855e-17
-4.5225 2.92991e-16 -2.92991e-16
-4.51803 7.31901e-15 -7.31901e-15
-4.50704 1.02195e-15 -1.02195e-15
-4.49836 1.44054e-15 -1.44054e-15
-4.49048 1.75802e-15 -1.75802e-15
-4.47791 2.95695e-16 -2.95695e-16
-4.47293 3.01839e-16 -3.01839e-16
-4.4724 1.07865e-16 -1.07865e-16
-4.45875 5.00501e-16 -5.00501e-16
-4.4567 2.02941e-16 -2.02941e-16
-4.45447 1.64986e-15 -1.64986e-15
-4.44379 9.32623e-16 -9.32623e-16
-4.43514 4.74554e-15 -4.74554e-15
-4.42767 1.43314e-15 -1.43314e-15
-4.415 8.35301e-16 -8.35301e-16
-4.41053 1.8647e-16 -1.8647e-16
-4.40954 2.85704e-17 -2.85704e-17
-4.39651 2.57817e-16 -2.57817e-16
-4.39409 2.19708e-16 -2.19708e-16
-4.39243 4.97572e-16 -4.97572e-16
-4.38206 8.67172e-16 -8.67172e-16
-4.37345 2.01628e-16 -2.01628e-16
-4.37244 2.47995e-16 -2.47995e-16
-4.36641 1.69865e-15 -1.69865e-15
-4.35363 4.8758e-16 -4.8758e-16
-4.34968 8.38424e-16 -8.38424e-16
-4.34819 6.54928e-17 -6.54928e-17
-4.3358 1.06929e-15 -1.06929e-15
-4.33302 5.66824e-16 -5.66824e-16
-4.33196 1.32408e-15 -1.32408e-15
-4.3219 6.70948e-16 -6.70948e-16
-4.31333 1.46923e-15 -1.46923e-15
-4.31165 4.90735e-17 -4.90735e-17
-4.30672 6.99952e-16 -6.99952e-16
-4.29384 1.00057e-19 -1.00057e-19
-4.29042 3.31714e-16 -3.31714e-16
-4.28956 2.24473e-17 -2.24473e-17
-4.28836 6.26631e-17 -6.26631e-17
-4.27668 4.6832e-16 -4.6832e-16
-4.27353 3.50424e-16 -3.50424e-16
-4.27309 3.08623e-15 -3.08623e-15
-4.26333 1.63191e-15 -1.63191e-15
-4.25481 6.50769e-16 -6.50769e-16
-4.25244 7.24159e-16 -7.24159e-16
-4.24865 2.21409e-16 -2.21409e-16
-4.23565 2.55634e-16 -2.55634e-16
-4.23278 1.52975e-15 -1.52975e-15
-4.23061 4.75124e-16 -4.75124e-16
-4.23011 9.13072e-17 -9.13072e-17
-4.21917 1.50334e-15 -1.50334e-15
-4.21585 1.56548e-15 -1.56548e-15
-4.21565 5.43527e-16 -5.43527e-16
-4.20806 4.46474e-16 -4.46474e-16
-4.20642 1.07262e-15 -1.07262e-15
-4.19794 2.21824e-15 -2.21824e-15
-4.19485 7.07742e-16 -7.07742e-16
-4.19224 4.50144e-15 -4.50144e-15
-4.17912 3.17726e-16 -3.17726e-16
-4.17683 2.91693e-15 -2.91693e-15
-4.17347 9.43543e-16 -9.43543e-16
-4.17328 3.02151e-16 -3.02151e-16
-4.16334 5.36484e-15 -5.36484e-15
-4.16031 1.51693e-15 -1.51693e-15
-4.15943 2.19212e-15 -2.19212e-15
-4.15121 1.9114e-14 -1.9114e-14
-4.15098 1.36091e-15 -1.36091e-15
-4.14278 6.98201e-15 -6.98201e-15
-4.13892 1.67922e-15 -1.67922e-15
-4.13756 5.46238e-14 -5.46238e-14
-4.12798 1.62069e-15 -1.62069e-15
-4.1243 8.61839e-16 -8.61839e-16
-4.12261 1.13965e-13 -1.13965e-13
-4.1185 6.29451e-14 -6.29451e-14
-4.11762 1.35962e-16 -1.35962e-16
-4.10926 4.62956e-13 -4.62956e-13
-4.10651 1.68523e-13 -1.68523e-13
-4.10493 1.03394e-15 -1.03394e-15
-4.09777 1.66969e-12 -1.66969e-12
-4.09557 3.15711e-16 -3.15711e-16
-4.08937 2.68651e-13 -2.68651e-13
-4.08472 7.16739e-14 -7.16739e-14
-4.08467 4.44621e-12 -4.44621e-12
-4.07279 3.60145e-16 -3.60145e-16
-4.07125 4.41962e-13 -4.41962e-13
-4.07021 1.02062e-11 -1.02062e-11
-4.06526 4.87481e-12 -4.87481e-12
-4.06369 3.17859e-15 -3.17859e-15
-4.05701 3.53437e-11 -3.53437e-11
-4.05454 1.52987e-11 -1.52987e-11
-4.05221 4.06352e-13 -4.06352e-13
-4.04932 3.37857e-16 -3.37857e-16
-4.04618 1.19962e-10 -1.19962e-10
-4.04189 5.80205e-16 -5.80205e-16
-4.0378 2.87272e-11 -2.87272e-11
-4.03365 3.25229e-10 -3.25229e-10
-4.0323 3.23178e-13 -3.23178e-13
-4.02005 8.06464e-11 -8.06464e-11
-4.01971 7.93158e-10 -7.93158e-10
-4.01935 4.50619e-16 -4.50619e-16
-4.01385 3.27998e-10 -3.27998e-10
-4.01156 5.41083e-13 -5.41083e-13
-4.00672 2.33551e-09 -2.33551e-09
-4.00447 1.07634e-09 -1.07634e-09
-4.00136 5.98798e-11 -5.98798e-11
-3.99656 7.10592e-09 -7.10592e-09
-3.99608 6.16154e-16 -6.16154e-16
-3.99003 7.96069e-13 -7.96069e-13
-3.98817 2.42973e-09 -2.42973e-09
-3.98463 1.90943e-08 -1.90943e-08
-3.98177 6.44606e-11 -6.44606e-11
-3.97213 1.39144e-15 -1.39144e-15
-3.97122 4.18167e-08 -4.18167e-08
-3.9708 3.06295e-10 -3.06295e-10
-3.96772 6.31874e-13 -6.31874e-13
-3.9644 1.90757e-08 -1.90757e-08
-3.96133 1.29801e-10 -1.29801e-10
-3.95856 1.33185e-07 -1.33185e-07
-3.95641 5.59357e-08 -5.59357e-08
-3.95247 7.45803e-09 -7.45803e-09
-3.94902 3.42122e-07 -3.42122e-07
-3.94467 1.51216e-12 -1.51216e-12
-3.94057 1.64313e-07 -1.64313e-07
-3.94007 1.23539e-10 -1.23539e-10
-3.93774 9.04778e-07 -9.04778e-07
-3.93321 9.3817e-09 -9.3817e-09
-3.92491 2.07617e-06 -2.07617e-06
-3.92362 1.87792e-07 -1.87792e-07
-3.9209 2.7498e-12 -2.7498e-12
-3.91804 4.61195e-10 -4.61195e-10
-3.91709 9.50056e-07 -9.50056e-07
-3.9131 3.65825e-08 -3.65825e-08
-3.9128 6.30421e-06 -6.30421e-06
-3.91045 2.07569e-06 -2.07569e-06
-3.90568 9.3887e-07 -9.3887e-07
-3.90374 1.28278e-05 -1.28278e-05
-3.89645 6.87235e-11 -6.87235e-11
-3.89527 1.69422e-08 -1.69422e-08
-3.89517 9.01705e-06 -9.01705e-06
-3.89318 3.44713e-05 -3.44713e-05
-3.89215 2.20716e-08 -2.20716e-08
-3.88677 1.1102e-06 -1.1102e-06
-3.88102 7.80218e-05 -7.80218e-05
-3.87867 1.3551e-05 -1.3551e-05
-3.87229 3.80807e-05 -3.80807e-05
-3.87192 5.68338e-08 -5.68338e-08
-3.87038 4.71798e-07 -4.71798e-07
-3.86986 0.000220379 -0.000220379
-3.86697 1.03074e-05 -1.03074e-05
-3.86676 6.26822e-05 -6.26822e-05
-3.86144 0.000282705 -0.000282705
-3.86068 0.000140242 -0.000140242
-3.85217 0.000523692 -0.000523692
-3.85129 0.00118461 -0.00118461
-3.84888 1.3488e-06 -1.3488e-06
-3.84721 1.95204e-06 -1.95204e-06
-3.8461 9.92744e-06 -9.92744e-06
-3.84247 0.000116342 -0.000116342
-3.84025 0.00227046 -0.00227046
-3.83613 0.000860451 -0.000860451
-3.83086 0.0030882 -0.0030882
-3.83021 0.00016976 -0.00016976
-3.82724 0.000134571 -0.000134571
-3.82554 0.000960808 -0.000960808
-3.82456 0.000250294 -0.000250294
-3.82296 0.00125215 -0.00125215
-3.82216 0.000216866 -0.000216866
-3.82183 0.0070262 -0.0070262
-3.81845 0.00026402 -0.00026402
-3.81239 0.0102763 -0.0102763
-3.81222 8.06164e-07 -8.06164e-07
-3.80692 0.000589725 -0.000589725
-3.80312 0.0120177 -0.0120177
-3.80312 0.00894036 -0.00894036
-3.80035 0.00341191 -0.00341191
-3.79906 0.00703437 -0.00703437
-3.79906 0.013758 -0.013758
-3.79477 0.0018803 -0.0018803
-3.79296 0.00340507 -0.00340507
-3.79029 0.0121601 -0.0121601
-3.78695 0.00831636 -0.00831636
-3.78277 0.0195005 -0.0195005
-3.78277 0.00327165 -0.00327165
-3.77941 0.0233167 -0.0233167
-3.77941 0.00058865 -0.00058865
-3.77726 0.000384816 -0.000384816
-3.7748 1.21904e-05 -1.21904e-05
-3.7745 0.00386176 -0.00386176
-3.77074 0.0067391 -0.0067391
-3.77039 0.0193476 -0.0193476
-3.76379 0.00279415 -0.00279415
-3.76304 0.0158128 -0.0158128
-3.75897 0.00289777 -0.00289777
-3.75719 0.0102645 -0.0102645
-3.75534 0.00169112 -0.00169112
-3.75362 0.0124186 -0.0124186
-3.75362 6.92569e-05 -6.92569e-05
-3.75125 0.00414773 -0.00414773
-3.7495 1.7906e-07 -1.7906e-07
-3.74687 0.0139783 -0.0139783
-3.74687 0.00614526 -0.00614526
-3.74141 0.0251359 -0.0251359
-3.74141 0.0208785 -0.0208785
-3.74141 0.000392657 -0.000392657
-3.7359 0.00592551 -0.00592551
-3.73339 0.0054899 -0.0054899
-3.73339 0.0033082 -0.0033082
-3.73065 0.000407541 -0.000407541
-3.72957 8.23546e-06 -8.23546e-06
-3.72741 0.0145208 -0.0145208
-3.721 0.0235417 -0.0235417
-3.721 0.00775218 -0.00775218
-3.721 0.000561136 -0.000561136
-3.71658 0.00840285 -0.00840285
-3.71552 0.0318762 -0.0318762
-3.71323 0.00268333 -0.00268333
-3.71034 0.000624897 -0.000624897
-3.71034 0.00820058 -0.00820058
-3.71034 0.0124419 -0.0124419
-3.70441 0.00196963 -0.00196963
-3.70441 2.2055e-07 -2.2055e-07
-3.70441 0.00132734 -0.00132734
-3.70045 0.00688948 -0.00688948
-3.69844 0.0145367 -0.0145367
-3.69844 0.00320604 -0.00320604
-3.69248 0.0184534 -0.0184534
-3.69208 0.0120997 -0.0120997
-3.69208 0.0410747 -0.0410747
-3.68674 0.00448547 -0.00448547
-3.68644 4.72857e-06 -4.72857e-06
-3.68256 0.0010689 -0.0010689
-3.68256 0.0150425 -0.0150425
-3.68016 0.031924 -0.031924
-3.68016 0.00576184 -0.00576184
-3.67846 5.17573e-11 -5.17573e-11
-3.67492 0.0048092 -0.0048092
-3.67471 0.00489605 -0.00489605
-3.6696 0.00480143 -0.00480143
-3.6696 0.00424666 -0.00424666
-3.6696 1.18109e-05 -1.18109e-05
-3.66442 0.021496 -0.021496
-3.66284 0.00230742 -0.00230742
-3.66144 0.00487136 -0.00487136
-3.66144 1.11755e-09 -1.11755e-09
-3.65797 0.00293333 -0.00293333
-3.65797 0.0666746 -0.0666746
-3.65431 0.00160054 -0.00160054
-3.65407 0.00113235 -0.00113235
-3.6496 0.00138841 -0.00138841
-3.64568 0.00311203 -0.00311203
-3.64568 9.31558e-06 -9.31558e-06
-3.64568 0.0325948 -0.0325948
-3.6443 0.00397173 -0.00397173
-3.64319 1.07593e-05 -1.07593e-05
-3.63996 0.000467075 -0.000467075
-3.63563 0.00137501 -0.00137501
-3.63563 1.202e-10 -1.202e-10
-3.6332 0.000273491 -0.000273491
-3.63319 0.0283457 -0.0283457
-3.63142 8.05124e-05 -8.05124e-05
-3.63113 0.00289329 -0.00289329
-3.62506 0.0180193 -0.0180193
-3.62323 0.00787296 -0.00787296
-3.62202 0.00207517 -0.00207517
-3.6208 0.0843048 -0.0843048
-3.6208 2.71874e-05 -2.71874e-05
-3.61935 7.00843e-05 -7.00843e-05
-3.61441 0.00410226 -0.00410226
-3.61174 0.0343596 -0.0343596
-3.61046 0.000157215 -0.000157215
-3.60906 9.87698e-11 -9.87698e-11
-3.60906 0.0714654 -0.0714654
-3.60757 0.00293477 -0.00293477
-3.60757 2.15103e-06 -2.15103e-06
-3.60328 0.0408659 -0.0408659
-3.60328 0.00340161 -0.00340161
-3.59956 0.0369309 -0.0369309
-3.59956 0.0168657 -0.0168657
-3.59643 0.000667716 -0.000667716
-3.5951 3.53493e-09 -3.53493e-09
-3.59065 0.00117508 -0.00117508
-3.59065 0.0287301 -0.0287301
-3.58825 0.0099576 -0.0099576
-3.58824 0.0293934 -0.0293934
-3.58378 0.0928523 -0.0928523
-3.58279 3.63215e-06 -3.63215e-06
-3.58279 0.00881162 -0.00881162
-3.57781 0.00269007 -0.00269007
-3.57781 0.0694158 -0.0694158
-3.57391 0.0125364 -0.0125364
-3.57263 0.000474965 -0.000474965
-3.57263 0.0931084 -0.0931084
-3.5694 0.00644082 -0.00644082
-3.56862 2.50177e-09 -2.50177e-09
-3.56559 0.0120583 -0.0120583
-3.56559 0.0125752 -0.0125752
-3.56559 0.0051017 -0.0051017
-3.56559 0.0407459 -0.0407459
-3.5607 0.00189983 -0.00189983
-3.55883 0.00362003 -0.00362003
-3.55717 2.15596e-06 -2.15596e-06
-3.55693 0.0193853 -0.0193853
-3.54928 0.0148789 -0.0148789
-3.54791 0.000954018 -0.000954018
-3.54791 0.00822212 -0.00822212
-3.54563 0.0594792 -0.0594792
-3.54563 0.0187936 -0.0187936
-3.5419 0.00692766 -0.00692766
-3.5414 8.90618e-09 -8.90618e-09
-3.5414 0.0113434 -0.0113434
-3.53918 0.0419818 -0.0419818
-3.53748 0.0430205 -0.0430205
-3.53419 0.00227881 -0.00227881
-3.53419 0.0896423 -0.0896423
-3.53203 0.00766499 -0.00766499
-3.53073 3.71107e-07 -3.71107e-07
-3.53073 0.0162531 -0.0162531
-3.52511 0.0191354 -0.0191354
-3.52511 0.0436116 -0.0436116
-3.52257 0.00464452 -0.00464452
-3.52227 0.00142564 -0.00142564
-3.52079 0.0109029 -0.0109029
-3.51807 0.00116386 -0.00116386
-3.51713 0.0210043 -0.0210043
-3.51433 0.0153313 -0.0153313
-3.51209 0.00411778 -0.00411778
-3.50849 0.00204536 -0.00204536
-3.5068 0.0936098 -0.0936098
-3.50352 0.0300839 -0.0300839
-3.50352 5.22231e-07 -5.22231e-07
-3.50352 0.00193392 -0.00193392
-3.50006 0.012135 -0.012135
-3.49826 0.0414956 -0.0414956
-3.49584 0.000132802 -0.000132802
-3.49584 9.25553e-05 -9.25553e-05
-3.49584 0.0149513 -0.0149513
-3.49584 0.0844844 -0.0844844
-3.4914 0.000486302 -0.000486302
-3.4914 0.0391816 -0.0391816
-3.4914 0.000104101 -0.000104101
-3.48653 0.00472593 -0.00472593
-3.48653 0.00598205 -0.00598205
-3.48234 0.0194852 -0.0194852
-3.48111 0.0454678 -0.0454678
-3.4763 0.00676101 -0.00676101
-3.47556 1.96396e-08 -1.96396e-08
-3.4747 0.00440014 -0.00440014
-3.47127 0.00927052 -0.00927052
-3.47022 0.0396063 -0.0396063
-3.46855 0.00285224 -0.00285224
-3.46855 0.080204 -0.080204
-3.46673 0.020586 -0.020586
-3.46462 0.00424249 -0.00424249
-3.46462 0.0153402 -0.0153402
-3.46128 0.0158656 -0.0158656
-3.46128 0.0052164 -0.0052164
-3.4601 0.0213422 -0.0213422
-3.45416 0.067628 -0.067628
-3.45416 0.0338915 -0.0338915
-3.4511 0.0146171 -0.0146171
-3.4511 0.0443611 -0.0443611
-3.45041 0.029797 -0.029797
-3.44856 7.70263e-05 -7.70263e-05
-3.44458 0.0153893 -0.0153893
-3.44052 0.00132102 -0.00132102
-3.44052 0.00914081 -0.00914081
-3.44052 0.0195288 -0.0195288
-3.44006 0.0088232 -0.0088232
-3.43729 0.001775 -0.001775
-3.43652 0.0174471 -0.0174471
-3.43652 0.000861077 -0.000861077
-3.43223 0.0148409 -0.0148409
-3.43223 0.0472404 -0.0472404
-3.42663 0.000606347 -0.000606347
-3.42663 0.0378951 -0.0378951
-3.42353 0.0547718 -0.0547718
-3.42353 0.0180745 -0.0180745
-3.42137 0.0112816 -0.0112816
-3.41898 0.0242662 -0.0242662
-3.41898 0.0152001 -0.0152001
-3.41416 0.0488046 -0.0488046
-3.41299 0.0147378 -0.0147378
-3.41169 0.014245 -0.014245
-3.41169 0.000320162 -0.000320162
-3.41162 0.00251199 -0.00251199
-3.40895 0.000605754 -0.000605754
-3.40783 0.04441 -0.04441
-3.40783 0.0123706 -0.0123706
-3.40572 0.0343814 -0.0343814
-3.40234 0.0480624 -0.0480624
-3.3979 0.00290386 -0.00290386
-3.39785 0.00829736 -0.00829736
-3.39616 0.00729975 -0.00729975
-3.39291 0.0364609 -0.0364609
-3.39198 0.0034203 -0.0034203
-3.39198 0.0347023 -0.0347023
-3.38591 0.0149157 -0.0149157
-3.38591 0.0332685 -0.0332685
-3.38503 0.00791024 -0.00791024
-3.38259 0.00518776 -0.00518776
-3.37987 0.0134414 -0.0134414
-3.37987 0.000527902 -0.000527902
-3.37987 5.45719e-06 -5.45719e-06
-3.37957 0.0141819 -0.0141819
-3.37776 0.0277317 -0.0277317
-3.37776 0.0872822 -0.0872822
-3.37224 0.00414566 -0.00414566
-3.37208 0.0143162 -0.0143162
-3.37208 0.000984034 -0.000984034
-3.36539 0.0145741 -0.0145741
-3.36539 0.0637487 -0.0637487
-3.36256 0.00384614 -0.00384614
-3.36212 0.000985998 -0.000985998
-3.35959 0.00403938 -0.00403938
-3.35758 0.00274584 -0.00274584
-3.35593 0.0154076 -0.0154076
-3.35329 0.0177654 -0.0177654
-3.35329 1.56273e-05 -1.56273e-05
-3.35 3.01354e-05 -3.01354e-05
-3.34963 0.0341493 -0.0341493
-3.34963 0.0706159 -0.0706159
-3.34698 0.0167741 -0.0167741
-3.34599 0.0344095 -0.0344095
-3.34472 0.00301498 -0.00301498
-3.34343 0.0143505 -0.0143505
-3.34343 0.0326978 -0.0326978
-3.33841 0.00525621 -0.00525621
-3.33841 0.0442929 -0.0442929
-3.33492 0.0115774 -0.0115774
-3.33492 0.0371874 -0.0371874
-3.33178 0.0038765 -0.0038765
-3.33178 0.00218295 -0.00218295
-3.32796 0.0242365 -0.0242365
-3.32796 0.00226495 -0.00226495
-3.32569 0.00457671 -0.00457671
-3.32223 0.00319694 -0.00319694
-3.32223 0.0196332 -0.0196332
-3.31988 0.00375555 -0.00375555
-3.31863 0.0116075 -0.0116075
-3.31673 0.0125703 -0.0125703
-3.31673 0.0137183 -0.0137183
-3.3127 0.0105814 -0.0105814
-3.31179 0.0626449 -0.0626449
-3.30971 0.0123124 -0.0123124
-3.30716 0.0740125 -0.0740125
-3.30406 0.00998504 -0.00998504
-3.30302 0.000593397 -0.000593397
-3.30302 0.00593633 -0.00593633
-3.30207 0.0448641 -0.0448641
-3.29946 0.0344268 -0.0344268
-3.29723 0.0168313 -0.0168313
-3.29723 0.00353837 -0.00353837
-3.29448 0.0468871 -0.0468871
-3.29448 0.027974 -0.027974
-3.29086 0.00073293 -0.00073293
-3.29086 0.0360509 -0.0360509
-3.28941 0.0345041 -0.0345041
-3.28941 0.0426134 -0.0426134
-3.28551 0.00443142 -0.00443142
-3.28344 0.00197684 -0.00197684
-3.28217 0.0123205 -0.0123205
-3.27897 0.00290302 -0.00290302
-3.27783 0.00591671 -0.00591671
-3.27783 0.000346953 -0.000346953
-3.27587 0.0380762 -0.0380762
-3.2731 0.0534771 -0.0534771
-3.27195 0.0166867 -0.0166867
-3.26872 0.00194242 -0.00194242
-3.26872 0.0129868 -0.0129868
-3.26787 0.0421618 -0.0421618
-3.26596 0.0557039 -0.0557039
-3.26223 0.020939 -0.020939
-3.26223 0.0318511 -0.0318511
-3.26117 0.0194424 -0.0194424
-3.25977 0.0262749 -0.0262749
-3.25758 0.0639523 -0.0639523
-3.25418 0.0487545 -0.0487545
-3.25418 0.0260123 -0.0260123
-3.25124 0.000755556 -0.000755556
-3.25124 0.0199883 -0.0199883
-3.24968 0.0122985 -0.0122985
-3.24599 0.00993356 -0.00993356
-3.24599 0.0131356 -0.0131356
-3.24258 0.0230842 -0.0230842
-3.24258 0.0144372 -0.0144372
-3.23877 0.0216684 -0.0216684
-3.23835 0.0256206 -0.0256206
-3.23535 0.0118871 -0.0118871
-3.23535 0.0246511 -0.0246511
-3.2338 0.0141435 -0.0141435
-3.2338 0.0491468 -0.0491468
-3.22799 0.0108888 -0.0108888
-3.22799 0.0590131 -0.0590131
-3.22799 0.00138982 -0.00138982
-3.22505 0.025127 -0.025127
-3.22505 0.0230034 -0.0230034
-3.22334 0.0591916 -0.0591916
-3.22198 0.00565211 -0.00565211
-3.21874 0.0205459 -0.0205459
-3.21874 0.00467114 -0.00467114
-3.21608 0.026194 -0.026194
-3.21608 0.0123951 -0.0123951
-3.21321 0.00288517 -0.00288517
-3.21055 0.0460805 -0.0460805
-3.21055 0.0183058 -0.0183058
-3.2077 9.40466e-05 -9.40466e-05
-3.20698 0.00703569 -0.00703569
-3.20413 0.0198982 -0.0198982
-3.20413 0.0030602 -0.0030602
-3.19964 0.0146314 -0.0146314
-3.19875 0.0193709 -0.0193709
-3.19875 0.0419709 -0.0419709
-3.19518 0.0137479 -0.0137479
-3.19323 0.0255559 -0.0255559
-3.19323 0.0139 -0.0139
-3.19007 0.00652582 -0.00652582
-3.18814 0.0214859 -0.0214859
-3.18704 0.00356475 -0.00356475
-3.18383 0.00809042 -0.00809042
-3.18383 0.0259785 -0.0259785
-3.18305 0.0154526 -0.0154526
-3.18033 0.0126806 -0.0126806
-3.18032 0.0308002 -0.0308002
-3.1773 0.0742024 -0.0742024
-3.1773 0.00170508 -0.00170508
-3.1773 0.064452 -0.064452
-3.17542 0.0154075 -0.0154075
-3.17196 0.0043993 -0.0043993
-3.17196 0.0317244 -0.0317244
-3.16882 0.000664883 -0.000664883
-3.16577 0.0088414 -0.0088414
-3.16577 0.0442646 -0.0442646
-3.16484 0.0119344 -0.0119344
-3.16197 0.0144212 -0.0144212
-3.16175 0.00891335 -0.00891335
-3.1591 0.0285551 -0.0285551
-3.15822 0.0108135 -0.0108135
-3.1559 0.0146613 -0.0146613
-3.15527 0.0159617 -0.0159617
-3.15218 0.0331166 -0.0331166
-3.14924 0.0144763 -0.0144763
-3.14924 0.000179218 -0.000179218
-3.14731 0.00991521 -0.00991521
-3.14693 0.0460102 -0.0460102
-3.14344 0.0248614 -0.0248614
-3.14344 0.0484307 -0.0484307
-3.14084 0.00236255 -0.00236255
-3.14084 0.0338434 -0.0338434
-3.13605 0.00902535 -0.00902535
-3.13605 0.0122986 -0.0122986
-3.13368 0.0115613 -0.0115613
-3.13274 0.00395405 -0.00395405
-3.13274 0.00105208 -0.00105208
-3.12915 0.0365574 -0.0365574
-3.12801 0.0148573 -0.0148573
-3.12788 0.0400151 -0.0400151
-3.12788 0.0408562 -0.0408562
-3.12444 0.0483275 -0.0483275
-3.11912 0.0116939 -0.0116939
-3.11912 0.100936 -0.100936
-3.11912 0.0152871 -0.0152871
-3.1176 0.0107136 -0.0107136
-3.1151 0.0263123 -0.0263123
-3.1151 0.0264744 -0.0264744
-3.11142 0.0292821 -0.0292821
-3.1106 0.0201028 -0.0201028
-3.1106 0.0425854 -0.0425854
-3.10694 0.0121996 -0.0121996
-3.10549 0.0132961 -0.0132961
-3.10549 0.0110164 -0.0110164
-3.10133 0.0213531 -0.0213531
-3.10097 0.0619898 -0.0619898
-3.10097 0.0193017 -0.0193017
-3.10097 0.0105504 -0.0105504
-3.09733 0.0247545 -0.0247545
-3.09429 0.0228524 -0.0228524
-3.09429 0.0339243 -0.0339243
-3.09156 0.0238882 -0.0238882
-3.08983 0.00738929 -0.00738929
-3.08983 0.0239975 -0.0239975
-3.08612 0.000941321 -0.000941321
-3.08612 0.031861 -0.031861
-3.08504 0.00756081 -0.00756081
-3.08376 0.00695508 -0.00695508
-3.07993 0.0744366 -0.0744366
-3.07928 0.020097 -0.020097
-3.07728 0.00642117 -0.00642117
-3.07461 0.0121633 -0.0121633
-3.07194 0.00273938 -0.00273938
-3.07194 0.0277448 -0.0277448
-3.07194 0.00833499 -0.00833499
-3.06854 0.000651089 -0.000651089
-3.06854 0.0454326 -0.0454326
-3.06715 0.0391029 -0.0391029
-3.06459 0.093782 -0.093782
-3.06243 0.0319212 -0.0319212
-3.06106 0.0473319 -0.0473319
-3.05956 0.0131442 -0.0131442
-3.05864 0.00945056 -0.00945056
-3.055 0.0186216 -0.0186216
-3.0548 0.0191453 -0.0191453
-3.0548 0.0381354 -0.0381354
-3.05262 0.0475667 -0.0475667
-3.0501 0.0312191 -0.0312191
-3.0501 0.0410142 -0.0410142
-3.04798 0.0109715 -0.0109715
-3.04525 0.0189784 -0.0189784
-3.04525 0.0423815 -0.0423815
-3.04367 0.0324429 -0.0324429
-3.03914 0.0511459 -0.0511459
-3.03914 0.0143957 -0.0143957
-3.03784 0.00588015 -0.00588015
-3.03784 0.031809 -0.031809
-3.03422 0.0134387 -0.0134387
-3.03293 0.0308868 -0.0308868
-3.03068 0.017306 -0.017306
-3.03007 0.0174362 -0.0174362
-3.02754 0.0566944 -0.0566944
-3.02754 0.0625289 -0.0625289
-3.02486 0.0171349 -0.0171349
-3.02332 0.118588 -0.118588
-3.02208 0.00376047 -0.00376047
-3.019 0.04142 -0.04142
-3.01856 0.0254563 -0.0254563
-3.01723 0.0123167 -0.0123167
-3.01589 0.0150846 -0.0150846
-3.01589 0.0135743 -0.0135743
-3.01235 0.0489163 -0.0489163
-3.01137 0.0453632 -0.0453632
-3.01137 0.053886 -0.053886
-3.00826 0.108229 -0.108229
-3.00577 0.0439148 -0.0439148
-3.00405 0.0217917 -0.0217917
-3.00405 0.00526358 -0.00526358
-3.00337 0.0316794 -0.0316794
-3.00099 0.0242524 -0.0242524
-2.99968 0.0306416 -0.0306416
-2.99753 0.00648786 -0.00648786
-2.99551 0.0325604 -0.0325604
-2.99287 0.0619654 -0.0619654
-2.99261 0.0136155 -0.0136155
-2.99 0.0395827 -0.0395827
-2.98872 0.0562382 -0.0562382
-2.98684 0.0423897 -0.0423897
-2.98481 0.0355146 -0.0355146
-2.98481 0.0274649 -0.0274649
-2.98381 0.034213 -0.034213
-2.9801 0.0315986 -0.0315986
-2.9801 0.0595465 -0.0595465
-2.97793 0.00887016 -0.00887016
-2.97675 0.0375421 -0.0375421
-2.97394 0.00703588 -0.00703588
-2.97394 0.0297298 -0.0297298
-2.97234 0.00407643 -0.00407643
-2.9716 0.020545 -0.020545
-2.96922 0.0168447 -0.0168447
-2.96771 0.0563756 -0.0563756
-2.96563 0.0290107 -0.0290107
-2.9638 0.0801814 -0.0801814
-2.96194 0.0419656 -0.0419656
-2.96194 0.0365663 -0.0365663
-2.95861 0.0647844 -0.0647844
-2.95708 0.0502937 -0.0502937
-2.95674 0.00503602 -0.00503602
-2.9543 0.0111189 -0.0111189
-2.95261 0.00456452 -0.00456452
-2.95261 0.0558619 -0.0558619
-2.94917 0.0232752 -0.0232752
-2.94917 0.0768984 -0.0768984
-2.94765 0.0267695 -0.0267695
-2.94604 0.00825931 -0.00825931
-2.94423 0.0120734 -0.0120734
-2.94423 0.0777527 -0.0777527
-2.93989 0.0508737 -0.0508737
-2.93989 0.0579444 -0.0579444
-2.93727 0.0322863 -0.0322863
-2.93727 0.00816895 -0.00816895
-2.93618 0.0327733 -0.0327733
-2.9344 0.0432183 -0.0432183
-2.93041 0.0152844 -0.0152844
-2.93041 0.0307391 -0.0307391
-2.92851 0.0946151 -0.0946151
-2.92851 0.0518004 -0.0518004
-2.92599 0.0083057 -0.0083057
-2.92425 0.0236148 -0.0236148
-2.92237 0.0153008 -0.0153008
-2.92237 0.0098513 -0.0098513
-2.9198 0.0374069 -0.0374069
-2.91913 0.00376988 -0.00376988
-2.91638 0.0651404 -0.0651404
-2.91391 0.027546 -0.027546
-2.91288 0.0208133 -0.0208133
-2.912 0.0379297 -0.0379297
-2.90849 0.0183975 -0.0183975
-2.90849 0.0466528 -0.0466528
-2.90703 0.0134855 -0.0134855
-2.90703 0.0399746 -0.0399746
-2.90286 0.0577278 -0.0577278
-2.90286 0.0250918 -0.0250918
-2.90072 0.00275522 -0.00275522
-2.8972 0.0443473 -0.0443473
-2.89695 0.0552734 -0.0552734
-2.89588 0.0140396 -0.0140396
-2.89516 0.018801 -0.018801
-2.89143 0.00229693 -0.00229693
-2.89143 0.0442309 -0.0442309
-2.89015 0.0150302 -0.0150302
-2.88715 0.0282368 -0.0282368
-2.88715 0.0505931 -0.0505931
-2.88647 0.05049 -0.05049
-2.88265 0.00401096 -0.00401096
-2.88039 0.00426573 -0.00426573
-2.88039 0.0223661 -0.0223661
-2.8799 0.0393677 -0.0393677
-2.87793 0.0496188 -0.0496188
-2.87667 0.00649995 -0.00649995
-2.87547 0.0217189 -0.0217189
-2.87404 0.00677221 -0.00677221
-2.87063 0.014686 -0.014686
-2.86895 0.0280182 -0.0280182
-2.86895 0.0907583 -0.0907583
-2.86697 0.0153776 -0.0153776
-2.86502 0.0242882 -0.0242882
-2.86366 0.0182631 -0.0182631
-2.86366 0.00665386 -0.00665386
-2.86117 0.0352989 -0.0352989
-2.8602 0.0283467 -0.0283467
-2.85642 0.0317295 -0.0317295
-2.85642 0.0205883 -0.0205883
-2.85552 0.0096838 -0.0096838
-2.85342 0.0356292 -0.0356292
-2.85224 0.0581234 -0.0581234
-2.85019 0.0267357 -0.0267357
-2.84895 0.00724886 -0.00724886
-2.84803 0.0219036 -0.0219036
-2.84435 0.0472829 -0.0472829
-2.84267 0.00181751 -0.00181751
-2.84267 0.0531646 -0.0531646
-2.84031 0.0593984 -0.0593984
-2.84031 0.0238703 -0.0238703
-2.83842 0.0306848 -0.0306848
-2.83565 0.0363973 -0.0363973
-2.83565 0.0243535 -0.0243535
-2.83565 0.0245771 -0.0245771
-2.82999 0.0433911 -0.0433911
-2.82999 0.0201525 -0.0201525
-2.82882 0.01458 -0.01458
-2.82631 0.0061685 -0.0061685
-2.82505 0.0355485 -0.0355485
-2.82333 0.0187255 -0.0187255
-2.82333 0.0542678 -0.0542678
-2.82093 0.0166787 -0.0166787
-2.82093 0.0125003 -0.0125003
-2.81883 0.00720057 -0.00720057
-2.81555 0.0371553 -0.0371553
-2.81482 0.0253969 -0.0253969
-2.81417 0.0450844 -0.0450844
-2.81417 0.0173568 -0.0173568
-2.80945 0.0202077 -0.0202077
-2.80945 0.0171755 -0.0171755
-2.80747 0.0134603 -0.0134603
-2.80747 0.01102 -0.01102
-2.80423 0.0911482 -0.0911482
-2.80129 0.00998896 -0.00998896
-2.80129 0.00473329 -0.00473329
-2.80126 0.0319418 -0.0319418
-2.80126 0.0489069 -0.0489069
-2.79621 0.048763 -0.048763
-2.79368 0.0481367 -0.0481367
-2.79345 0.0271157 -0.0271157
-2.79256 0.0245851 -0.0245851
-2.79167 0.0107525 -0.0107525
-2.78892 0.0189548 -0.0189548
-2.78852 0.00370117 -0.00370117
-2.78634 0.0320336 -0.0320336
-2.78473 0.0179388 -0.0179388
-2.78265 0.00835949 -0.00835949
-2.78265 0.0884071 -0.0884071
-2.78079 0.0378712 -0.0378712
-2.78079 0.00163721 -0.00163721
-2.77565 0.0471016 -0.0471016
-2.77565 0.0221023 -0.0221023
-2.77525 0.0179888 -0.0179888
-2.77349 0.0304586 -0.0304586
-2.76916 0.00479907 -0.00479907
-2.76916 0.0217708 -0.0217708
-2.76883 0.00939684 -0.00939684
-2.76781 0.0748533 -0.0748533
-2.76433 0.0725608 -0.0725608
-2.76433 0.0573229 -0.0573229
-2.76083 0.00269232 -0.00269232
-2.76083 0.0164809 -0.0164809
-2.75968 0.0135251 -0.0135251
-2.75558 0.014019 -0.014019
-2.75558 0.0547097 -0.0547097
-2.75479 0.0241508 -0.0241508
-2.75387 0.0288469 -0.0288469
-2.75064 0.0251121 -0.0251121
-2.75064 0.0187032 -0.0187032
-2.75064 0.0124435 -0.0124435
-2.74734 0.0559038 -0.0559038
-2.74632 0.0226605 -0.0226605
-2.74443 0.0119932 -0.0119932
-2.7436 0.0146278 -0.0146278
-2.74149 0.00905504 -0.00905504
-2.73842 0.0402574 -0.0402574
-2.73745 0.0610091 -0.0610091
-2.73592 0.105574 -0.105574
-2.73592 0.0107579 -0.0107579
-2.73447 0.0172769 -0.0172769
-2.73226 0.0316926 -0.0316926
-2.73 0.0197408 -0.0197408
-2.73 0.0207433 -0.0207433
-2.72815 0.0224678 -0.0224678
-2.7252 0.0676003 -0.0676003
-2.7252 0.0159103 -0.0159103
-2.7235 0.014397 -0.014397
-2.7235 0.0382329 -0.0382329
-2.71997 0.0213042 -0.0213042
-2.71793 0.0249771 -0.0249771
-2.71636 0.0306228 -0.0306228
-2.71636 0.0262411 -0.0262411
-2.71321 0.0153268 -0.0153268
-2.71321 0.00122786 -0.00122786
-2.7109 0.109591 -0.109591
-2.70926 0.0188398 -0.0188398
-2.70898 0.00802725 -0.00802725
-2.70527 0.032496 -0.032496
-2.70527 0.0437283 -0.0437283
-2.7042 0.03837 -0.03837
-2.70241 0.0233688 -0.0233688
-2.70006 0.0477484 -0.0477484
-2.69955 0.0267333 -0.0267333
-2.6971 0.0438203 -0.0438203
-2.69553 0.0766005 -0.0766005
-2.69439 0.176275 -0.176275
-2.69439 0.0258834 -0.0258834
-2.69164 0.00188859 -0.00188859
-2.68934 0.0301507 -0.0301507
-2.68934 0.0327271 -0.0327271
-2.68645 0.0408026 -0.0408026
-2.68645 0.0169863 -0.0169863
-2.68462 0.0167706 -0.0167706
-2.68171 0.0327574 -0.0327574
-2.68171 0.00534571 -0.00534571
-2.67829 0.0875555 -0.0875555
-2.67829 0.0762873 -0.0762873
-2.67573 0.0497699 -0.0497699
-2.67573 0.011539 -0.011539
-2.67449 0.0198575 -0.0198575
-2.67143 0.0449797 -0.0449797
-2.67143 0.0121388 -0.0121388
-2.66893 0.046463 -0.046463
-2.66881 0.00444152 -0.00444152
-2.66881 0.0220891 -0.0220891
-2.66451 0.0779036 -0.0779036
-2.66451 0.0246623 -0.0246623
-2.66451 0.0220912 -0.0220912
-2.66139 0.118925 -0.118925
-2.66043 0.0660181 -0.0660181
-2.65736 0.00879798 -0.00879798
-2.65513 0.0657813 -0.0657813
-2.65513 0.00875741 -0.00875741
-2.65212 0.0473336 -0.0473336
-2.65212 0.0300846 -0.0300846
-2.64947 0.0630692 -0.0630692
-2.64858 0.00476997 -0.00476997
-2.64547 0.0213043 -0.0213043
-2.64547 0.067514 -0.067514
-2.6434 0.00261027 -0.00261027
-2.6434 0.0746927 -0.0746927
-2.64133 0.0100407 -0.0100407
-2.64112 0.0523088 -0.0523088
-2.63856 0.00954552 -0.00954552
-2.63667 0.012622 -0.012622
-2.63548 0.0295134 -0.0295134
-2.63432 0.018652 -0.018652
-2.63124 0.0577984 -0.0577984
-2.6296 0.00128641 -0.00128641
-2.6296 0.0839101 -0.0839101
-2.62837 0.00569706 -0.00569706
-2.62837 0.0716442 -0.0716442
-2.62414 0.106396 -0.106396
-2.62414 0.0606578 -0.0606578
-2.62167 0.0565623 -0.0565623
-2.61902 0.0695634 -0.0695634
-2.6179 0.0656801 -0.0656801
-2.6179 0.118878 -0.118878
-2.61494 0.079124 -0.079124
-2.61494 0.0237685 -0.0237685
-2.61494 0.109808 -0.109808
-2.61294 0.0518015 -0.0518015
-2.6103 0.0661631 -0.0661631
-2.6085 0.0674692 -0.0674692
-2.60658 0.0182404 -0.0182404
-2.60658 0.0641026 -0.0641026
-2.60624 0.107536 -0.107536
-2.60139 0.132164 -0.132164
-2.60139 0.0331417 -0.0331417
-2.59995 0.0161926 -0.0161926
-2.59959 0.00985618 -0.00985618
-2.59624 0.0324539 -0.0324539
-2.59624 0.0821909 -0.0821909
-2.59624 0.0194521 -0.0194521
-2.59288 0.138218 -0.138218
-2.59114 0.00174881 -0.00174881
-2.58933 0.0132809 -0.0132809
-2.58776 0.00612107 -0.00612107
-2.58776 0.0812903 -0.0812903
-2.58506 0.0746166 -0.0746166
-2.58277 0.000575337 -0.000575337
-2.58213 0.00896845 -0.00896845
-2.5805 0.0127324 -0.0127324
-2.5805 0.0170822 -0.0170822
-2.57769 0.0333756 -0.0333756
-2.57769 0.04339 -0.04339
-2.5735 0.131306 -0.131306
-2.5735 0.043654 -0.043654
-2.57284 0.182354 -0.182354
-2.57284 0.0407865 -0.0407865
-2.56992 0.00758505 -0.00758505
-2.56834 0.00972958 -0.00972958
-2.56482 0.1052 -0.1052
-2.56482 0.0591769 -0.0591769
-2.56407 0.0281928 -0.0281928
-2.56182 0.00986607 -0.00986607
-2.55998 0.0295673 -0.0295673
-2.55998 0.0948262 -0.0948262
-2.55719 0.0228055 -0.0228055
-2.55719 0.0137565 -0.0137565
-2.55408 0.0612351 -0.0612351
-2.55353 0.0717484 -0.0717484
-2.55129 0.0188492 -0.0188492
-2.55129 0.0258688 -0.0258688
-2.54723 0.033664 -0.033664
-2.54687 0.0775777 -0.0775777
-2.54687 0.0183596 -0.0183596
-2.5455 0.00669262 -0.00669262
-2.54314 0.0123996 -0.0123996
-2.54095 0.116871 -0.116871
-2.54095 0.047771 -0.047771
-2.5387 0.00427319 -0.00427319
-2.53589 0.0403734 -0.0403734
-2.53589 0.0392986 -0.0392986
-2.53287 0.0404887 -0.0404887
-2.53174 0.0550919 -0.0550919
-2.53174 0.0930605 -0.0930605
-2.52896 0.0584153 -0.0584153
-2.5288 0.0467252 -0.0467252
-2.52728 0.0872798 -0.0872798
-2.526 0.0749277 -0.0749277
-2.52436 0.0660543 -0.0660543
-2.52351 0.00733014 -0.00733014
-2.52009 0.0674981 -0.0674981
-2.52009 0.151757 -0.151757
-2.51812 0.00235074 -0.00235074
-2.51564 0.0626765 -0.0626765
-2.5145 0.0139972 -0.0139972
-2.51394 0.0655445 -0.0655445
-2.51155 0.00769057 -0.00769057
-2.51153 0.00840242 -0.00840242
-2.50792 0.167231 -0.167231
-2.50792 0.0561449 -0.0561449
-2.50707 0.0476691 -0.0476691
-2.50567 0.0420695 -0.0420695
-2.50253 0.0774969 -0.0774969
-2.50078 0.0214105 -0.0214105
-2.50011 0.0270953 -0.0270953
-2.49876 0.000386502 -0.000386502
-2.49872 0.0103897 -0.0103897
-2.49672 0.0415479 -0.0415479
-2.49494 0.0600452 -0.0600452
-2.49347 0.0116626 -0.0116626
-2.49347 0.109509 -0.109509
-2.49347 0.061934 -0.061934
-2.48869 0.00609024 -0.00609024
-2.48743 0.0251023 -0.0251023
-2.48743 0.0397046 -0.0397046
-2.48554 0.0319252 -0.0319252
-2.48345 0.116358 -0.116358
-2.48 0.0843375 -0.0843375
-2.47878 0.0498026 -0.0498026
-2.47878 0.189392 -0.189392
-2.47691 0.000603639 -0.000603639
-2.47643 0.0128073 -0.0128073
-2.47456 0.0882615 -0.0882615
-2.47337 0.0442702 -0.0442702
-2.47337 0.0959225 -0.0959225
-2.47042 0.0493214 -0.0493214
-2.4694 0.0109541 -0.0109541
-2.4694 0.00593957 -0.00593957
-2.46679 0.00101508 -0.00101508
-2.46398 0.0235759 -0.0235759
-2.46398 0.0485934 -0.0485934
-2.46174 0.0247294 -0.0247294
-2.45958 0.0856732 -0.0856732
-2.45958 0.00649895 -0.00649895
-2.45831 0.00868995 -0.00868995
-2.45483 0.120009 -0.120009
-2.45441 0.00929201 -0.00929201
-2.45366 0.00433868 -0.00433868
-2.45095 0.0327906 -0.0327906
-2.44773 0.000690203 -0.000690203
-2.44773 0.0625836 -0.0625836
-2.44755 0.117721 -0.117721
-2.44585 0.0522334 -0.0522334
-2.44432 0.091155 -0.091155
-2.44201 0.0498995 -0.0498995
-2.44012 0.00344375 -0.00344375
-2.43984 0.0278945 -0.0278945
-2.43841 0.0145389 -0.0145389
-2.43841 0.0371344 -0.0371344
-2.43633 0.0579949 -0.0579949
-2.43383 0.0469591 -0.0469591
-2.43359 0.143015 -0.143015
-2.4309 0.0401725 -0.0401725
-2.42991 0.0765024 -0.0765024
-2.42845 0.173744 -0.173744
-2.42472 0.0630474 -0.0630474
-2.42472 0.00553271 -0.00553271
-2.42472 0.00811469 -0.00811469
-2.42358 0.0204914 -0.0204914
-2.42034 0.135506 -0.135506
-2.41888 0.100718 -0.100718
-2.41888 0.159788 -0.159788
-2.41761 0.0560636 -0.0560636
-2.41676 0.0542551 -0.0542551
-2.41317 0.0362998 -0.0362998
-2.4131 0.0739329 -0.0739329
-2.41084 0.0681255 -0.0681255
-2.41014 0.175605 -0.175605
-2.40617 0.0689076 -0.0689076
-2.40617 0.147691 -0.147691
-2.40617 0.0388983 -0.0388983
-2.40458 0.047509 -0.047509
-2.40388 0.081974 -0.081974
-2.4021 0.0720466 -0.0720466
-2.39953 0.0111167 -0.0111167
-2.39953 0.0767028 -0.0767028
-2.39843 0.0382874 -0.0382874
-2.39418 0.00669568 -0.00669568
-2.39418 0.021001 -0.021001
-2.39188 0.0585654 -0.0585654
-2.39116 0.0740611 -0.0740611
-2.3882 0.0861973 -0.0861973
-2.38749 0.101913 -0.101913
-2.38725 0.0713927 -0.0713927
-2.38384 0.0659772 -0.0659772
-2.38384 0.0282244 -0.0282244
-2.38343 0.104391 -0.104391
-2.38152 0.0696516 -0.0696516
-2.37879 0.177917 -0.177917
-2.37767 0.128314 -0.128314
-2.37767 0.0478029 -0.0478029
-2.37587 0.00817978 -0.00817978
-2.37473 0.123393 -0.123393
-2.37237 0.151027 -0.151027
-2.37237 0.051756 -0.051756
-2.37007 0.134444 -0.134444
-2.37007 0.0763573 -0.0763573
-2.36696 0.0201135 -0.0201135
-2.36508 0.0332609 -0.0332609
-2.36302 0.165151 -0.165151
-2.36302 0.108225 -0.108225
-2.36091 0.145427 -0.145427
-2.35895 0.132459 -0.132459
-2.35895 0.0301647 -0.0301647
-2.35653 0.0101437 -0.0101437
-2.35653 0.0446555 -0.0446555
-2.35303 0.0654635 -0.0654635
-2.35303 0.0114464 -0.0114464
-2.35042 0.0831355 -0.0831355
-2.35042 0.0679726 -0.0679726
-2.34818 0.101025 -0.101025
-2.34613 0.0384939 -0.0384939
-2.34613 0.163597 -0.163597
-2.34449 0.0132797 -0.0132797
-2.34263 0.138615 -0.138615
-2.3409 0.00840518 -0.00840518
-2.33921 0.109313 -0.109313
-2.33921 0.034425 -0.034425
-2.33921 0.0671697 -0.0671697
-2.33619 0.130296 -0.130296
-2.33568 0.00488326 -0.00488326
-2.33297 0.0518799 -0.0518799
-2.33087 0.0016041 -0.0016041
-2.32889 0.04618 -0.04618
-2.32749 0.140487 -0.140487
-2.32543 0.0487201 -0.0487201
-2.32508 0.0980931 -0.0980931
-2.322 0.0675401 -0.0675401
-2.322 0.129684 -0.129684
-2.322 0.147596 -0.147596
-2.32112 0.0101249 -0.0101249
-2.31967 0.0554132 -0.0554132
-2.31592 0.0338111 -0.0338111
-2.31592 0.139337 -0.139337
-2.31309 0.100846 -0.100846
-2.31248 0.087198 -0.087198
-2.30973 0.0174098 -0.0174098
-2.30973 0.0672185 -0.0672185
-2.30885 0.138279 -0.138279
-2.30642 0.113668 -0.113668
-2.30631 0.0952434 -0.0952434
-2.3045 0.214852 -0.214852
-2.30255 0.210754 -0.210754
-2.30094 0.128371 -0.128371
-2.2979 0.0171802 -0.0171802
-2.29726 0.0432946 -0.0432946
-2.2969 0.0510427 -0.0510427
-2.29594 0.0223361 -0.0223361
-2.29236 0.0939633 -0.0939633
-2.29236 0.030109 -0.030109
-2.29083 0.0639825 -0.0639825
-2.29083 0.15334 -0.15334
-2.28866 0.0237306 -0.0237306
-2.28866 0.025969 -0.025969
-2.28658 0.0785728 -0.0785728
-2.2853 0.0678182 -0.0678182
-2.28254 0.153654 -0.153654
-2.28113 0.0881621 -0.0881621
-2.28113 0.116099 -0.116099
-2.27827 0.10098 -0.10098
-2.27737 0.0308214 -0.0308214
-2.27668 0.0228379 -0.0228379
-2.2745 0.0175929 -0.0175929
-2.27401 0.0299924 -0.0299924
-2.27266 0.00116544 -0.00116544
-2.2697 0.152451 -0.152451
-2.2697 0.0304706 -0.0304706
-2.26631 0.213734 -0.213734
-2.26631 0.0876902 -0.0876902
-2.26631 0.0219778 -0.0219778
-2.26326 0.00126676 -0.00126676
-2.26266 0.00600977 -0.00600977
-2.2603 0.0580105 -0.0580105
-2.25963 0.0232237 -0.0232237
-2.25721 0.115747 -0.115747
-2.25652 0.0104657 -0.0104657
-2.25649 0.0143489 -0.0143489
-2.2543 0.00312336 -0.00312336
-2.25264 0.0657695 -0.0657695
-2.25132 0.107691 -0.107691
-2.2493 0.0702513 -0.0702513
-2.24699 0.141527 -0.141527
-2.24615 0.0221233 -0.0221233
-2.24406 0.03025 -0.03025
-2.24406 0.106301 -0.106301
-2.24237 0.0262272 -0.0262272
-2.24203 0.0143877 -0.0143877
-2.2406 0.121567 -0.121567
-2.23668 0.041332 -0.041332
-2.23643 0.0769443 -0.0769443
-2.23357 0.00316494 -0.00316494
-2.2334 0.0512125 -0.0512125
-2.23201 0.0610625 -0.0610625
-2.23201 0.144118 -0.144118
-2.22856 0.108859 -0.108859
-2.22803 0.00534398 -0.00534398
-2.22648 0.123224 -0.123224
-2.22602 0.0856115 -0.0856115
-2.22411 0.0990439 -0.0990439
-2.22215 0.025013 -0.025013
-2.22215 0.0841602 -0.0841602
-2.22012 0.117381 -0.117381
-2.21723 0.132872 -0.132872
-2.21676 0.066511 -0.066511
-2.21455 0.104385 -0.104385
-2.21269 0.0376694 -0.0376694
-2.21269 0.0418473 -0.0418473
-2.21166 0.0144372 -0.0144372
-2.20956 0.0400151 -0.0400151
-2.20885 0.183361 -0.183361
-2.20762 0.0504798 -0.0504798
-2.20601 0.0991259 -0.0991259
-2.20389 0.0500617 -0.0500617
-2.20145 0.00100565 -0.00100565
-2.20145 0.00202286 -0.00202286
-2.20145 0.110897 -0.110897
-2.19625 0.0653653 -0.0653653
-2.19625 0.0622532 -0.0622532
-2.19625 0.0741284 -0.0741284
-2.1943 0.0271368 -0.0271368
-2.19397 0.156644 -0.156644
-2.19269 0.0125595 -0.0125595
-2.19269 0.00537368 -0.00537368
-2.18836 0.0090101 -0.0090101
-2.18769 0.0271197 -0.0271197
-2.18769 0.0419892 -0.0419892
-2.18318 0.0552378 -0.0552378
-2.18318 0.1652 -0.1652
-2.18183 0.0114812 -0.0114812
-2.17995 0.137005 -0.137005
-2.17828 0.0986013 -0.0986013
-2.17752 0.0104822 -0.0104822
-2.17638 0.0781777 -0.0781777
-2.17638 0.25807 -0.25807
-2.1727 0.0187404 -0.0187404
-2.17195 0.0535804 -0.0535804
-2.17102 0.140493 -0.140493
-2.16812 0.0745407 -0.0745407
-2.16796 0.0152782 -0.0152782
-2.16796 0.140263 -0.140263
-2.16459 0.0851315 -0.0851315
-2.16197 0.07099 -0.07099
-2.16128 0.121071 -0.121071
-2.16058 0.0210545 -0.0210545
-2.15948 0.113577 -0.113577
-2.15903 0.0606863 -0.0606863
-2.15678 0.0968019 -0.0968019
-2.15604 0.163166 -0.163166
-2.154 0.0630621 -0.0630621
-2.15254 0.0342337 -0.0342337
-2.15076 0.0595221 -0.0595221
-2.15076 0.123932 -0.123932
-2.14833 0.274631 -0.274631
-2.14764 0.0391194 -0.0391194
-2.14568 0.106067 -0.106067
-2.1429 0.125073 -0.125073
-2.1429 0.0164089 -0.0164089
-2.14178 0.103479 -0.103479
-2.14178 0.0533377 -0.0533377
-2.13851 0.125249 -0.125249
-2.13578 0.148225 -0.148225
-2.13578 0.111276 -0.111276
-2.13357 0.029781 -0.029781
-2.13357 0.0276068 -0.0276068
-2.13231 0.0165228 -0.0165228
-2.12968 0.100198 -0.100198
-2.12722 0.0785626 -0.0785626
-2.12689 0.036534 -0.036534
-2.12689 0.0686922 -0.0686922
-2.12466 0.123658 -0.123658
-2.12415 0.145709 -0.145709
-2.12235 0.0813148 -0.0813148
-2.12194 0.0117105 -0.0117105
-2.11903 0.0238826 -0.0238826
-2.11731 0.0403299 -0.0403299
-2.11681 0.133618 -0.133618
-2.11426 0.00176601 -0.00176601
-2.11387 0.076129 -0.076129
-2.11133 0.0243371 -0.0243371
-2.11023 0.0834164 -0.0834164
-2.10854 0.118211 -0.118211
-2.10854 0.136756 -0.136756
-2.10694 0.0805723 -0.0805723
-2.10694 0.131719 -0.131719
-2.10567 0.0205019 -0.0205019
-2.10194 0.0763464 -0.0763464
-2.10053 0.0437662 -0.0437662
-2.09833 0.0631848 -0.0631848
-2.09646 0.0333496 -0.0333496
-2.09515 0.0276946 -0.0276946
-2.09515 0.0523159 -0.0523159
-2.0929 0.00567295 -0.00567295
-2.0929 0.00945788 -0.00945788
-2.09221 0.0194347 -0.0194347
-2.08996 0.0230343 -0.0230343
-2.08996 0.0516531 -0.0516531
-2.08696 0.179056 -0.179056
-2.08624 0.0165307 -0.0165307
-2.08624 0.032328 -0.032328
-2.08291 0.07426 -0.07426
-2.08097 0.0449772 -0.0449772
-2.08097 0.0588845 -0.0588845
-2.07821 0.0391406 -0.0391406
-2.07821 0.112623 -0.112623
-2.07606 0.0141241 -0.0141241
-2.07482 0.000738848 -0.000738848
-2.07482 0.130021 -0.130021
-2.07162 0.0727431 -0.0727431
-2.07162 0.0810779 -0.0810779
-2.0691 0.0293144 -0.0293144
-2.06787 0.0189452 -0.0189452
-2.06704 0.21349 -0.21349
-2.06543 0.244931 -0.244931
-2.06378 0.104018 -0.104018
-2.0606 0.0471672 -0.0471672
-2.0606 0.0850917 -0.0850917
-2.0606 0.03334 -0.03334
-2.05833 0.00928608 -0.00928608
-2.05739 0.107343 -0.107343
-2.05471 0.03215 -0.03215
-2.05471 0.0487525 -0.0487525
-2.05471 0.0956645 -0.0956645
-2.05298 0.0796378 -0.0796378
-2.05225 0.00370084 -0.00370084
-2.04936 0.0167263 -0.0167263
-2.04577 0.0283992 -0.0283992
-2.04563 0.105937 -0.105937
-2.04369 0.0961691 -0.0961691
-2.04234 0.0319763 -0.0319763
-2.0412 0.103419 -0.103419
-2.0412 0.0907926 -0.0907926
-2.03964 0.00280116 -0.00280116
-2.03713 0.0987227 -0.0987227
-2.03713 0.0251622 -0.0251622
-2.03594 0.106002 -0.106002
-2.0329 0.0637437 -0.0637437
-2.0318 0.00435238 -0.00435238
-2.02996 0.031143 -0.031143
-2.02996 0.00679054 -0.00679054
-2.02757 0.164418 -0.164418
-2.02488 0.103164 -0.103164
-2.02463 0.0837069 -0.0837069
-2.02335 0.0386782 -0.0386782
-2.02071 0.102426 -0.102426
-2.02071 0.351912 -0.351912
-2.02071 0.0143556 -0.0143556
-2.01802 0.0384607 -0.0384607
-2.01725 0.0181003 -0.0181003
-2.01676 0.0190304 -0.0190304
-2.01289 0.134033 -0.134033
-2.01264 0.105683 -0.105683
-2.01111 0.132491 -0.132491
-2.01097 0.111315 -0.111315
-2.00806 0.0697815 -0.0697815
-2.00806 0.0484836 -0.0484836
-2.00471 0.0764829 -0.0764829
-2.00471 0.0726856 -0.0726856
-2.00368 0.000108692 -0.000108692
-2.00076 0.117199 -0.117199
-2.00076 0.0144501 -0.0144501
-1.99852 0.00391606 -0.00391606
-1.99696 0.111404 -0.111404
-1.99582 0.0719678 -0.0719678
-1.99425 0.0286147 -0.0286147
-1.99314 0.187816 -0.187816
-1.9915 0.109043 -0.109043
-1.9915 0.20824 -0.20824
-1.98961 0.000138309 -0.000138309
-1.98961 0.343003 -0.343003
-1.98685 0.0604592 -0.0604592
-1.98573 0.122636 -0.122636
-1.98339 0.37993 -0.37993
-1.98339 0.0198087 -0.0198087
-1.98241 0.0170827 -0.0170827
-1.98095 8.48204e-05 -8.48204e-05
-1.97996 0.0572974 -0.0572974
-1.97686 0.321451 -0.321451
-1.97663 0.15861 -0.15861
-1.97374 0.00932577 -0.00932577
-1.97276 0.0351779 -0.0351779
-1.97276 0.000530615 -0.000530615
-1.97276 0.131232 -0.131232
-1.96815 0.156161 -0.156161
-1.96815 0.0100562 -0.0100562
-1.96718 0.0682559 -0.0682559
-1.96486 0.0314335 -0.0314335
-1.96277 0.0609896 -0.0609896
-1.96059 0.0358324 -0.0358324
-1.95849 0.0789169 -0.0789169
-1.95784 0.11971 -0.11971
-1.95709 0.00394835 -0.00394835
-1.95709 0.000287233 -0.000287233
-1.95709 0.302804 -0.302804
-1.95422 0.00107551 -0.00107551
-1.95422 0.0169251 -0.0169251
-1.95174 0.177548 -0.177548
-1.94909 0.291916 -0.291916
-1.94909 0.112377 -0.112377
-1.94594 0.0355 -0.0355
-1.94594 0.28166 -0.28166
-1.94544 0.0517886 -0.0517886
-1.94392 0.0719554 -0.0719554
-1.94392 0.0474398 -0.0474398
-1.94049 0.446397 -0.446397
-1.94049 0.07087 -0.07087
-1.93726 0.0665027 -0.0665027
-1.93421 0.0832196 -0.0832196
-1.93421 0.0122156 -0.0122156
-1.93276 0.168266 -0.168266
-1.93169 0.0421283 -0.0421283
-1.93169 0.290054 -0.290054
-1.92995 0.161704 -0.161704
-1.92858 0.0132303 -0.0132303
-1.92858 0.21992 -0.21992
-1.92435 0.0284286 -0.0284286
-1.92255 0.0726416 -0.0726416
-1.92255 0.156345 -0.156345
-1.92011 0.134718 -0.134718
-1.91897 0.0872427 -0.0872427
-1.91897 0.188568 -0.188568
-1.91835 0.0477047 -0.0477047
-1.91695 0.0259393 -0.0259393
-1.91572 0.0392719 -0.0392719
-1.9146 0.235877 -0.235877
-1.91234 0.0934904 -0.0934904
-1.90921 0.386726 -0.386726
-1.90921 0.0890709 -0.0890709
-1.9085 0.00249418 -0.00249418
-1.90713 0.105684 -0.105684
-1.90519 0.0716915 -0.0716915
-1.90466 0.090008 -0.090008
-1.90264 0.0165548 -0.0165548
-1.90134 0.0312441 -0.0312441
-1.90134 0.0090351 -0.0090351
-1.89656 0.0932726 -0.0932726
-1.89543 0.000380224 -0.000380224
-1.895 0.00383713 -0.00383713
-1.89332 0.00693623 -0.00693623
-1.89213 0.0174309 -0.0174309
-1.89047 0.180137 -0.180137
-1.89047 0.0648633 -0.0648633
-1.88878 0.198108 -0.198108
-1.88659 0.0460374 -0.0460374
-1.88659 0.258305 -0.258305
-1.88274 0.302581 -0.302581
-1.88247 0.000232794 -0.000232794
-1.88247 0.00150349 -0.00150349
-1.88103 0.140141 -0.140141
-1.87846 0.0684892 -0.0684892
-1.87846 0.00132186 -0.00132186
-1.87638 0.233082 -0.233082
-1.8737 0.20935 -0.20935
-1.8737 0.417147 -0.417147
-1.8737 0.149473 -0.149473
-1.87021 0.332063 -0.332063
-1.87021 0.000728134 -0.000728134
-1.8678 0.054458 -0.054458
-1.86733 0.174247 -0.174247
-1.86568 0.0633775 -0.0633775
-1.86535 0.0149438 -0.0149438
-1.86535 0.061825 -0.061825
-1.86073 0.224897 -0.224897
-1.85978 0.458782 -0.458782
-1.85811 0.000966734 -0.000966734
-1.85566 0.203722 -0.203722
-1.85566 0.0419221 -0.0419221
-1.85566 0.025494 -0.025494
-1.85241 0.116971 -0.116971
-1.85241 0.169711 -0.169711
-1.85121 0.103539 -0.103539
-1.84878 0.416574 -0.416574
-1.84878 0.146768 -0.146768
-1.84593 0.320318 -0.320318
-1.84593 0.000337018 -0.000337018
-1.84376 0.0367859 -0.0367859
-1.84376 0.000597482 -0.000597482
-1.84229 0.0104088 -0.0104088
-1.84229 0.470236 -0.470236
-1.83958 0.13602 -0.13602
-1.83871 0.15732 -0.15732
-1.83703 0.258565 -0.258565
-1.83522 0.0298971 -0.0298971
-1.83277 0.204624 -0.204624
-1.83222 0.0292939 -0.0292939
-1.83189 0.0163559 -0.0163559
-1.83084 0.0268694 -0.0268694
-1.82756 0.0907304 -0.0907304
-1.82643 0.227009 -0.227009
-1.82442 0.0626702 -0.0626702
-1.82442 0.0471403 -0.0471403
-1.82074 0.321272 -0.321272
-1.82074 0.143856 -0.143856
-1.82056 0.00884589 -0.00884589
-1.81813 0.205675 -0.205675
-1.81614 0.0862863 -0.0862863
-1.81614 0.182379 -0.182379
-1.81614 0.399238 -0.399238
-1.81146 0.0776266 -0.0776266
-1.81143 0.0269432 -0.0269432
-1.81007 0.19117 -0.19117
-1.80897 0.0220075 -0.0220075
-1.80897 0.0541999 -0.0541999
-1.80781 0.0616427 -0.0616427
-1.80472 0.161253 -0.161253
-1.80472 0.0137363 -0.0137363
-1.80328 0.676742 -0.676742
-1.80107 0.00612636 -0.00612636
-1.79918 0.151968 -0.151968
-1.79755 0.0135918 -0.0135918
-1.79561 0.150782 -0.150782
-1.79537 0.345955 -0.345955
-1.79416 0.0676637 -0.0676637
-1.79344 0.0850704 -0.0850704
-1.79344 0.0305413 -0.0305413
-1.79031 0.0954923 -0.0954923
-1.79031 0.321149 -0.321149
-1.78665 0.0664448 -0.0664448
-1.78546 0.0119539 -0.0119539
-1.78292 0.00820248 -0.00820248
-1.78292 0.0168913 -0.0168913
-1.78292 0.0891828 -0.0891828
-1.77985 0.486455 -0.486455
-1.77985 0.343244 -0.343244
-1.77985 0.285965 -0.285965
-1.77624 0.0026634 -0.0026634
-1.7759 0.0457197 -0.0457197
-1.77322 0.0278317 -0.0278317
-1.77195 0.202236 -0.202236
-1.77171 0.0138528 -0.0138528
-1.77103 0.08572 -0.08572
-1.7695 0.129083 -0.129083
-1.7695 0.216692 -0.216692
-1.76763 0.20535 -0.20535
-1.76537 0.000421498 -0.000421498
-1.76304 0.025518 -0.025518
-1.76304 0.166737 -0.166737
-1.7596 0.0683262 -0.0683262
-1.7596 0.137707 -0.137707
-1.75785 0.00650551 -0.00650551
-1.75565 0.270155 -0.270155
-1.75519 0.0100179 -0.0100179
-1.75366 0.0374987 -0.0374987
-1.75174 0.13441 -0.13441
-1.75009 0.0128998 -0.0128998
-1.75003 0.444593 -0.444593
-1.75003 0.0403152 -0.0403152
-1.74667 0.245843 -0.245843
-1.74578 0.176113 -0.176113
-1.74459 0.00695355 -0.00695355
-1.74414 0.21824 -0.21824
-1.74257 0.0984646 -0.0984646
-1.74257 0.143929 -0.143929
-1.73773 0.0925386 -0.0925386
-1.73729 0.129282 -0.129282
-1.73594 0.000678415 -0.000678415
-1.73594 0.285787 -0.285787
-1.73397 8.83044e-06 -8.83044e-06
-1.73309 0.0968147 -0.0968147
-1.7318 0.600963 -0.600963
-1.72999 0.051897 -0.051897
-1.7296 0.0268714 -0.0268714
-1.72818 0.122907 -0.122907
-1.72761 0.0170085 -0.0170085
-1.72562 0.000677033 -0.000677033
-1.72506 0.066009 -0.066009
-1.7236 0.289048 -0.289048
-1.72 0.454425 -0.454425
-1.71662 0.177419 -0.177419
-1.71662 0.00355131 -0.00355131
-1.71662 0.0947938 -0.0947938
-1.71559 0.0119633 -0.0119633
-1.71559 0.17458 -0.17458
-1.7126 0.00187667 -0.00187667
-1.70916 0.314828 -0.314828
-1.70916 0.213963 -0.213963
-1.70879 0.0787969 -0.0787969
-1.70721 0.648824 -0.648824
-1.70591 0.000300769 -0.000300769
-1.70564 0.02935 -0.02935
-1.70549 0.58669 -0.58669
-1.70257 0.154721 -0.154721
-1.7025 0.165095 -0.165095
-1.70095 0.035811 -0.035811
-1.69948 0.212107 -0.212107
-1.69586 0.22457 -0.22457
-1.69586 0.000548454 -0.000548454
-1.69529 0.00020647 -0.00020647
-1.69398 0.00894525 -0.00894525
-1.69209 0.309679 -0.309679
-1.68884 0.0466109 -0.0466109
-1.68884 0.182881 -0.182881
-1.68797 0.185683 -0.185683
-1.68726 0.0239741 -0.0239741
-1.68542 0.000113565 -0.000113565
-1.68345 0.00595728 -0.00595728
-1.68345 0.222852 -0.222852
-1.68066 0.150205 -0.150205
-1.67877 0.305977 -0.305977
-1.67611 0.275935 -0.275935
-1.67611 0.00229661 -0.00229661
-1.67548 0.00322627 -0.00322627
-1.67548 0.127587 -0.127587
-1.67125 0.0601947 -0.0601947
-1.67092 0.0150359 -0.0150359
-1.66948 0.150469 -0.150469
-1.66679 2.06717e-05 -2.06717e-05
-1.66679 0.147923 -0.147923
-1.66594 0.0635059 -0.0635059
-1.66417 0.00887897 -0.00887897
-1.66417 0.203567 -0.203567
-1.66068 0.395223 -0.395223
-1.65998 0.149457 -0.149457
-1.65897 0.151066 -0.151066
-1.65897 0.118732 -0.118732
-1.65736 6.97749e-05 -6.97749e-05
-1.65581 0.252008 -0.252008
-1.65424 2.28281e-05 -2.28281e-05
-1.65424 0.130142 -0.130142
-1.65028 0.0497592 -0.0497592
-1.65028 0.42703 -0.42703
-1.64792 0.363537 -0.363537
-1.64679 0.00466264 -0.00466264
-1.64596 0.0476635 -0.0476635
-1.64596 0.293182 -0.293182
-1.64475 0.000324987 -0.000324987
-1.64475 0.108741 -0.108741
-1.64068 0.135127 -0.135127
-1.6373 0.106179 -0.106179
-1.63595 0.802859 -0.802859
-1.63595 0.000206463 -0.000206463
-1.63595 0.171662 -0.171662
-1.63595 0.0300269 -0.0300269
-1.63386 0.026803 -0.026803
-1.63158 0.296128 -0.296128
-1.63158 0.0929787 -0.0929787
-1.63056 0.0907814 -0.0907814
-1.62729 0.310031 -0.310031
-1.62728 6.99996e-05 -6.99996e-05
-1.62645 0.225876 -0.225876
-1.62395 0.00549406 -0.00549406
-1.62253 0.00095526 -0.00095526
-1.62253 0.182614 -0.182614
-1.6185 0.183953 -0.183953
-1.6185 0.00127281 -0.00127281
-1.61785 0.0433149 -0.0433149
-1.61785 0.177309 -0.177309
-1.61666 0.171582 -0.171582
-1.61277 1.45267e-05 -1.45267e-05
-1.61225 0.33407 -0.33407
-1.60954 0.373187 -0.373187
-1.60954 0.0263039 -0.0263039
-1.60751 0.17068 -0.17068
-1.60518 0.324625 -0.324625
-1.60518 0.177634 -0.177634
-1.60433 0.0531751 -0.0531751
-1.60361 0.00528915 -0.00528915
-1.60361 0.256484 -0.256484
-1.6007 0.00430868 -0.00430868
-1.5996 0.191509 -0.191509
-1.59532 0.244302 -0.244302
-1.59532 0.0126671 -0.0126671
-1.59532 0.195866 -0.195866
-1.59285 0.134793 -0.134793
-1.59178 0.00332401 -0.00332401
-1.58886 0.0592262 -0.0592262
-1.58886 0.0721429 -0.0721429
-1.58812 0.689256 -0.689256
-1.58734 0.000190902 -0.000190902
-1.58734 0.0575187 -0.0575187
-1.58353 0.395905 -0.395905
-1.58243 0.135184 -0.135184
-1.58106 0.030622 -0.030622
-1.58036 0.0305411 -0.0305411
-1.57957 0.554518 -0.554518
-1.57928 5.57032e-05 -5.57032e-05
-1.5761 0.159775 -0.159775
-1.57591 0.0242423 -0.0242423
-1.57591 0.175924 -0.175924
-1.57089 0.184099 -0.184099
-1.57089 5.13005e-06 -5.13005e-06
-1.56987 0.00719193 -0.00719193
-1.56703 0.30905 -0.30905
-1.56703 0.0523831 -0.0523831
-1.56326 0.597298 -0.597298
-1.56326 0.841416 -0.841416
-1.56326 0.000607955 -0.000607955
-1.56199 0.00457512 -0.00457512
-1.56199 0.000134016 -0.000134016
-1.55894 0.0830959 -0.0830959
-1.55894 0.291625 -0.291625
-1.55482 0.535702 -0.535702
-1.55482 0.238922 -0.238922
-1.55417 7.97073e-07 -7.97073e-07
-1.55364 0.0405112 -0.0405112
-1.55168 0.147618 -0.147618
-1.54966 0.00543362 -0.00543362
-1.54799 0.112396 -0.112396
-1.5471 0.00703706 -0.00703706
-1.54694 0.000232571 -0.000232571
-1.54694 0.0393524 -0.0393524
-1.54172 0.349566 -0.349566
-1.53973 7.25969e-06 -7.25969e-06
-1.53973 0.0388505 -0.0388505
-1.53881 0.0846996 -0.0846996
-1.53848 0.0566899 -0.0566899
-1.53717 0.212227 -0.212227
-1.53419 0.171766 -0.171766
-1.53419 0.491711 -0.491711
-1.53324 0.446364 -0.446364
-1.53324 0.075618 -0.075618
-1.53265 0.104368 -0.104368
-1.5286 6.38378e-05 -6.38378e-05
-1.5286 0.118509 -0.118509
-1.5261 0.045044 -0.045044
-1.52451 0.407325 -0.407325
-1.52451 0.428252 -0.428252
-1.52089 0.00528389 -0.00528389
-1.51985 0.00015334 -0.00015334
-1.51949 0.00655347 -0.00655347
-1.51855 0.330103 -0.330103
-1.51855 0.202252 -0.202252
-1.51564 0.523777 -0.523777
-1.51511 0.202997 -0.202997
-1.51244 2.0413e-06 -2.0413e-06
-1.51132 0.432501 -0.432501
-1.51132 0.00082219 -0.00082219
-1.50957 0.105117 -0.105117
-1.50708 0.0380759 -0.0380759
-1.50708 0.144169 -0.144169
-1.50613 0.00249518 -0.00249518
-1.50613 0.16892 -0.16892
-1.50487 0.0130243 -0.0130243
-1.49992 0.255984 -0.255984
-1.49992 4.67915e-07 -4.67915e-07
-1.49743 0.0390727 -0.0390727
-1.49743 0.089541 -0.089541
-1.49613 0.0607279 -0.0607279
-1.49567 0.122665 -0.122665
-1.49521 0.346972 -0.346972
-1.49128 0.117698 -0.117698
-1.4908 0.124447 -0.124447
-1.4908 0.0582854 -0.0582854
-1.48926 0.0722342 -0.0722342
-1.48889 0.32018 -0.32018
-1.48591 0.0302093 -0.0302093
-1.48591 3.48957e-07 -3.48957e-07
-1.48568 0.184005 -0.184005
-1.48388 0.370379 -0.370379
-1.47886 0.297654 -0.297654
-1.47844 0.00383824 -0.00383824
-1.47721 0.0221427 -0.0221427
-1.47721 8.72879e-05 -8.72879e-05
-1.47673 0.000329761 -0.000329761
-1.47445 0.131622 -0.131622
-1.47239 0.252631 -0.252631
-1.47005 3.13171e-07 -3.13171e-07
-1.47005 0.44363 -0.44363
-1.46866 0.0240496 -0.0240496
-1.46788 0.0563369 -0.0563369
-1.46512 0.39698 -0.39698
-1.46476 0.00028859 -0.00028859
-1.46476 0.520619 -0.520619
-1.46423 0.00065187 -0.00065187
-1.46211 0.5274 -0.5274
-1.46211 0.0338616 -0.0338616
-1.46 5.51403e-08 -5.51403e-08
-1.45971 0.171539 -0.171539
-1.45528 0.0919676 -0.0919676
-1.45328 0.0345384 -0.0345384
-1.45285 0.066072 -0.066072
-1.45285 0.0836802 -0.0836802
-1.44889 0.180584 -0.180584
-1.44782 0.114468 -0.114468
-1.44782 0.128762 -0.128762
-1.44664 0.260783 -0.260783
-1.44445 0.180952 -0.180952
-1.44286 3.72154e-05 -3.72154e-05
-1.44286 0.751851 -0.751851
-1.44173 0.705782 -0.705782
-1.44173 0.0152082 -0.0152082
-1.43648 0.0498239 -0.0498239
-1.43648 0.3922 -0.3922
-1.43542 0.00293298 -0.00293298
-1.43411 1.94339e-06 -1.94339e-06
-1.4337 0.00211487 -0.00211487
-1.43001 0.097596 -0.097596
-1.43001 0.0299331 -0.0299331
-1.42852 0.151765 -0.151765
-1.42682 3.25836e-08 -3.25836e-08
-1.42682 0.216542 -0.216542
-1.42555 0.0154016 -0.0154016
-1.4233 0.108156 -0.108156
-1.42108 0.622501 -0.622501
-1.42108 0.00167978 -0.00167978
-1.42084 1.10773e-07 -1.10773e-07
-1.41914 0.00291572 -0.00291572
-1.41774 0.839697 -0.839697
-1.41774 0.906618 -0.906618
-1.41774 0.0181985 -0.0181985
-1.41207 0.0768964 -0.0768964
-1.41207 0.119515 -0.119515
-1.41043 0.104936 -0.104936
-1.40964 0.0102944 -0.0102944
-1.40964 0.0192458 -0.0192458
-1.40679 0.0857567 -0.0857567
-1.40446 0.0897225 -0.0897225
-1.40446 0.0365836 -0.0365836
-1.40326 0.0679763 -0.0679763
-1.4004 0.51566 -0.51566
-1.39946 2.054e-07 -2.054e-07
-1.39932 0.0524139 -0.0524139
-1.39512 0.552765 -0.552765
-1.39512 0.232068 -0.232068
-1.39408 0.697068 -0.697068
-1.39231 0.00179028 -0.00179028
-1.39058 0.559542 -0.559542
-1.39058 1.01066e-06 -1.01066e-06
-1.39039 0.00202994 -0.00202994
-1.38792 0.0783979 -0.0783979
-1.38635 0.0987659 -0.0987659
-1.38337 0.303472 -0.303472
-1.38305 4.264e-09 -4.264e-09
-1.38305 0.0596207 -0.0596207
-1.38157 0.177661 -0.177661
-1.37763 0.242513 -0.242513
-1.37763 2.23969e-05 -2.23969e-05
-1.3767 0.662755 -0.662755
-1.37592 0.000228274 -0.000228274
-1.37592 0.165229 -0.165229
-1.37115 0.424823 -0.424823
-1.37115 0.0582365 -0.0582365
-1.36953 0.706346 -0.706346
-1.36672 0.29613 -0.29613
-1.36672 0.220524 -0.220524
-1.36606 0.000292839 -0.000292839
-1.36348 0.240721 -0.240721
-1.36348 0.00604397 -0.00604397
-1.36147 0.0217165 -0.0217165
-1.36057 0.0318477 -0.0318477
-1.36057 0.189167 -0.189167
-1.35573 4.63423e-07 -4.63423e-07
-1.35573 0.558209 -0.558209
-1.35519 0.412078 -0.412078
-1.35519 0.185971 -0.185971
-1.34895 0.00861003 -0.00861003
-1.34895 0.207008 -0.207008
-1.34681 0.000178848 -0.000178848
-1.34668 5.45719e-08 -5.45719e-08
-1.34668 0.606774 -0.606774
-1.34577 0.0814867 -0.0814867
-1.34577 0.720391 -0.720391
-1.34375 0.176005 -0.176005
-1.34041 0.451348 -0.451348
-1.34041 0.0495279 -0.0495279
-1.33928 0.195253 -0.195253
-1.33694 0.254016 -0.254016
-1.3339 0.390413 -0.390413
-1.3339 1.44803e-05 -1.44803e-05
-1.33245 0.000389479 -0.000389479
-1.33023 0.580474 -0.580474
-1.32954 0.212143 -0.212143
-1.32437 0.484005 -0.484005
-1.32384 0.802927 -0.802927
-1.32325 0.0112106 -0.0112106
-1.32325 0.0473671 -0.0473671
-1.32218 1.68346e-05 -1.68346e-05
-1.32007 0.066322 -0.066322
-1.31767 0.119582 -0.119582
-1.31767 0.389091 -0.389091
-1.317 0.0316221 -0.0316221
-1.317 0.125752 -0.125752
-1.31167 0.156496 -0.156496
-1.31167 2.21531e-08 -2.21531e-08
-1.31027 0.804505 -0.804505
-1.30677 0.0612393 -0.0612393
-1.30532 0.00361786 -0.00361786
-1.30515 0.545521 -0.545521
-1.30296 0.482304 -0.482304
-1.30296 0.000567455 -0.000567455
-1.29955 0.0918884 -0.0918884
-1.29776 0.68413 -0.68413
-1.29776 0.413686 -0.413686
-1.29663 0.367046 -0.367046
-1.29597 0.0833162 -0.0833162
-1.29453 0.237527 -0.237527
-1.28989 0.0244364 -0.0244364
-1.28989 1.11308e-06 -1.11308e-06
-1.28989 0.201997 -0.201997
-1.28869 0.000534248 -0.000534248
-1.2869 0.323612 -0.323612
-1.28376 0.401228 -0.401228
-1.28121 0.14112 -0.14112
-1.27955 0.222597 -0.222597
-1.27906 0.442199 -0.442199
-1.27799 7.0113e-06 -7.0113e-06
-1.27577 0.530941 -0.530941
-1.27577 0.0668254 -0.0668254
-1.27464 0.00434339 -0.00434339
-1.27464 0.0844972 -0.0844972
-1.27318 0.00647113 -0.00647113
-1.27318 1.15498 -1.15498
-1.27138 0.685629 -0.685629
-1.26551 0.210842 -0.210842
-1.26521 0.200266 -0.200266
-1.26146 2.718e-05 -2.718e-05
-1.26111 0.244862 -0.244862
-1.25883 0.267017 -0.267017
-1.25883 0.00016945 -0.00016945
-1.25883 1.03148 -1.03148
-1.25702 0.248208 -0.248208
-1.25427 0.0417067 -0.0417067
-1.25427 0.0717179 -0.0717179
-1.25254 0.731141 -0.731141
-1.25254 0.448385 -0.448385
-1.25124 0.388766 -0.388766
-1.24666 0.641813 -0.641813
-1.24558 7.69566e-08 -7.69566e-08
-1.24466 0.00016025 -0.00016025
-1.24466 0.837433 -0.837433
-1.24285 0.0110808 -0.0110808
-1.2365 0.021537 -0.021537
-1.23649 0.614541 -0.614541
-1.23546 0.00603444 -0.00603444
-1.23546 0.479652 -0.479652
-1.23146 0.569326 -0.569326
-1.23146 0.19923 -0.19923
-1.23066 0.021585 -0.021585
-1.22947 0.37144 -0.37144
-1.22899 0.000410502 -0.000410502
-1.22676 0.351739 -0.351739
-1.22491 1.22049 -1.22049
-1.22143 0.112621 -0.112621
-1.22143 0.70478 -0.70478
-1.21733 0.157787 -0.157787
-1.21733 0.492936 -0.492936
-1.21443 6.60947e-05 -6.60947e-05
-1.21443 0.805146 -0.805146
-1.21263 0.0263822 -0.0263822
-1.20974 0.0548555 -0.0548555
-1.20972 0.184174 -0.184174
-1.20828 0.0451884 -0.0451884
-1.20828 0.233773 -0.233773
-1.20337 1.22079 -1.22079
-1.20337 0.404583 -0.404583
-1.2017 0.993422 -0.993422
-1.20036 5.08301e-05 -5.08301e-05
-1.20036 1.13691 -1.13691
-1.19794 0.375187 -0.375187
-1.19452 0.206298 -0.206298
-1.19125 0.320572 -0.320572
-1.19125 0.000852461 -0.000852461
-1.19125 0.752868 -0.752868
-1.18737 0.290091 -0.290091
-1.18737 0.641964 -0.641964
-1.18669 0.0547269 -0.0547269
-1.1845 2.92833e-06 -2.92833e-06
-1.18428 0.95889 -0.95889
-1.17819 0.233734 -0.233734
-1.17819 0.229232 -0.229232
-1.17648 0.612198 -0.612198
-1.17294 0.879009 -0.879009
-1.17294 7.72441e-05 -7.72441e-05
-1.17294 0.740468 -0.740468
-1.16929 0.0285521 -0.0285521
-1.16743 0.334798 -0.334798
-1.1661 1.04494 -1.04494
-1.1661 0.00333908 -0.00333908
-1.1639 0.00353389 -0.00353389
-1.1639 0.378303 -0.378303
-1.15802 0.127574 -0.127574
-1.15633 1.06791 -1.06791
-1.1558 2.35234e-07 -2.35234e-07
-1.15555 0.615483 -0.615483
-1.15555 0.0760895 -0.0760895
-1.15177 1.21425 -1.21425
-1.15177 0.191717 -0.191717
-1.14948 0.368809 -0.368809
-1.14674 0.000667031 -0.000667031
-1.14451 0.571375 -0.571375
-1.14309 0.00839265 -0.00839265
-1.14234 0.00288074 -0.00288074
-1.14171 1.08304 -1.08304
-1.14088 0.356681 -0.356681
-1.13626 0.321566 -0.321566
-1.13465 1.04456 -1.04456
-1.13465 0.171776 -0.171776
-1.1283 0.666689 -0.666689
-1.1283 0.000237278 -0.000237278
-1.1283 1.30084 -1.30084
-1.12526 0.0176539 -0.0176539
-1.12333 0.0352366 -0.0352366
-1.12164 1.10542 -1.10542
-1.12164 0.0818609 -0.0818609
-1.12152 0.303081 -0.303081
-1.11982 0.0138531 -0.0138531
-1.11982 0.556771 -0.556771
-1.11666 0.627823 -0.627823
-1.11192 1.12705 -1.12705
-1.11192 1.29682 -1.29682
-1.10891 0.0679003 -0.0679003
-1.10787 0.175929 -0.175929
-1.10416 0.376065 -0.376065
-1.10416 0.494 -0.494
-1.102 7.54651e-06 -7.54651e-06
-1.09878 0.0143268 -0.0143268
-1.09767 0.0669454 -0.0669454
-1.09735 0.839927 -0.839927
-1.09735 0.771624 -0.771624
-1.09259 0.984501 -0.984501
-1.09259 0.0398907 -0.0398907
-1.08883 0.0198848 -0.0198848
-1.08482 0.566244 -0.566244
-1.0793 0.956877 -0.956877
-1.0793 1.32373 -1.32373
-1.0793 0.490437 -0.490437
-1.0793 0.049952 -0.049952
-1.07686 0.0910333 -0.0910333
-1.07686 0.161326 -0.161326
-1.07514 4.51046e-05 -4.51046e-05
-1.07514 0.443457 -0.443457
-1.07514 0.432824 -0.432824
-1.06668 0.090843 -0.090843
-1.06484 1.32088 -1.32088
-1.06484 0.219253 -0.219253
-1.06094 0.843109 -0.843109
-1.06094 0.300746 -0.300746
-1.05781 0.746189 -0.746189
-1.05629 1.36252 -1.36252
-1.0538 0.000234919 -0.000234919
-1.05293 0.000632301 -0.000632301
-1.05293 0.163767 -0.163767
-1.04984 1.0055 -1.0055
-1.04788 0.167896 -0.167896
-1.04776 0.119685 -0.119685
-1.04464 0.055597 -0.055597
-1.04464 1.38416 -1.38416
-1.03851 0.874683 -0.874683
-1.03441 0.0337216 -0.0337216
-1.03382 0.874685 -0.874685
-1.03382 0.325594 -0.325594
-1.03232 1.40246 -1.40246
-1.0302 0.0340447 -0.0340447
-1.0302 9.88135e-05 -9.88135e-05
-1.02629 0.631666 -0.631666
-1.02135 0.0295491 -0.0295491
-1.02056 1.02759 -1.02759
-1.01762 0.511519 -0.511519
-1.01762 0.180393 -0.180393
-1.01504 0.16834 -0.16834
-1.01504 1.07331 -1.07331
-1.00933 0.605863 -0.605863
-1.00868 0.000410621 -0.000410621
-1.00868 1.40618 -1.40618
-1.00617 0.0857989 -0.0857989
-1.00125 1.2071 -1.2071
-0.999647 0.400098 -0.400098
-0.997552 0.377034 -0.377034
-0.997552 1.44985 -1.44985
-0.991471 0.0168133 -0.0168133
-0.991471 0.558185 -0.558185
-0.988544 0.0570353 -0.0570353
-0.988544 0.270989 -0.270989
-0.986984 1.4147 -1.4147
-0.98549 1.42554 -1.42554
-0.98549 0.00116823 -0.00116823
-0.97842 1.09117 -1.09117
-0.977142 0.0903342 -0.0903342
-0.977142 0.361862 -0.361862
-0.971268 1.34864 -1.34864
-0.971268 1.43535 -1.43535
-0.96915 0.0115675 -0.0115675
-0.96915 0.896805 -0.896805
-0.962063 0.214734 -0.214734
-0.960954 0.308027 -0.308027
-0.960954 0.703703 -0.703703
-0.960954 1.36459 -1.36459
-0.953087 0.892414 -0.892414
-0.953087 0.151787 -0.151787
-0.953087 0.381417 -0.381417
-0.947076 0.00905305 -0.00905305
-0.940778 0.581182 -0.581182
-0.940778 1.33128 -1.33128
-0.937735 0.292114 -0.292114
-0.937735 1.46784 -1.46784
-0.932809 0.0281904 -0.0281904
-0.932809 1.06003 -1.06003
-0.929315 0.742864 -0.742864
-0.925377 0.265051 -0.265051
-0.925375 1.46802 -1.46802
-0.919912 0.545405 -0.545405
-0.918436 1.06286 -1.06286
-0.918436 0.232136 -0.232136
-0.913592 1.49784 -1.49784
-0.912314 1.36463 -1.36463
-0.912314 1.05333 -1.05333
-0.905799 0.519478 -0.519478
-0.905799 1.5316 -1.5316
-0.904107 0.444653 -0.444653
-0.904107 0.947448 -0.947448
-0.892949 1.26838 -1.26838
-0.892949 1.28369 -1.28369
-0.892949 1.36248 -1.36248
-0.890326 0.0027148 -0.0027148
-0.883007 0.0638436 -0.0638436
-0.879872 0.910049 -0.910049
-0.878006 1.40881 -1.40881
-0.875329 0.727676 -0.727676
-0.875329 1.09591 -1.09591
-0.875329 0.940737 -0.940737
-0.863169 1.54685 -1.54685
-0.863169 0.851951 -0.851951
-0.859822 1.55316 -1.55316
-0.856191 1.34748 -1.34748
-0.844521 1.05536 -1.05536
-0.844521 1.48195 -1.48195
-0.844521 1.18666 -1.18666
-0.844521 1.55075 -1.55075
-0.844521 1.0742 -1.0742
-0.830652 1.27277 -1.27277
-0.830652 1.52511 -1.52511
-0.83065 1.43476 -1.43476
-0.821135 1.17193 -1.17193
-0.813881 1.47502 -1.47502
-0.813881 1.37594 -1.37594
-0.813881 1.22173 -1.22173
-0.798347 1.41944 -1.41944
-0.798347 1.5878 -1.5878
-0.782682 1.31635 -1.31635
-0.782682 1.55195 -1.55195
-0.782682 1.63415 -1.63415
-0.782682 1.36081 -1.36081
-0.761656 1.50133 -1.50133
-0.761656 1.5922 -1.5922
-0.750152 1.54068 -1.54068
-0.750152 1.44644 -1.44644
-0.737448 1.48766 -1.48766
-0.737448 1.66716 -1.66716
-0.720455 1.61761 -1.61761
-0.720455 1.56753 -1.56753
-0.720455 1.65338 -1.65338
-0.685119 1.60644 -1.60644
-0.674279 1.68283 -1.68283
-0.674279 1.72303 -1.72303
