-5.16193 2.81187e-17 -2.81187e-17
-5.05495 1.64226e-16 -1.64226e-16
-5.02965 3.9061e-16 -3.9061e-16
-4.9506 2.91528e-16 -2.91528e-16
-4.92613 8.18303e-16 -8.18303e-16
-4.89991 3.04447e-16 -3.04447e-16
-4.84892 9.86565e-17 -9.86565e-17
-4.8253 1.75682e-16 -1.75682e-16
-4.79985 6.8135e-16 -6.8135e-16
-4.77274 4.36239e-16 -4.36239e-16
-4.74993 1.47633e-16 -1.47633e-16
-4.72722 1.95572e-15 -1.95572e-15
-4.70256 1.16004e-15 -1.16004e-15
-4.67615 2.89876e-17 -2.89876e-17
-4.65367 3.17132e-17 -3.17132e-17
-4.64815 8.72794e-17 -8.72794e-17
-4.63191 1.52149e-15 -1.52149e-15
-4.60807 2.67781e-15 -2.67781e-15
-4.5824 2.65389e-16 -2.65389e-16
-4.5602 3.50765e-16 -3.50765e-16
-4.55506 1.43928e-16 -1.43928e-16
-4.53944 1.56334e-15 -1.56334e-15
-4.52618 4.29716e-17 -4.29716e-17
-4.51646 8.31828e-16 -8.31828e-16
-4.49154 7.75641e-16 -7.75641e-16
-4.46955 2.06626e-16 -2.06626e-16
-4.46488 4.79875e-17 -4.79875e-17
-4.44988 8.07899e-16 -8.07899e-16
-4.43661 3.34646e-16 -3.34646e-16
-4.42778 2.4269e-16 -2.4269e-16
-4.40686 9.87717e-16 -9.87717e-16
-4.40364 2.39263e-16 -2.39263e-16
-4.38181 1.91792e-16 -1.91792e-16
-4.37767 1.16401e-16 -1.16401e-16
-4.36329 5.36828e-16 -5.36828e-16
-4.35004 7.18764e-17 -7.18764e-17
-4.34213 1.73354e-15 -1.73354e-15
-4.32086 4.07327e-16 -4.07327e-16
-4.31879 2.32042e-15 -2.32042e-15
-4.29705 4.9077e-15 -4.9077e-15
-4.29354 1.22098e-15 -1.22098e-15
-4.29022 3.16104e-16 -3.16104e-16
-4.27977 2.60083e-14 -2.60083e-14
-4.26655 1.02193e-15 -1.02193e-15
-4.25959 6.84233e-14 -6.84233e-14
-4.23795 4.88527e-18 -4.88527e-18
-4.23709 1.22914e-13 -1.22914e-13
-4.21536 5.51819e-13 -5.51819e-13
-4.21258 1.52046e-13 -1.52046e-13
-4.20784 3.26736e-16 -3.26736e-16
-4.19945 2.98456e-12 -2.98456e-12
-4.18625 1.60588e-13 -1.60588e-13
-4.18031 8.39256e-12 -8.39256e-12
-4.17631 3.12519e-16 -3.12519e-16
-4.15868 1.61926e-11 -1.61926e-11
-4.15824 3.79884e-14 -3.79884e-14
-4.13688 5.32275e-11 -5.32275e-11
-4.13493 2.18857e-11 -2.18857e-11
-4.12867 7.63608e-14 -7.63608e-14
-4.12249 2.73718e-10 -2.73718e-10
-4.10928 2.95152e-11 -2.95152e-11
-4.10442 7.86974e-10 -7.86974e-10
-4.09762 3.41364e-14 -3.41364e-14
-4.08371 1.62427e-09 -1.62427e-09
-4.08188 2.29668e-11 -2.29668e-11
-4.06518 1.0411e-14 -1.0411e-14
-4.06178 4.59508e-09 -4.59508e-09
-4.06074 1.94492e-09 -1.94492e-09
-4.05286 2.6949e-11 -2.6949e-11
-4.04908 1.9521e-08 -1.9521e-08
-4.03582 3.94526e-09 -3.94526e-09
-4.03215 5.58885e-08 -5.58885e-08
-4.0223 1.97268e-11 -1.97268e-11
-4.0124 1.20499e-07 -1.20499e-07
-4.00906 4.06575e-09 -4.06575e-09
-3.99056 4.28203e-07 -4.28203e-07
-3.99029 6.04629e-12 -6.04629e-12
-3.99 2.50111e-08 -2.50111e-08
-3.98061 9.53946e-09 -9.53946e-09
-3.97954 1.06522e-06 -1.06522e-06
-3.9661 4.00472e-07 -4.00472e-07
-3.96377 2.9711e-06 -2.9711e-06
-3.95691 1.01126e-11 -1.01126e-11
-3.95058 8.07317e-09 -8.07317e-09
-3.94506 6.48555e-06 -6.48555e-06
-3.94002 4.97233e-07 -4.97233e-07
-3.92408 2.04491e-05 -2.04491e-05
-3.92252 3.65731e-06 -3.65731e-06
-3.91904 1.60873e-08 -1.60873e-08
-3.91434 4.42218e-05 -4.42218e-05
-3.9122 5.84543e-07 -5.84543e-07
-3.90044 4.0582e-05 -4.0582e-05
-3.89969 0.000126549 -0.000126549
-3.88607 8.15901e-08 -8.15901e-08
-3.88276 5.18718e-06 -5.18718e-06
-3.88212 0.000244332 -0.000244332
-3.87512 4.47215e-05 -4.47215e-05
-3.86254 0.000826633 -0.000826633
-3.85939 9.41243e-05 -9.41243e-05
-3.85424 0.00130772 -0.00130772
-3.85236 4.53854e-06 -4.53854e-06
-3.85133 2.75314e-06 -2.75314e-06
-3.84788 9.0657e-05 -9.0657e-05
-3.84085 0.0018992 -0.0018992
-3.8392 0.000207024 -0.000207024
-3.82403 0.00501387 -0.00501387
-3.82138 0.000258721 -0.000258721
-3.81832 0.000395893 -0.000395893
-3.81507 0.00284139 -0.00284139
-3.80925 0.0175455 -0.0175455
-3.8016 0.0213404 -0.0213404
-3.8016 0.000753484 -0.000753484
-3.79274 0.00298348 -0.00298348
-3.78744 0.0014786 -0.0014786
-3.78744 0.0136529 -0.0136529
-3.78427 0.000256565 -0.000256565
-3.78163 0.00693327 -0.00693327
-3.77236 0.0112287 -0.0112287
-3.76494 0.00787116 -0.00787116
-3.75845 0.0210389 -0.0210389
-3.75845 0.00013852 -0.00013852
-3.75417 0.00105901 -0.00105901
-3.74982 0.0110537 -0.0110537
-3.74909 0.00732474 -0.00732474
-3.74909 0.000203467 -0.000203467
-3.74758 0.0164328 -0.0164328
-3.73959 0.00534267 -0.00534267
-3.73161 0.0102735 -0.0102735
-3.72539 0.00507122 -0.00507122
-3.72092 0.0115693 -0.0115693
-3.72092 0.0299102 -0.0299102
-3.72092 0.0129922 -0.0129922
-3.71109 0.00750784 -0.00750784
-3.71109 0.00185799 -0.00185799
-3.70098 0.0284807 -0.0284807
-3.70098 0.00833494 -0.00833494
-3.69522 0.00521743 -0.00521743
-3.69467 0.00132664 -0.00132664
-3.68968 0.0226507 -0.0226507
-3.68624 2.67549e-06 -2.67549e-06
-3.68026 0.0206152 -0.0206152
-3.67149 0.0065607 -0.0065607
-3.67149 0.0551215 -0.0551215
-3.67136 0.00548104 -0.00548104
-3.66564 0.00455099 -0.00455099
-3.66209 3.32825e-06 -3.32825e-06
-3.66209 0.0355881 -0.0355881
-3.65467 0.00787171 -0.00787171
-3.64992 0.00760316 -0.00760316
-3.64992 2.10434e-09 -2.10434e-09
-3.64367 0.00736006 -0.00736006
-3.64154 0.023771 -0.023771
-3.64067 0.00370522 -0.00370522
-3.63877 0.00190705 -0.00190705
-3.62771 6.91185e-06 -6.91185e-06
-3.62771 0.0489507 -0.0489507
-3.62468 0.0254305 -0.0254305
-3.62247 0.00521889 -0.00521889
-3.61098 0.0379455 -0.0379455
-3.61098 0.0118539 -0.0118539
-3.60844 0.0574646 -0.0574646
-3.60844 0.000776614 -0.000776614
-3.60844 0.00619725 -0.00619725
-3.59483 0.0317888 -0.0317888
-3.59264 0.00324647 -0.00324647
-3.59162 0.000120831 -0.000120831
-3.59153 0.00890913 -0.00890913
-3.58358 0.0204331 -0.0204331
-3.58122 0.00752114 -0.00752114
-3.57558 0.0907695 -0.0907695
-3.57423 2.67278e-05 -2.67278e-05
-3.56932 0.0230531 -0.0230531
-3.56303 0.0224332 -0.0224332
-3.56119 0.00409387 -0.00409387
-3.56048 0.0875636 -0.0875636
-3.55403 0.0263448 -0.0263448
-3.55403 1.28913e-07 -1.28913e-07
-3.55403 0.00262052 -0.00262052
-3.55033 0.0299966 -0.0299966
-3.55033 0.00947261 -0.00947261
-3.53826 6.64425e-05 -6.64425e-05
-3.53422 0.01329 -0.01329
-3.53248 0.00949144 -0.00949144
-3.52744 0.0129607 -0.0129607
-3.52709 0.0076789 -0.0076789
-3.52122 0.0887647 -0.0887647
-3.51677 0.00157137 -0.00157137
-3.51677 0.0625598 -0.0625598
-3.51227 0.0148595 -0.0148595
-3.50074 0.0755929 -0.0755929
-3.50074 2.47695e-05 -2.47695e-05
-3.50074 0.00420401 -0.00420401
-3.49838 0.0348375 -0.0348375
-3.49761 0.0279959 -0.0279959
-3.49119 0.00559651 -0.00559651
-3.49119 0.0210952 -0.0210952
-3.48843 0.0221886 -0.0221886
-3.48148 0.00238029 -0.00238029
-3.47546 0.0124331 -0.0124331
-3.46943 0.0792126 -0.0792126
-3.46239 0.00690551 -0.00690551
-3.46239 0.0151976 -0.0151976
-3.46172 1.38166e-05 -1.38166e-05
-3.46172 0.0548203 -0.0548203
-3.45351 0.00535077 -0.00535077
-3.45351 0.00781935 -0.00781935
-3.45327 0.00163423 -0.00163423
-3.45111 0.0715985 -0.0715985
-3.45111 0.00741753 -0.00741753
-3.44369 0.017432 -0.017432
-3.43718 0.0489037 -0.0489037
-3.43675 0.0254979 -0.0254979
-3.43025 0.00867135 -0.00867135
-3.42272 0.0130678 -0.0130678
-3.41808 0.0383592 -0.0383592
-3.41416 0.0308029 -0.0308029
-3.41416 0.000731611 -0.000731611
-3.41217 0.034332 -0.034332
-3.41217 0.000240767 -0.000240767
-3.4093 0.0334922 -0.0334922
-3.40231 0.0324823 -0.0324823
-3.40231 0.00272794 -0.00272794
-3.39276 0.0739236 -0.0739236
-3.39276 0.0255937 -0.0255937
-3.3898 0.0337727 -0.0337727
-3.3898 0.00667992 -0.00667992
-3.38159 0.0206581 -0.0206581
-3.37552 0.0202561 -0.0202561
-3.37552 0.0053444 -0.0053444
-3.37339 0.000394584 -0.000394584
-3.37339 0.0144022 -0.0144022
-3.368 0.0249691 -0.0249691
-3.36089 0.0138427 -0.0138427
-3.35544 0.0134876 -0.0134876
-3.35544 0.0214297 -0.0214297
-3.35079 0.0499298 -0.0499298
-3.35079 0.00117029 -0.00117029
-3.34531 0.00858829 -0.00858829
-3.34531 0.00248416 -0.00248416
-3.33708 0.0248629 -0.0248629
-3.33708 0.0282991 -0.0282991
-3.33392 0.000764555 -0.000764555
-3.33186 0.0318331 -0.0318331
-3.33186 0.0513206 -0.0513206
-3.32619 0.0139788 -0.0139788
-3.32072 0.0274504 -0.0274504
-3.31999 0.0173709 -0.0173709
-3.31416 0.0263204 -0.0263204
-3.30948 0.0139815 -0.0139815
-3.30078 0.0138325 -0.0138325
-3.30078 0.00702046 -0.00702046
-3.30078 0.031356 -0.031356
-3.29746 0.0422447 -0.0422447
-3.29147 0.00243272 -0.00243272
-3.28987 0.000846043 -0.000846043
-3.28709 0.0066687 -0.0066687
-3.28485 0.0256325 -0.0256325
-3.28485 0.0447011 -0.0447011
-3.28012 0.0106573 -0.0106573
-3.27482 0.0453084 -0.0453084
-3.27161 0.000209066 -0.000209066
-3.27161 0.0365662 -0.0365662
-3.26443 0.0779976 -0.0779976
-3.26112 0.0163205 -0.0163205
-3.26112 0.00533467 -0.00533467
-3.25724 0.0204967 -0.0204967
-3.24962 0.0215636 -0.0215636
-3.24962 0.0213021 -0.0213021
-3.24571 0.0589852 -0.0589852
-3.24112 0.0495617 -0.0495617
-3.24112 0.023743 -0.023743
-3.23777 0.00899163 -0.00899163
-3.23204 0.00292746 -0.00292746
-3.2293 0.00112252 -0.00112252
-3.2258 0.0604509 -0.0604509
-3.21983 0.0337315 -0.0337315
-3.21983 0.0221108 -0.0221108
-3.2173 0.0549042 -0.0549042
-3.2173 0.0221085 -0.0221085
-3.20988 0.0127983 -0.0127983
-3.20547 0.00633922 -0.00633922
-3.20439 0.000634221 -0.000634221
-3.19903 0.00827306 -0.00827306
-3.19822 0.00766281 -0.00766281
-3.19822 0.00114707 -0.00114707
-3.18815 0.0357835 -0.0357835
-3.18815 0.0149253 -0.0149253
-3.18465 0.023362 -0.023362
-3.17913 0.00569573 -0.00569573
-3.17795 0.0253059 -0.0253059
-3.17795 0.0495645 -0.0495645
-3.17522 0.0234141 -0.0234141
-3.16626 0.00414254 -0.00414254
-3.16626 0.0115937 -0.0115937
-3.1619 0.0195959 -0.0195959
-3.1619 0.00331252 -0.00331252
-3.1619 0.108517 -0.108517
-3.15486 0.0496496 -0.0496496
-3.15164 0.0114205 -0.0114205
-3.14708 0.0253703 -0.0253703
-3.14378 0.00839883 -0.00839883
-3.13973 0.0282885 -0.0282885
-3.13882 0.0143819 -0.0143819
-3.13012 0.0478965 -0.0478965
-3.13012 0.0475872 -0.0475872
-3.12766 0.0129412 -0.0129412
-3.1276 0.00894749 -0.00894749
-3.12038 0.0132395 -0.0132395
-3.11853 0.0297112 -0.0297112
-3.11621 0.000267879 -0.000267879
-3.11621 0.0745378 -0.0745378
-3.10519 0.0893999 -0.0893999
-3.10519 0.027847 -0.027847
-3.10519 0.0602749 -0.0602749
-3.10415 0.004841 -0.004841
-3.09631 0.0397364 -0.0397364
-3.09403 0.0375809 -0.0375809
-3.08732 0.000323399 -0.000323399
-3.08732 0.0209025 -0.0209025
-3.08732 0.0141309 -0.0141309
-3.08497 0.00752761 -0.00752761
-3.07654 0.0134222 -0.0134222
-3.07654 0.0213594 -0.0213594
-3.07035 0.0256875 -0.0256875
-3.0684 0.0432988 -0.0432988
-3.06543 0.00467176 -0.00467176
-3.06543 0.0154075 -0.0154075
-3.05947 0.00522247 -0.00522247
-3.05757 0.0193734 -0.0193734
-3.05499 0.0213404 -0.0213404
-3.04853 0.104545 -0.104545
-3.04853 0.0618651 -0.0618651
-3.04467 0.0287296 -0.0287296
-3.04467 0.0400349 -0.0400349
-3.03903 0.0125402 -0.0125402
-3.03447 0.0300132 -0.0300132
-3.03447 0.0255447 -0.0255447
-3.02982 0.00541796 -0.00541796
-3.02351 0.0446142 -0.0446142
-3.01805 0.0240251 -0.0240251
-3.01805 0.0708016 -0.0708016
-3.01767 0.0425111 -0.0425111
-3.01767 0.0385478 -0.0385478
-3.0108 0.0578997 -0.0578997
-3.00625 0.0345981 -0.0345981
-3.00625 0.047645 -0.047645
-3.00074 0.0536544 -0.0536544
-2.99929 0.128568 -0.128568
-2.99318 0.0285041 -0.0285041
-2.99318 0.0235806 -0.0235806
-2.99248 0.0188165 -0.0188165
-2.98596 0.0155045 -0.0155045
-2.97719 0.0270687 -0.0270687
-2.97719 0.000432446 -0.000432446
-2.97719 0.0160614 -0.0160614
-2.97268 0.0178774 -0.0178774
-2.97217 0.0245601 -0.0245601
-2.96676 0.0677167 -0.0677167
-2.96553 0.0838424 -0.0838424
-2.96009 0.0578427 -0.0578427
-2.9585 0.00756881 -0.00756881
-2.9539 0.0555948 -0.0555948
-2.95172 0.0057772 -0.0057772
-2.95172 0.0121094 -0.0121094
-2.95172 0.0417643 -0.0417643
-2.94592 0.109854 -0.109854
-2.94214 0.0383005 -0.0383005
-2.93913 0.0427984 -0.0427984
-2.93495 0.018978 -0.018978
-2.93266 0.0329194 -0.0329194
-2.92799 0.0198826 -0.0198826
-2.92665 0.0540602 -0.0540602
-2.9217 0.0378627 -0.0378627
-2.91816 0.0127048 -0.0127048
-2.91523 0.0272787 -0.0272787
-2.91523 0.0160563 -0.0160563
-2.90947 0.0536676 -0.0536676
-2.90795 0.00474575 -0.00474575
-2.90454 0.0309549 -0.0309549
-2.90443 0.0120486 -0.0120486
-2.89889 0.0339857 -0.0339857
-2.89531 0.021907 -0.021907
-2.88972 0.0570025 -0.0570025
-2.88972 0.0603128 -0.0603128
-2.88551 0.0406327 -0.0406327
-2.88369 0.00898162 -0.00898162
-2.87773 0.00667238 -0.00667238
-2.87677 0.0123271 -0.0123271
-2.87371 0.00865295 -0.00865295
-2.86868 0.0445629 -0.0445629
-2.86868 0.0414893 -0.0414893
-2.86337 0.0832319 -0.0832319
-2.86337 0.0293493 -0.0293493
-2.86078 0.0172626 -0.0172626
-2.85438 0.0224073 -0.0224073
-2.85438 0.0481264 -0.0481264
-2.8508 0.0650366 -0.0650366
-2.84753 0.0781775 -0.0781775
-2.84438 0.00103685 -0.00103685
-2.84218 0.0144242 -0.0144242
-2.84218 0.0489802 -0.0489802
-2.83294 0.0213802 -0.0213802
-2.83294 0.0103731 -0.0103731
-2.83267 0.0937232 -0.0937232
-2.82736 0.00816751 -0.00816751
-2.82359 0.0236611 -0.0236611
-2.82359 0.00458052 -0.00458052
-2.82023 0.0404361 -0.0404361
-2.81698 0.0494807 -0.0494807
-2.81187 0.0105174 -0.0105174
-2.80818 0.0406377 -0.0406377
-2.80684 0.0217149 -0.0217149
-2.80243 0.0140592 -0.0140592
-2.79757 0.0149907 -0.0149907
-2.79757 0.0102799 -0.0102799
-2.79078 0.0382522 -0.0382522
-2.79078 0.0696547 -0.0696547
-2.78921 0.0349627 -0.0349627
-2.78495 0.0313667 -0.0313667
-2.78032 0.00365419 -0.00365419
-2.78025 0.0173738 -0.0173738
-2.77549 0.0684837 -0.0684837
-2.77526 0.00986792 -0.00986792
-2.76762 0.070753 -0.070753
-2.76762 0.0669202 -0.0669202
-2.76597 0.0229329 -0.0229329
-2.76144 0.0108345 -0.0108345
-2.75631 0.0314153 -0.0314153
-2.75631 0.015388 -0.015388
-2.75275 0.073831 -0.073831
-2.75004 0.0387416 -0.0387416
-2.74604 0.082193 -0.082193
-2.74604 0.0653454 -0.0653454
-2.74193 0.0114118 -0.0114118
-2.73766 0.0367476 -0.0367476
-2.73766 0.00593061 -0.00593061
-2.73302 0.0492006 -0.0492006
-2.72826 0.0486978 -0.0486978
-2.72479 0.114407 -0.114407
-2.72479 0.0273576 -0.0273576
-2.72126 0.0262952 -0.0262952
-2.71638 0.0168443 -0.0168443
-2.71638 0.0775803 -0.0775803
-2.71173 0.0183111 -0.0183111
-2.70486 0.00993776 -0.00993776
-2.70486 0.0298707 -0.0298707
-2.70486 0.162409 -0.162409
-2.70152 0.00948165 -0.00948165
-2.698 0.0270146 -0.0270146
-2.69501 0.0638836 -0.0638836
-2.68763 0.0378443 -0.0378443
-2.68763 0.0295346 -0.0295346
-2.68763 0.01593 -0.01593
-2.68031 0.0905714 -0.0905714
-2.68031 0.0458903 -0.0458903
-2.67793 0.0345771 -0.0345771
-2.67442 0.0042438 -0.0042438
-2.67442 0.0245113 -0.0245113
-2.66772 0.0140333 -0.0140333
-2.6648 0.0554676 -0.0554676
-2.6612 0.0406972 -0.0406972
-2.65751 0.0160547 -0.0160547
-2.65751 0.119682 -0.119682
-2.65751 0.068717 -0.068717
-2.6512 0.0222026 -0.0222026
-2.64579 0.0225413 -0.0225413
-2.64434 0.0105006 -0.0105006
-2.63952 0.0100406 -0.0100406
-2.63952 0.0259382 -0.0259382
-2.63752 0.0083142 -0.0083142
-2.63351 0.00870358 -0.00870358
-2.62915 0.0432089 -0.0432089
-2.62583 0.00111884 -0.00111884
-2.62583 0.110406 -0.110406
-2.62019 0.0380296 -0.0380296
-2.62019 0.0248489 -0.0248489
-2.61607 0.114948 -0.114948
-2.61178 0.0239314 -0.0239314
-2.60906 0.0594824 -0.0594824
-2.60627 0.0052486 -0.0052486
-2.60627 0.130572 -0.130572
-2.59877 0.0102724 -0.0102724
-2.59877 0.0235199 -0.0235199
-2.59407 0.038633 -0.038633
-2.59267 0.0303354 -0.0303354
-2.59267 0.0877634 -0.0877634
-2.58667 0.00457933 -0.00457933
-2.58667 0.0693072 -0.0693072
-2.58067 0.116528 -0.116528
-2.57949 0.160288 -0.160288
-2.57693 0.0707869 -0.0707869
-2.57139 0.0628555 -0.0628555
-2.57139 0.0667467 -0.0667467
-2.56486 0.0441911 -0.0441911
-2.56486 0.0674891 -0.0674891
-2.5621 0.150129 -0.150129
-2.55839 0.00603632 -0.00603632
-2.55753 0.0164874 -0.0164874
-2.55753 0.123107 -0.123107
-2.54912 0.00628623 -0.00628623
-2.54869 0.0594112 -0.0594112
-2.54363 0.0307521 -0.0307521
-2.54298 0.027913 -0.027913
-2.54132 0.0374027 -0.0374027
-2.53378 0.0372862 -0.0372862
-2.53198 0.0236804 -0.0236804
-2.52991 0.0695311 -0.0695311
-2.52587 0.0353498 -0.0353498
-2.52461 0.0323871 -0.0323871
-2.52046 0.067397 -0.067397
-2.51396 0.0668664 -0.0668664
-2.51396 0.0437237 -0.0437237
-2.51212 0.0146344 -0.0146344
-2.50797 0.0637984 -0.0637984
-2.50797 0.127495 -0.127495
-2.50545 0.0765934 -0.0765934
-2.50026 0.0418677 -0.0418677
-2.49846 0.14587 -0.14587
-2.49251 0.0184985 -0.0184985
-2.49251 0.00153146 -0.00153146
-2.4912 0.0510246 -0.0510246
-2.48336 0.118225 -0.118225
-2.48336 0.0558346 -0.0558346
-2.48246 0.0445918 -0.0445918
-2.47564 0.0338562 -0.0338562
-2.47415 0.0276117 -0.0276117
-2.47415 0.0797194 -0.0797194
-2.46906 0.134378 -0.134378
-2.46906 0.00132382 -0.00132382
-2.46906 0.0447925 -0.0447925
-2.46355 0.0342984 -0.0342984
-2.46061 0.0718015 -0.0718015
-2.45441 0.0807319 -0.0807319
-2.45441 0.0448838 -0.0448838
-2.44984 0.00538661 -0.00538661
-2.44282 0.0033229 -0.0033229
-2.44282 0.173569 -0.173569
-2.44085 0.0657591 -0.0657591
-2.43828 0.0981429 -0.0981429
-2.43828 0.0626608 -0.0626608
-2.43333 0.0381174 -0.0381174
-2.43294 0.098115 -0.098115
-2.42962 0.114585 -0.114585
-2.42542 0.022711 -0.022711
-2.42131 0.104368 -0.104368
-2.41868 0.128865 -0.128865
-2.41868 0.00975319 -0.00975319
-2.41449 0.105219 -0.105219
-2.41304 0.0467982 -0.0467982
-2.41304 0.0197957 -0.0197957
-2.40241 0.00866319 -0.00866319
-2.40241 0.113799 -0.113799
-2.3983 0.0582501 -0.0582501
-2.39698 0.0652033 -0.0652033
-2.39165 0.0288359 -0.0288359
-2.39165 0.101654 -0.101654
-2.3888 0.0520927 -0.0520927
-2.3888 0.0617303 -0.0617303
-2.38164 0.000848486 -0.000848486
-2.38164 0.069826 -0.069826
-2.3774 0.171449 -0.171449
-2.37274 0.00221964 -0.00221964
-2.37274 0.0218923 -0.0218923
-2.36809 0.0617057 -0.0617057
-2.36586 0.0194068 -0.0194068
-2.36586 0.157573 -0.157573
-2.35904 0.0436506 -0.0436506
-2.35904 0.130887 -0.130887
-2.35778 0.156062 -0.156062
-2.34932 0.138968 -0.138968
-2.34926 0.0257042 -0.0257042
-2.34646 0.132871 -0.132871
-2.34349 0.154385 -0.154385
-2.33639 0.0772736 -0.0772736
-2.33639 0.0379769 -0.0379769
-2.33639 0.0579261 -0.0579261
-2.33532 0.0635319 -0.0635319
-2.32907 0.00646442 -0.00646442
-2.32615 0.111952 -0.111952
-2.323 0.13353 -0.13353
-2.323 0.100666 -0.100666
-2.31558 0.146387 -0.146387
-2.31558 0.157016 -0.157016
-2.31306 0.0528879 -0.0528879
-2.31306 0.0400752 -0.0400752
-2.3072 0.23449 -0.23449
-2.3043 0.0379822 -0.0379822
-2.3043 0.0160449 -0.0160449
-2.29982 0.0734237 -0.0734237
-2.29796 0.10787 -0.10787
-2.29796 0.138071 -0.138071
-2.2887 0.117996 -0.117996
-2.2887 0.0361565 -0.0361565
-2.28481 0.115451 -0.115451
-2.28427 0.168356 -0.168356
-2.28427 0.148027 -0.148027
-2.27928 0.0225986 -0.0225986
-2.27814 0.120223 -0.120223
-2.26852 0.14307 -0.14307
-2.26852 0.106954 -0.106954
-2.26852 0.154442 -0.154442
-2.26258 0.00346227 -0.00346227
-2.26258 0.0126811 -0.0126811
-2.25992 0.0607521 -0.0607521
-2.25627 0.0319041 -0.0319041
-2.25269 0.0675026 -0.0675026
-2.24951 0.0441815 -0.0441815
-2.24654 0.17298 -0.17298
-2.24531 0.0240458 -0.0240458
-2.23943 0.0195445 -0.0195445
-2.23943 0.103854 -0.103854
-2.23683 0.0692399 -0.0692399
-2.2357 0.0721439 -0.0721439
-2.23046 0.0447086 -0.0447086
-2.22525 0.209698 -0.209698
-2.22525 0.132946 -0.132946
-2.22003 0.202378 -0.202378
-2.21703 0.0108923 -0.0108923
-2.21505 0.18692 -0.18692
-2.21355 0.0160985 -0.0160985
-2.21123 0.00789828 -0.00789828
-2.21033 0.00536818 -0.00536818
-2.20572 0.0551967 -0.0551967
-2.20196 0.0468416 -0.0468416
-2.19848 0.200341 -0.200341
-2.19848 0.211234 -0.211234
-2.19358 0.00459211 -0.00459211
-2.19358 0.0676142 -0.0676142
-2.18854 0.00889514 -0.00889514
-2.18854 0.018054 -0.018054
-2.18369 0.148765 -0.148765
-2.18094 0.0110001 -0.0110001
-2.18094 0.0757586 -0.0757586
-2.17573 0.035923 -0.035923
-2.17217 0.153637 -0.153637
-2.16897 0.0319862 -0.0319862
-2.16897 0.020384 -0.020384
-2.16472 0.0769942 -0.0769942
-2.16472 0.0394654 -0.0394654
-2.16208 0.0718537 -0.0718537
-2.15516 0.344726 -0.344726
-2.15339 0.0745434 -0.0745434
-2.15339 0.0598024 -0.0598024
-2.14852 0.0527491 -0.0527491
-2.14852 0.0874029 -0.0874029
-2.1427 0.0133939 -0.0133939
-2.14134 0.0874907 -0.0874907
-2.13861 0.0621793 -0.0621793
-2.13861 0.0874351 -0.0874351
-2.13319 0.0236368 -0.0236368
-2.1267 0.210794 -0.210794
-2.12323 0.0967308 -0.0967308
-2.12323 0.140533 -0.140533
-2.12173 0.0302518 -0.0302518
-2.12173 0.0158519 -0.0158519
-2.11617 0.0679917 -0.0679917
-2.11617 0.127624 -0.127624
-2.1107 0.0748542 -0.0748542
-2.10835 0.0383653 -0.0383653
-2.10126 0.031025 -0.031025
-2.10126 0.0992463 -0.0992463
-2.09818 0.1629 -0.1629
-2.09818 0.132989 -0.132989
-2.09447 0.0512572 -0.0512572
-2.0934 0.0426229 -0.0426229
-2.08742 0.0559961 -0.0559961
-2.08742 0.00686528 -0.00686528
-2.0807 0.225712 -0.225712
-2.08002 0.0305198 -0.0305198
-2.07604 0.129609 -0.129609
-2.07436 0.0111642 -0.0111642
-2.07436 0.109297 -0.109297
-2.0689 0.109133 -0.109133
-2.0689 0.00954394 -0.00954394
-2.0629 0.203559 -0.203559
-2.062 0.110643 -0.110643
-2.05997 0.0323344 -0.0323344
-2.05633 0.0208864 -0.0208864
-2.0541 0.154582 -0.154582
-2.04817 0.0394811 -0.0394811
-2.04743 0.00212992 -0.00212992
-2.04743 0.159231 -0.159231
-2.04097 0.00750794 -0.00750794
-2.04097 0.179375 -0.179375
-2.03584 0.160815 -0.160815
-2.03482 0.127634 -0.127634
-2.03171 0.0604167 -0.0604167
-2.02677 0.0270078 -0.0270078
-2.02677 0.0311617 -0.0311617
-2.02677 0.152186 -0.152186
-2.02316 0.08337 -0.08337
-2.01936 0.393558 -0.393558
-2.0163 0.0367194 -0.0367194
-2.0163 0.0992586 -0.0992586
-2.01011 0.179065 -0.179065
-2.00492 0.0186663 -0.0186663
-2.00278 0.00347968 -0.00347968
-2.00278 0.105886 -0.105886
-2.00262 0.0836188 -0.0836188
-1.99709 0.00115475 -0.00115475
-1.99633 0.106901 -0.106901
-1.99288 0.0169839 -0.0169839
-1.98842 0.218397 -0.218397
-1.98842 0.326698 -0.326698
-1.98318 0.0184312 -0.0184312
-1.98301 0.1926 -0.1926
-1.97747 0.00357994 -0.00357994
-1.97747 0.0251459 -0.0251459
-1.9772 0.142028 -0.142028
-1.97466 0.255671 -0.255671
-1.96861 0.24955 -0.24955
-1.9668 0.0130478 -0.0130478
-1.96469 0.10963 -0.10963
-1.9623 0.0781022 -0.0781022
-1.95607 0.108547 -0.108547
-1.95201 0.0675063 -0.0675063
-1.95017 0.0817438 -0.0817438
-1.94744 0.0167044 -0.0167044
-1.94581 0.0045577 -0.0045577
-1.94581 0.095876 -0.095876
-1.94132 0.194043 -0.194043
-1.93685 0.0696904 -0.0696904
-1.93562 0.0554732 -0.0554732
-1.93033 0.014539 -0.014539
-1.928 0.0268949 -0.0268949
-1.928 0.0480647 -0.0480647
-1.928 0.0205589 -0.0205589
-1.92483 0.34965 -0.34965
-1.92483 0.0784448 -0.0784448
-1.9149 0.166636 -0.166636
-1.9127 0.0238123 -0.0238123
-1.91121 0.0195741 -0.0195741
-1.91121 0.27225 -0.27225
-1.90897 0.209788 -0.209788
-1.90616 0.0807631 -0.0807631
-1.89689 0.0388459 -0.0388459
-1.89654 0.0156545 -0.0156545
-1.89377 0.0666777 -0.0666777
-1.89377 0.0856567 -0.0856567
-1.89262 0.260853 -0.260853
-1.8906 0.369109 -0.369109
-1.8862 0.202046 -0.202046
-1.88125 0.112266 -0.112266
-1.87752 0.0433573 -0.0433573
-1.87752 0.0501024 -0.0501024
-1.87747 0.120194 -0.120194
-1.8751 0.0610685 -0.0610685
-1.86903 0.00323561 -0.00323561
-1.86903 0.000671914 -0.000671914
-1.8652 0.0803612 -0.0803612
-1.85943 0.0139477 -0.0139477
-1.85943 0.0117741 -0.0117741
-1.85624 0.00847874 -0.00847874
-1.85447 0.269131 -0.269131
-1.84837 0.0862032 -0.0862032
-1.84807 0.178781 -0.178781
-1.84807 0.253379 -0.253379
-1.84328 0.00514422 -0.00514422
-1.83838 0.0461952 -0.0461952
-1.83766 0.0465887 -0.0465887
-1.83766 0.381416 -0.381416
-1.83325 0.125731 -0.125731
-1.82798 0.241678 -0.241678
-1.8261 3.4103e-06 -3.4103e-06
-1.82578 0.311347 -0.311347
-1.82174 0.429618 -0.429618
-1.821 0.0444748 -0.0444748
-1.81669 0.118732 -0.118732
-1.81669 0.119463 -0.119463
-1.81349 0.0131018 -0.0131018
-1.81113 0.0739765 -0.0739765
-1.80578 0.111934 -0.111934
-1.80498 0.182113 -0.182113
-1.7997 0.112922 -0.112922
-1.79969 0.0116941 -0.0116941
-1.79442 0.0884852 -0.0884852
-1.79063 0.605199 -0.605199
-1.78997 0.000848871 -0.000848871
-1.78997 0.356607 -0.356607
-1.78311 0.280821 -0.280821
-1.78311 0.202896 -0.202896
-1.78136 0.010621 -0.010621
-1.78066 0.160552 -0.160552
-1.774 0.000313705 -0.000313705
-1.77102 0.178638 -0.178638
-1.77102 0.184456 -0.184456
-1.76569 0.090452 -0.090452
-1.76505 0.0284716 -0.0284716
-1.76207 0.13412 -0.13412
-1.75869 0.0952307 -0.0952307
-1.75523 0.140355 -0.140355
-1.75178 0.0277964 -0.0277964
-1.75016 0.00133391 -0.00133391
-1.74619 0.104334 -0.104334
-1.74619 0.260983 -0.260983
-1.74145 0.132472 -0.132472
-1.7396 0.151075 -0.151075
-1.7396 0.414027 -0.414027
-1.73596 0.00117267 -0.00117267
-1.73363 0.0341734 -0.0341734
-1.73363 0.195268 -0.195268
-1.72431 0.0837246 -0.0837246
-1.72395 0.431283 -0.431283
-1.72395 0.220179 -0.220179
-1.72114 0.000695698 -0.000695698
-1.71927 0.258139 -0.258139
-1.71785 0.20193 -0.20193
-1.71168 0.222859 -0.222859
-1.70851 0.0320805 -0.0320805
-1.70851 0.283168 -0.283168
-1.70229 0.0313252 -0.0313252
-1.70122 0.00430163 -0.00430163
-1.69582 0.253885 -0.253885
-1.69492 0.00530829 -0.00530829
-1.69492 0.190407 -0.190407
-1.69159 0.725171 -0.725171
-1.68731 0.0678515 -0.0678515
-1.68554 0.0341649 -0.0341649
-1.68147 0.033534 -0.033534
-1.68147 0.06116 -0.06116
-1.68125 0.0435285 -0.0435285
-1.68039 0.545718 -0.545718
-1.68039 0.186169 -0.186169
-1.67162 0.0396098 -0.0396098
-1.66757 3.64154e-05 -3.64154e-05
-1.66661 0.00300484 -0.00300484
-1.66558 0.00488551 -0.00488551
-1.65859 0.136822 -0.136822
-1.65794 0.111848 -0.111848
-1.65536 0.145477 -0.145477
-1.65105 0.056296 -0.056296
-1.65075 0.150153 -0.150153
-1.65075 0.17031 -0.17031
-1.64318 0.0112988 -0.0112988
-1.64299 0.0889395 -0.0889395
-1.63824 0.210171 -0.210171
-1.63824 0.0300208 -0.0300208
-1.63176 0.0538529 -0.0538529
-1.62824 0.0758327 -0.0758327
-1.62569 0.257935 -0.257935
-1.62569 0.0005412 -0.0005412
-1.62494 0.483658 -0.483658
-1.62102 0.113082 -0.113082
-1.61714 0.0257641 -0.0257641
-1.61661 0.298549 -0.298549
-1.61317 3.73027e-05 -3.73027e-05
-1.61317 0.220194 -0.220194
-1.60815 0.00477774 -0.00477774
-1.60712 0.00760775 -0.00760775
-1.60712 0.0928141 -0.0928141
-1.59772 0.057491 -0.057491
-1.59772 0.210759 -0.210759
-1.59329 0.289659 -0.289659
-1.59329 0.102068 -0.102068
-1.59023 0.541395 -0.541395
-1.58689 0.332649 -0.332649
-1.58414 0.00196587 -0.00196587
-1.58056 0.268428 -0.268428
-1.58056 0.000436444 -0.000436444
-1.57826 0.301466 -0.301466
-1.57489 0.0326087 -0.0326087
-1.57006 0.336971 -0.336971
-1.56911 0.0300189 -0.0300189
-1.56911 0.0129978 -0.0129978
-1.56714 0.0631338 -0.0631338
-1.56448 0.162492 -0.162492
-1.55986 0.00724883 -0.00724883
-1.55806 2.28477e-06 -2.28477e-06
-1.55285 0.451827 -0.451827
-1.55232 0.0220453 -0.0220453
-1.54911 0.00332144 -0.00332144
-1.54773 0.00795023 -0.00795023
-1.54692 0.21504 -0.21504
-1.5378 0.0144303 -0.0144303
-1.5378 0.0272981 -0.0272981
-1.53439 0.0297747 -0.0297747
-1.53426 0.232805 -0.232805
-1.52559 0.33688 -0.33688
-1.52559 0.0649843 -0.0649843
-1.52534 0.418985 -0.418985
-1.52194 0.797512 -0.797512
-1.52194 0.000237244 -0.000237244
-1.51875 0.357794 -0.357794
-1.5159 0.271333 -0.271333
-1.5117 0.00243723 -0.00243723
-1.50977 0.136668 -0.136668
-1.50977 0.32794 -0.32794
-1.50639 0.10797 -0.10797
-1.50379 0.0276612 -0.0276612
-1.50231 0.000332629 -0.000332629
-1.50231 0.291117 -0.291117
-1.49584 0.790949 -0.790949
-1.48944 0.249155 -0.249155
-1.48944 0.00156118 -0.00156118
-1.4884 0.100347 -0.100347
-1.48799 0.486991 -0.486991
-1.48583 0.329941 -0.329941
-1.47927 0.00289662 -0.00289662
-1.47927 0.1364 -0.1364
-1.47527 0.161954 -0.161954
-1.47453 0.00332762 -0.00332762
-1.4659 0.0988587 -0.0988587
-1.4659 0.0037188 -0.0037188
-1.4623 0.000479749 -0.000479749
-1.4623 0.519539 -0.519539
-1.45518 0.449805 -0.449805
-1.45518 0.386226 -0.386226
-1.45307 4.36218e-05 -4.36218e-05
-1.45214 0.697856 -0.697856
-1.45214 0.150759 -0.150759
-1.44744 0.0182925 -0.0182925
-1.44609 0.00016326 -0.00016326
-1.44609 0.00289666 -0.00289666
-1.44609 0.12465 -0.12465
-1.43361 0.136541 -0.136541
-1.42918 0.744341 -0.744341
-1.42918 4.14533e-05 -4.14533e-05
-1.42813 0.0706123 -0.0706123
-1.4257 0.499438 -0.499438
-1.41995 0.0359639 -0.0359639
-1.41995 0.477199 -0.477199
-1.41995 0.142656 -0.142656
-1.41773 0.0692748 -0.0692748
-1.41415 0.000279812 -0.000279812
-1.40982 0.178277 -0.178277
-1.40571 0.483568 -0.483568
-1.40571 0.00029261 -0.00029261
-1.40167 1.13789e-05 -1.13789e-05
-1.39932 0.406553 -0.406553
-1.39473 0.309369 -0.309369
-1.39179 0.000536068 -0.000536068
-1.39179 0.02405 -0.02405
-1.39012 0.13616 -0.13616
-1.38737 0.361971 -0.361971
-1.38737 0.51609 -0.51609
-1.38578 0.0053444 -0.0053444
-1.38401 0.0850011 -0.0850011
-1.37873 0.300939 -0.300939
-1.37873 0.0740791 -0.0740791
-1.36835 3.59018e-05 -3.59018e-05
-1.36762 0.00419257 -0.00419257
-1.36636 0.0200691 -0.0200691
-1.36245 0.547223 -0.547223
-1.35928 0.214841 -0.214841
-1.35928 0.197929 -0.197929
-1.35702 0.559369 -0.559369
-1.35306 0.000176814 -0.000176814
-1.35306 0.338689 -0.338689
-1.34496 1.01988 -1.01988
-1.34496 0.00476654 -0.00476654
-1.34025 1.32564e-06 -1.32564e-06
-1.34025 0.0800599 -0.0800599
-1.33486 0.00996876 -0.00996876
-1.3304 0.0480846 -0.0480846
-1.3304 0.732888 -0.732888
-1.32644 0.108513 -0.108513
-1.32477 0.0935579 -0.0935579
-1.32477 0.0092014 -0.0092014
-1.31998 0.670553 -0.670553
-1.31998 0.00982038 -0.00982038
-1.31465 0.637569 -0.637569
-1.30696 2.59437e-05 -2.59437e-05
-1.30645 0.00253946 -0.00253946
-1.30645 0.0849891 -0.0849891
-1.30089 0.683005 -0.683005
-1.29884 0.0101651 -0.0101651
-1.2973 0.0700705 -0.0700705
-1.29419 0.481797 -0.481797
-1.29136 2.37502e-06 -2.37502e-06
-1.29136 0.836281 -0.836281
-1.2837 1.12578 -1.12578
-1.2837 8.79102e-05 -8.79102e-05
-1.28268 0.320288 -0.320288
-1.27575 0.174843 -0.174843
-1.2698 0.25857 -0.25857
-1.2698 0.0632281 -0.0632281
-1.26677 0.034603 -0.034603
-1.26426 1.01433 -1.01433
-1.26322 0.000167667 -0.000167667
-1.26322 0.281403 -0.281403
-1.25385 0.930107 -0.930107
-1.25385 0.324284 -0.324284
-1.245 0.279904 -0.279904
-1.245 5.63437e-05 -5.63437e-05
-1.24497 0.00216163 -0.00216163
-1.23826 0.200796 -0.200796
-1.23826 0.185084 -0.185084
-1.2357 0.344997 -0.344997
-1.2357 0.237816 -0.237816
-1.2357 0.21568 -0.21568
-1.22192 6.80364e-05 -6.80364e-05
-1.22192 0.0113866 -0.0113866
-1.22192 0.840394 -0.840394
-1.21473 1.05996 -1.05996
-1.21473 0.119892 -0.119892
-1.20818 0.29623 -0.29623
-1.20818 0.0964351 -0.0964351
-1.20443 0.0132438 -0.0132438
-1.2011 0.000446059 -0.000446059
-1.20057 0.53519 -0.53519
-1.19972 0.3725 -0.3725
-1.1925 1.21703 -1.21703
-1.18707 0.675931 -0.675931
-1.18296 1.14254 -1.14254
-1.18296 0.000207361 -0.000207361
-1.18296 0.013229 -0.013229
-1.17565 0.405204 -0.405204
-1.17565 0.629812 -0.629812
-1.17407 0.0594154 -0.0594154
-1.17242 0.627291 -0.627291
-1.15982 0.553174 -0.553174
-1.1596 1.40929e-05 -1.40929e-05
-1.1596 1.00657 -1.00657
-1.1529 0.208491 -0.208491
-1.1529 0.688407 -0.688407
-1.15067 0.135874 -0.135874
-1.14649 0.00381333 -0.00381333
-1.14239 0.00265139 -0.00265139
-1.14239 0.0975531 -0.0975531
-1.13463 1.19301 -1.19301
-1.13463 0.545701 -0.545701
-1.12727 0.259263 -0.259263
-1.12048 0.04044 -0.04044
-1.12048 0.000419856 -0.000419856
-1.11428 0.447039 -0.447039
-1.11428 0.758872 -0.758872
-1.11291 0.0259897 -0.0259897
-1.1119 0.000877203 -0.000877203
-1.10626 0.997348 -0.997348
-1.09579 0.228394 -0.228394
-1.09579 0.939621 -0.939621
-1.08972 0.745863 -0.745863
-1.08801 0.146867 -0.146867
-1.08365 0.0403364 -0.0403364
-1.08365 1.27578 -1.27578
-1.08007 0.46854 -0.46854
-1.08007 0.148588 -0.148588
-1.07806 0.0109711 -0.0109711
-1.06901 1.24744 -1.24744
-1.06901 0.425402 -0.425402
-1.06453 1.3774 -1.3774
-1.06029 0.00692006 -0.00692006
-1.05404 0.595499 -0.595499
-1.05067 0.100208 -0.100208
-1.04919 0.0119467 -0.0119467
-1.04919 1.31968 -1.31968
-1.03704 0.33115 -0.33115
-1.03704 0.0595788 -0.0595788
-1.03704 0.116951 -0.116951
-1.02463 0.173742 -0.173742
-1.0232 1.04182 -1.04182
-1.01712 0.00351536 -0.00351536
-1.01712 0.614904 -0.614904
-1.01712 0.848695 -0.848695
-1.014 0.727459 -0.727459
-1.00491 0.25774 -0.25774
-0.996061 1.4234 -1.4234
-0.996061 0.669636 -0.669636
-0.996061 0.088081 -0.088081
-0.987681 0.791049 -0.791049
-0.987681 0.0322456 -0.0322456
-0.983645 1.36215 -1.36215
-0.983645 1.41256 -1.41256
-0.974754 0.222821 -0.222821
-0.972297 0.654099 -0.654099
-0.960754 1.38691 -1.38691
-0.960754 0.077572 -0.077572
-0.960754 0.358654 -0.358654
-0.960754 0.840024 -0.840024
-0.954422 0.0619296 -0.0619296
-0.942696 0.213866 -0.213866
-0.937391 1.30391 -1.30391
-0.932265 0.0343688 -0.0343688
-0.929658 0.967198 -0.967198
-0.91863 0.8414 -0.8414
-0.918629 1.46699 -1.46699
-0.918629 0.803756 -0.803756
-0.911733 0.14823 -0.14823
-0.911733 1.09046 -1.09046
-0.902141 1.44213 -1.44213
-0.891537 0.159425 -0.159425
-0.890415 0.847823 -0.847823
-0.890415 1.52449 -1.52449
-0.876083 0.585813 -0.585813
-0.876083 0.661288 -0.661288
-0.876083 1.03444 -1.03444
-0.876083 1.25947 -1.25947
-0.860104 0.481621 -0.481621
-0.85331 1.42582 -1.42582
-0.850482 0.978124 -0.978124
-0.850482 1.21421 -1.21421
-0.831176 1.02917 -1.02917
-0.819945 1.33496 -1.33496
-0.819945 1.58679 -1.58679
-0.805386 1.53963 -1.53963
-0.805386 1.18512 -1.18512
-0.805386 1.25377 -1.25377
-0.773691 1.46198 -1.46198
-0.773691 1.57471 -1.57471
-0.756372 1.51774 -1.51774
-0.756372 1.3818 -1.3818
-0.742659 1.44165 -1.44165
-0.718598 1.6205 -1.6205
-0.718598 1.55531 -1.55531
-0.718598 1.68068 -1.68068
-0.653829 1.61001 -1.61001
-0.653829 1.71931 -1.71931
