-5.16193 0.0256319
-5.16193 0.223469
-5.16193 0.223469
-5.05495 0.227392
-5.05495 0.0397693
-5.05495 0.227392
-5.02965 0.0143616
-5.02965 0.227151
-5.02965 0.227151
-4.9506 0.231599
-4.9506 0.0540494
-4.9506 0.231599
-4.92613 0.231423
-4.92613 0.0286549
-4.92613 0.231423
-4.89991 0.0032185
-4.89991 0.231056
-4.89991 0.231056
-4.84892 0.23612
-4.84892 0.0684899
-4.84892 0.23612
-4.8253 0.236028
-4.8253 0.0430889
-4.8253 0.236028
-4.79985 0.235712
-4.79985 0.0177235
-4.79985 0.235712
-4.77274 -0.00778415
-4.77274 0.235209
-4.77274 0.235209
-4.74993 0.240993
-4.74993 0.0831119
-4.74993 0.240993
-4.72722 0.0576811
-4.72722 0.241007
-4.72722 0.241007
-4.70256 0.0323858
-4.70256 0.240758
-4.70256 0.240758
-4.67615 0.00698713
-4.67615 0.240292
-4.67615 0.240292
-4.65367 0.246264
-4.65367 0.0979397
-4.65367 0.246264
-4.64815 -0.0186293
-4.64815 0.239637
-4.64815 0.239637
-4.63191 0.0724513
-4.63191 0.246413
-4.63191 0.246413
-4.60807 0.0472289
-4.60807 0.246249
-4.60807 0.246249
-4.5824 0.0219487
-4.5824 0.245833
-4.5824 0.245833
-4.5602 0.251985
-4.5602 0.113002
-4.5602 0.251985
-4.55506 -0.00353478
-4.55506 0.245201
-4.55506 0.245201
-4.53944 0.087423
-4.53944 0.252307
-4.53944 0.252307
-4.52618 -0.0292954
-4.52618 0.244376
-4.52618 0.244376
-4.51646 0.25225
-4.51646 0.0622814
-4.51646 0.25225
-4.49154 0.0371351
-4.49154 0.2519
-4.49154 0.2519
-4.46955 0.258223
-4.46955 0.128332
-4.46955 0.258223
-4.46488 0.0118003
-4.46488 0.251302
-4.46488 0.251302
-4.44988 0.258766
-4.44988 0.102623
-4.44988 0.258766
-4.43661 0.250482
-4.43661 -0.0138146
-4.43661 0.250482
-4.42778 0.0775794
-4.42778 0.258845
-4.42778 0.258845
-4.40686 -0.0397549
-4.40686 0.249463
-4.40686 0.249463
-4.40364 0.0525902
-4.40364 0.258582
-4.40364 0.258582
-4.38181 0.265059
-4.38181 0.143968
-4.38181 0.265059
-4.37767 0.0274276
-4.37767 0.258031
-4.37767 0.258031
-4.36329 0.118082
-4.36329 0.26589
-4.36329 0.26589
-4.35004 0.001978
-4.35004 0.257226
-4.35004 0.257226
-4.34213 0.0931692
-4.34213 0.26614
-4.34213 0.26614
-4.32086 -0.0238136
-4.32086 0.256192
-4.32086 0.256192
-4.31879 0.265988
-4.31879 0.0683719
-4.31879 0.265988
-4.29705 0.272598
-4.29705 0.159951
-4.29705 0.272598
-4.29354 0.0434175
-4.29354 0.265506
-4.29354 0.265506
-4.29022 -0.0499725
-4.29022 0.254948
-4.29022 0.254948
-4.27977 0.133835
-4.27977 0.273807
-4.27977 0.273807
-4.26655 0.0181599
-4.26655 0.26473
-4.26655 0.26473
-4.25959 0.109112
-4.25959 0.274273
-4.25959 0.274273
-4.23795 -0.00745675
-4.23795 0.263689
-4.23795 0.263689
-4.23709 0.0845576
-4.23709 0.274267
-4.23709 0.274267
-4.21536 0.280982
-4.21536 0.176314
-4.21536 0.280982
-4.21258 0.0598773
-4.21258 0.273879
-4.21258 0.273879
-4.20784 -0.0334749
-4.20784 0.262402
-4.20784 0.262402
-4.19945 0.149922
-4.19945 0.282694
-4.19945 0.282694
-4.18625 0.0348369
-4.18625 0.273155
-4.18625 0.273155
-4.18031 0.283428
-4.18031 0.125494
-4.18031 0.283428
-4.17631 -0.0599003
-4.17631 0.260892
-4.17631 0.260892
-4.15868 0.101254
-4.15868 0.283614
-4.15868 0.283614
-4.15824 0.272124
-4.15824 0.00943879
-4.15824 0.272124
-4.13688 0.290404
-4.13688 0.192977
-4.13688 0.290404
-4.13493 0.077058
-4.13493 0.283361
-4.13493 0.283361
-4.12867 -0.0163953
-4.12867 0.270803
-4.12867 0.270803
-4.12249 0.292801
-4.12249 0.166382
-4.12249 0.292801
-4.10928 0.052157
-4.10928 0.282722
-4.10928 0.282722
-4.10442 0.293864
-4.10442 0.14244
-4.10442 0.293864
-4.09762 -0.0427008
-4.09762 0.26921
-4.09762 0.26921
-4.08371 0.118612
-4.08371 0.294307
-4.08371 0.294307
-4.08188 0.0270507
-4.08188 0.281733
-4.08188 0.281733
-4.06518 -0.0694622
-4.06518 0.267376
-4.06518 0.267376
-4.06178 0.208104
-4.06178 0.301101
-4.06178 0.301101
-4.06074 0.294305
-4.06074 0.0969943
-4.06074 0.294305
-4.05286 0.00149813
-4.05286 0.280411
-4.05286 0.280411
-4.04908 0.30451
-4.04908 0.183252
-4.04908 0.30451
-4.03582 0.0703282
-4.03582 0.293748
-4.03582 0.293748
-4.03215 0.160152
-4.03215 0.305957
-4.03215 0.305957
-4.0223 -0.0245622
-4.0223 0.278765
-4.0223 0.278765
-4.0124 0.136852
-4.0124 0.306758
-4.0124 0.306758
-4.00906 0.0456319
-4.00906 0.29287
-4.00906 0.29287
-3.99056 0.166695
-3.99056 0.31077
-3.99056 0.310768
-3.99029 -0.0512072
-3.99029 0.276796
-3.99029 0.276796
-3.99 0.309952
-3.99 0.174876
-3.99 0.309952
-3.98061 0.0206981
-3.98061 0.29166
-3.98061 0.29166
-3.97954 0.200415
-3.97954 0.318441
-3.97954 0.318445
-3.9661 0.0896263
-3.9661 0.306707
-3.9661 0.306708
-3.96377 0.320302
-3.96377 0.178988
-3.96377 0.320293
-3.95691 -0.0784097
-3.95691 0.274546
-3.95691 0.274546
-3.95058 -0.00480478
-3.95058 0.290082
-3.95058 0.290082
-3.94506 0.156306
-3.94506 0.32164
-3.94506 0.321659
-3.94002 0.0654605
-3.94002 0.306074
-3.94002 0.306072
-3.92408 0.324401
-3.92408 0.149454
-3.92408 0.324329
-3.92252 0.327074
-3.92252 0.229985
-3.92252 0.327053
-3.91904 -0.0302037
-3.91904 0.2883
-3.91904 0.2883
-3.91434 0.217874
-3.91434 0.335851
-3.91434 0.336003
-3.9122 0.0414113
-3.9122 0.305123
-3.9122 0.305125
-3.90044 0.110259
-3.90044 0.322265
-3.90044 0.322371
-3.89969 0.199711
-3.89969 0.338115
-3.89969 0.337797
-3.88607 -0.0544855
-3.88607 0.286613
-3.88607 0.286612
-3.88276 0.0161682
-3.88276 0.303829
-3.88276 0.303815
-3.88212 0.177517
-3.88212 0.340006
-3.88212 0.340812
-3.87512 0.0859554
-3.87512 0.322121
-3.87512 0.321978
-3.86254 0.174121
-3.86254 0.348159
-3.86254 0.344787
-3.85939 0.243521
-3.85939 0.345756
-3.85939 0.344697
-3.85424 0.235278
-3.85424 0.358642
-3.85424 0.36254
-3.85236 -0.0114964
-3.85236 0.302345
-3.85236 0.302368
-3.85133 -0.0667326
-3.85133 0.287568
-3.85133 0.287576
-3.84788 0.0562547
-3.84788 0.31958
-3.84788 0.319866
-3.84085 0.22565
-3.84085 0.368259
-3.84085 0.354924
-3.8392 0.132676
-3.8392 0.341421
-3.8392 0.340502
-3.82403 0.202985
-3.82403 0.358936
-3.82403 0.379709
-3.82138 0.0521128
-3.82138 0.328776
-3.82138 0.326688
-3.81832 -0.00192376
-3.81832 0.310983
-3.81832 0.308462
-3.81507 0.0974524
-3.81507 0.347303
-3.81507 0.334932
-3.80925 0.22305
-3.80925 0.442436
-3.80925 0.335611
-3.8016 0.405451
-3.8016 0.277742
-3.8016 0.315503
-3.8016 0.251326
-3.8016 0.353827
-3.8016 0.373178
-3.79274 0.120414
-3.79274 0.351864
-3.79274 0.364562
-3.78744 0.1246
-3.78744 0.32313
-3.78744 0.356363
-3.78744 0.161687
-3.78744 0.333364
-3.78744 0.317523
-3.78427 -0.0311791
-3.78427 0.30085
-3.78427 0.298943
-3.78163 0.140874
-3.78163 0.342541
-3.78163 0.331845
-3.77236 0.414879
-3.77236 0.309482
-3.77236 0.260657
-3.76494 0.181828
-3.76494 0.362945
-3.76494 0.364157
-3.75845 0.271272
-3.75845 0.332052
-3.75845 0.301018
-3.75845 0.126252
-3.75845 0.384553
-3.75845 0.325591
-3.75417 0.0338636
-3.75417 0.335945
-3.75417 0.318524
-3.74982 0.215228
-3.74982 0.363302
-3.74982 0.358206
-3.74909 0.163342
-3.74909 0.37266
-3.74909 0.331883
-3.74909 -0.0879841
-3.74909 0.293197
-3.74909 0.291722
-3.74758 0.367716
-3.74758 0.302175
-3.74758 0.333308
-3.73959 0.391478
-3.73959 0.301006
-3.73959 0.253368
-3.73161 0.208908
-3.73161 0.358594
-3.73161 0.334974
-3.72539 0.129461
-3.72539 0.331383
-3.72539 0.332767
-3.72092 0.169808
-3.72092 0.256568
-3.72092 0.350314
-3.72092 0.137344
-3.72092 0.32508
-3.72092 0.32048
-3.72092 0.047845
-3.72092 0.313966
-3.72092 0.309602
-3.71109 0.443463
-3.71109 0.278331
-3.71109 0.29997
-3.71109 0.240347
-3.71109 0.377471
-3.71109 0.327648
-3.70098 0.348547
-3.70098 0.231293
-3.70098 0.322856
-3.70098 0.179591
-3.70098 0.381319
-3.70098 0.35072
-3.69522 0.399898
-3.69522 0.291228
-3.69522 0.302209
-3.69467 0.0553504
-3.69467 0.342216
-3.69467 0.334084
-3.68968 0.416028
-3.68968 0.326882
-3.68968 0.295861
-3.68624 -0.0720626
-3.68624 0.30519
-3.68624 0.305136
-3.68026 0.245897
-3.68026 0.354865
-3.68026 0.365144
-3.67149 0.212931
-3.67149 0.345321
-3.67149 0.357145
-3.67149 0.24902
-3.67149 0.322297
-3.67149 0.303086
-3.67136 0.36892
-3.67136 0.355614
-3.67136 0.224832
-3.66564 0.384321
-3.66564 0.337441
-3.66564 0.290427
-3.66209 -0.0115532
-3.66209 0.327775
-3.66209 0.327614
-3.66209 0.215771
-3.66209 0.319016
-3.66209 0.281654
-3.65467 0.354228
-3.65467 0.28305
-3.65467 0.311905
-3.64992 0.166555
-3.64992 0.359612
-3.64992 0.258844
-3.64992 -0.10234
-3.64992 0.301002
-3.64992 0.301002
-3.64367 0.27767
-3.64367 0.354935
-3.64367 0.373748
-3.64154 0.266676
-3.64154 0.324995
-3.64154 0.313476
-3.64067 0.119891
-3.64067 0.360707
-3.64067 0.347911
-3.63877 0.286341
-3.63877 0.323685
-3.63877 0.355209
-3.62771 -0.0475855
-3.62771 0.322347
-3.62771 0.322335
-3.62771 0.199019
-3.62771 0.327741
-3.62771 0.273704
-3.62468 0.326505
-3.62468 0.294641
-3.62468 0.281596
-3.62247 0.201493
-3.62247 0.376688
-3.62247 0.356823
-3.61098 0.292199
-3.61098 0.336627
-3.61098 0.274104
-3.61098 0.27913
-3.61098 0.299236
-3.61098 0.318479
-3.60844 0.23552
-3.60844 0.271124
-3.60844 0.300152
-3.60844 0.0165744
-3.60844 0.350487
-3.60844 0.350857
-3.60844 0.238081
-3.60844 0.320054
-3.60844 0.332309
-3.59483 0.341761
-3.59483 0.257894
-3.59483 0.291707
-3.59264 0.265383
-3.59264 0.379059
-3.59264 0.202754
-3.59162 -0.0744593
-3.59162 0.317573
-3.59162 0.318168
-3.59153 0.271767
-3.59153 0.360665
-3.59153 0.306193
-3.58358 0.393002
-3.58358 0.309265
-3.58358 0.307267
-3.58122 0.300705
-3.58122 0.261456
-3.58122 0.291585
-3.57558 0.285601
-3.57558 0.266836
-3.57558 0.262339
-3.57423 -0.0178487
-3.57423 0.345455
-3.57423 0.345114
-3.56932 0.329949
-3.56932 0.316797
-3.56932 0.275625
-3.56303 0.345661
-3.56303 0.273621
-3.56303 0.269361
-3.56119 0.0726427
-3.56119 0.380918
-3.56119 0.378211
-3.56048 0.322507
-3.56048 0.270626
-3.56048 0.252247
-3.55403 0.172209
-3.55403 0.277791
-3.55403 0.346079
-3.55403 -0.108361
-3.55403 0.312496
-3.55403 0.312496
-3.55403 0.172208
-3.55403 0.297152
-3.55403 0.338666
-3.55033 0.25584
-3.55033 0.278662
-3.55033 0.291901
-3.55033 0.266955
-3.55033 0.233725
-3.55033 0.266181
-3.53826 -0.0493204
-3.53826 0.339416
-3.53826 0.339531
-3.53422 0.264623
-3.53422 0.292047
-3.53422 0.302247
-3.53248 0.292407
-3.53248 0.277428
-3.53248 0.268381
-3.52744 0.246813
-3.52744 0.410824
-3.52744 0.272429
-3.52709 0.0557487
-3.52709 0.361897
-3.52709 0.372947
-3.52122 0.305631
-3.52122 0.239818
-3.52122 0.256084
-3.51677 0.253706
-3.51677 0.245126
-3.51677 0.271924
-3.51677 0.250381
-3.51677 0.304442
-3.51677 0.28551
-3.51227 0.252993
-3.51227 0.226421
-3.51227 0.282758
-3.50074 0.195442
-3.50074 0.241592
-3.50074 0.243957
-3.50074 -0.0803248
-3.50074 0.3333
-3.50074 0.333069
-3.50074 0.195332
-3.50074 0.281857
-3.50074 0.249311
-3.49838 0.324062
-3.49838 0.259977
-3.49838 0.26381
-3.49761 0.323891
-3.49761 0.228257
-3.49761 0.251785
-3.49119 0.00880851
-3.49119 0.369339
-3.49119 0.372323
-3.49119 0.2221
-3.49119 0.345646
-3.49119 0.266003
-3.48843 0.194725
-3.48843 0.34309
-3.48843 0.307245
-3.48148 0.276026
-3.48148 0.221032
-3.48148 0.24267
-3.47546 0.205893
-3.47546 0.27913
-3.47546 0.283319
-3.46943 0.278627
-3.46943 0.2241
-3.46943 0.244813
-3.46239 0.212667
-3.46239 0.277871
-3.46239 0.231313
-3.46239 0.213855
-3.46239 0.265289
-3.46239 0.238436
-3.46172 -0.112357
-3.46172 0.326251
-3.46172 0.32629
-3.46172 0.179839
-3.46172 0.292543
-3.46172 0.322835
-3.45351 0.226051
-3.45351 0.299968
-3.45351 0.245871
-3.45351 -0.0129605
-3.45351 0.364023
-3.45351 0.344342
-3.45327 0.18918
-3.45327 0.312928
-3.45327 0.272516
-3.45111 0.281968
-3.45111 0.243349
-3.45111 0.228441
-3.45111 0.28786
-3.45111 0.217475
-3.45111 0.223523
-3.44369 0.212394
-3.44369 0.234676
-3.44369 0.239359
-3.43718 0.323322
-3.43718 0.244916
-3.43718 0.238273
-3.43675 0.263278
-3.43675 0.227448
-3.43675 0.279573
-3.43025 0.208965
-3.43025 0.237004
-3.43025 0.223009
-3.42272 0.285325
-3.42272 0.21331
-3.42272 0.217527
-3.41808 0.244757
-3.41808 0.32594
-3.41808 0.22135
-3.41416 0.209119
-3.41416 0.259509
-3.41416 0.227409
-3.41416 -0.0765227
-3.41416 0.353393
-3.41416 0.35322
-3.41217 0.144246
-3.41217 0.312083
-3.41217 0.311605
-3.41217 0.265568
-3.41217 0.216691
-3.41217 0.207884
-3.4093 0.17932
-3.4093 0.233732
-3.4093 0.211318
-3.40231 0.281933
-3.40231 0.262734
-3.40231 0.219156
-3.40231 0.288573
-3.40231 0.226459
-3.40231 0.207716
-3.39276 0.197331
-3.39276 0.210129
-3.39276 0.209385
-3.39276 0.197158
-3.39276 0.237602
-3.39276 0.228849
-3.3898 0.233037
-3.3898 0.294775
-3.3898 0.284957
-3.3898 0.248999
-3.3898 0.210492
-3.3898 0.20828
-3.38159 0.2121
-3.38159 0.241884
-3.38159 0.24138
-3.37552 0.149398
-3.37552 0.332909
-3.37552 0.274788
-3.37552 0.0786174
-3.37552 0.336541
-3.37552 0.306142
-3.37339 -0.112741
-3.37339 0.343497
-3.37339 0.343327
-3.37339 0.23702
-3.37339 0.188578
-3.37339 0.174396
-3.368 0.189365
-3.368 0.227915
-3.368 0.244507
-3.36089 0.186165
-3.36089 0.259194
-3.36089 0.24198
-3.35544 0.187294
-3.35544 0.220858
-3.35544 0.201053
-3.35544 0.190314
-3.35544 0.320027
-3.35544 0.208721
-3.35079 0.254028
-3.35079 0.230124
-3.35079 0.209816
-3.35079 0.246255
-3.35079 0.199055
-3.35079 0.189017
-3.34531 0.326387
-3.34531 0.185753
-3.34531 0.213825
-3.34531 0.295718
-3.34531 0.17888
-3.34531 0.229328
-3.33708 0.177001
-3.33708 0.198867
-3.33708 0.216617
-3.33708 0.174418
-3.33708 0.190824
-3.33708 0.205755
-3.33392 0.222128
-3.33392 0.38179
-3.33392 0.0992893
-3.33186 0.228923
-3.33186 0.207756
-3.33186 0.172066
-3.33186 0.226367
-3.33186 0.267561
-3.33186 0.19545
-3.32619 0.247684
-3.32619 0.168989
-3.32619 0.22652
-3.32072 0.33802
-3.32072 0.180601
-3.32072 0.188244
-3.31999 0.202101
-3.31999 0.1724
-3.31999 0.183082
-3.31416 0.139971
-3.31416 0.243615
-3.31416 0.254323
-3.30948 0.188394
-3.30948 0.220944
-3.30948 0.206341
-3.30078 0.33388
-3.30078 0.175744
-3.30078 0.176315
-3.30078 0.164209
-3.30078 0.202935
-3.30078 0.213465
-3.30078 0.159083
-3.30078 0.196237
-3.30078 0.176901
-3.29746 0.171115
-3.29746 0.197885
-3.29746 0.234551
-3.29147 0.196687
-3.29147 0.225474
-3.29147 0.176888
-3.28987 -0.090497
-3.28987 0.364454
-3.28987 0.357732
-3.28709 0.136136
-3.28709 0.258929
-3.28709 0.224804
-3.28485 0.164407
-3.28485 0.295747
-3.28485 0.236671
-3.28485 0.27471
-3.28485 0.140143
-3.28485 0.210921
-3.28012 0.14174
-3.28012 0.183623
-3.28012 0.170824
-3.27482 0.16211
-3.27482 0.214969
-3.27482 0.194377
-3.27161 0.241693
-3.27161 0.172516
-3.27161 0.210175
-3.27161 0.265409
-3.27161 0.179923
-3.27161 0.180921
-3.26443 0.199562
-3.26443 0.272192
-3.26443 0.210193
-3.26112 0.133785
-3.26112 0.204517
-3.26112 0.272473
-3.26112 0.155201
-3.26112 0.176014
-3.26112 0.175883
-3.25724 0.156432
-3.25724 0.205224
-3.25724 0.183903
-3.24962 0.233775
-3.24962 0.173865
-3.24962 0.169867
-3.24962 0.181764
-3.24962 0.256474
-3.24962 0.166668
-3.24571 0.145164
-3.24571 0.198164
-3.24571 0.264467
-3.24112 0.190045
-3.24112 0.161627
-3.24112 0.153863
-3.24112 0.185606
-3.24112 0.162309
-3.24112 0.159767
-3.23777 0.239651
-3.23777 0.192578
-3.23777 0.201899
-3.23204 0.178781
-3.23204 0.226301
-3.23204 0.227292
-3.2293 0.155182
-3.2293 0.192754
-3.2293 0.183638
-3.2258 0.234628
-3.2258 0.1694
-3.2258 0.158359
-3.21983 0.150398
-3.21983 0.164102
-3.21983 0.255269
-3.21983 0.153473
-3.21983 0.138058
-3.21983 0.169387
-3.2173 0.167765
-3.2173 0.216868
-3.2173 0.288167
-3.2173 0.180687
-3.2173 0.15349
-3.2173 0.212748
-3.20988 0.176012
-3.20988 0.29055
-3.20988 0.142319
-3.20547 0.218541
-3.20547 0.173867
-3.20547 0.167991
-3.20439 0.177697
-3.20439 0.158983
-3.20439 0.17284
-3.19903 0.219497
-3.19903 0.162381
-3.19903 0.172082
-3.19822 0.141185
-3.19822 0.202834
-3.19822 0.217453
-3.19822 0.117324
-3.19822 0.196485
-3.19822 0.203834
-3.18815 0.156784
-3.18815 0.129434
-3.18815 0.192472
-3.18815 0.147752
-3.18815 0.232937
-3.18815 0.202193
-3.18465 0.15174
-3.18465 0.183452
-3.18465 0.150478
-3.17913 0.115482
-3.17913 0.200294
-3.17913 0.173688
-3.17795 0.155936
-3.17795 0.180546
-3.17795 0.17604
-3.17795 0.157962
-3.17795 0.206282
-3.17795 0.165564
-3.17522 0.290678
-3.17522 0.0945017
-3.17522 0.19868
-3.16626 0.186333
-3.16626 0.129546
-3.16626 0.157701
-3.16626 0.133383
-3.16626 0.198022
-3.16626 0.264656
-3.1619 0.198766
-3.1619 0.127684
-3.1619 0.146279
-3.1619 0.201477
-3.1619 0.123515
-3.1619 0.171822
-3.1619 0.176393
-3.1619 0.203892
-3.1619 0.231731
-3.15486 0.194473
-3.15486 0.168519
-3.15486 0.153566
-3.15164 0.132039
-3.15164 0.181223
-3.15164 0.200764
-3.14708 0.132737
-3.14708 0.218
-3.14708 0.23497
-3.14378 0.153691
-3.14378 0.122559
-3.14378 0.143712
-3.13973 0.127638
-3.13973 0.151363
-3.13973 0.193109
-3.13882 0.189292
-3.13882 0.291753
-3.13882 0.121561
-3.13012 0.143375
-3.13012 0.190351
-3.13012 0.137291
-3.13012 0.102044
-3.13012 0.182176
-3.13012 0.16776
-3.12766 0.203494
-3.12766 0.160939
-3.12766 0.147684
-3.1276 0.294145
-3.1276 0.158008
-3.1276 0.127183
-3.12038 0.125328
-3.12038 0.158733
-3.12038 0.188526
-3.11853 0.189983
-3.11853 0.114668
-3.11853 0.146788
-3.11621 0.185454
-3.11621 0.159523
-3.11621 0.144542
-3.11621 0.20858
-3.11621 0.141196
-3.11621 0.16491
-3.10519 0.234081
-3.10519 0.14422
-3.10519 0.167467
-3.10519 0.165991
-3.10519 0.141525
-3.10519 0.125537
-3.10519 0.158081
-3.10519 0.177677
-3.10519 0.176927
-3.10415 0.117322
-3.10415 0.143691
-3.10415 0.15853
-3.09631 0.203139
-3.09631 0.140357
-3.09631 0.122544
-3.09403 0.218415
-3.09403 0.122392
-3.09403 0.157077
-3.08732 0.196832
-3.08732 0.160155
-3.08732 0.166116
-3.08732 0.0994125
-3.08732 0.179237
-3.08732 0.198621
-3.08732 0.203329
-3.08732 0.161213
-3.08732 0.160606
-3.08497 0.147448
-3.08497 0.129056
-3.08497 0.184193
-3.07654 0.11091
-3.07654 0.159028
-3.07654 0.172463
-3.07654 0.114118
-3.07654 0.160594
-3.07654 0.176176
-3.07035 0.0940829
-3.07035 0.14701
-3.07035 0.204525
-3.0684 0.105119
-3.0684 0.202732
-3.0684 0.161092
-3.06543 0.195671
-3.06543 0.149622
-3.06543 0.132235
-3.06543 0.220834
-3.06543 0.147952
-3.06543 0.142427
-3.05947 0.187921
-3.05947 0.12098
-3.05947 0.138435
-3.05757 0.110716
-3.05757 0.14021
-3.05757 0.147108
-3.05499 0.137592
-3.05499 0.10151
-3.05499 0.239524
-3.04853 0.130426
-3.04853 0.189294
-3.04853 0.180422
-3.04853 0.0649362
-3.04853 0.228608
-3.04853 0.19497
-3.04467 0.191603
-3.04467 0.122775
-3.04467 0.10458
-3.04467 0.229378
-3.04467 0.161738
-3.04467 0.133496
-3.03903 0.125834
-3.03903 0.167642
-3.03903 0.0768051
-3.03447 0.170137
-3.03447 0.0888971
-3.03447 0.124857
-3.03447 0.142625
-3.03447 0.118555
-3.03447 0.204136
-3.02982 0.145458
-3.02982 0.127427
-3.02982 0.1173
-3.02351 0.0854447
-3.02351 0.148439
-3.02351 0.13734
-3.01805 0.0949519
-3.01805 0.177602
-3.01805 0.164235
-3.01805 0.129958
-3.01805 0.163262
-3.01805 0.143661
-3.01767 0.137247
-3.01767 0.154455
-3.01767 0.155282
-3.01767 0.164102
-3.01767 0.110335
-3.01767 0.115672
-3.0108 0.150026
-3.0108 0.0934021
-3.0108 0.134386
-3.00625 0.209533
-3.00625 0.117858
-3.00625 0.133843
-3.00625 0.11073
-3.00625 0.174272
-3.00625 0.0829578
-3.00074 0.0941038
-3.00074 0.162095
-3.00074 0.15311
-2.99929 0.108159
-2.99929 0.151176
-2.99929 0.179227
-2.99318 0.158699
-2.99318 0.117243
-2.99318 0.122216
-2.99318 0.219901
-2.99318 0.11208
-2.99318 0.105214
-2.99248 0.138067
-2.99248 0.0869346
-2.99248 0.0938001
-2.98596 0.14845
-2.98596 0.115117
-2.98596 0.142522
-2.97719 0.145082
-2.97719 0.116865
-2.97719 0.177831
-2.97719 0.169346
-2.97719 0.13431
-2.97719 0.0796166
-2.97719 0.154044
-2.97719 0.0896479
-2.97719 0.104559
-2.97268 0.0570671
-2.97268 0.122916
-2.97268 0.177414
-2.97217 0.0959336
-2.97217 0.180847
-2.97217 0.183864
-2.96676 0.127298
-2.96676 0.145512
-2.96676 0.134302
-2.96553 0.148546
-2.96553 0.119165
-2.96553 0.115789
-2.96009 0.177038
-2.96009 0.0890586
-2.96009 0.101278
-2.9585 0.112191
-2.9585 0.156981
-2.9585 0.0749861
-2.9539 0.0779452
-2.9539 0.148427
-2.9539 0.126557
-2.95172 0.14682
-2.95172 0.0959087
-2.95172 0.0974359
-2.95172 0.100907
-2.95172 0.126717
-2.95172 0.0772594
-2.95172 0.0749426
-2.95172 0.185388
-2.95172 0.15493
-2.94592 0.192467
-2.94592 0.128594
-2.94592 0.117664
-2.94214 0.165684
-2.94214 0.0737406
-2.94214 0.0897332
-2.93913 0.0728509
-2.93913 0.165962
-2.93913 0.156097
-2.93495 0.231495
-2.93495 0.0767706
-2.93495 0.07384
-2.93266 0.112173
-2.93266 0.0962359
-2.93266 0.102125
-2.92799 0.0557938
-2.92799 0.152575
-2.92799 0.164368
-2.92665 0.142437
-2.92665 0.0445219
-2.92665 0.104087
-2.9217 0.167948
-2.9217 0.0908818
-2.9217 0.0776889
-2.91816 0.0733918
-2.91816 0.147605
-2.91816 0.160771
-2.91523 0.154476
-2.91523 0.113151
-2.91523 0.0863457
-2.91523 0.192273
-2.91523 0.0881736
-2.91523 0.0925098
-2.90947 0.151946
-2.90947 0.0791533
-2.90947 0.104059
-2.90795 0.0423764
-2.90795 0.116083
-2.90795 0.179698
-2.90454 0.156188
-2.90454 0.115074
-2.90454 0.113585
-2.90443 0.131307
-2.90443 0.120479
-2.90443 0.0994381
-2.89889 0.0665451
-2.89889 0.114615
-2.89889 0.0973929
-2.89531 0.160912
-2.89531 0.0932935
-2.89531 0.0545301
-2.88972 0.0703133
-2.88972 0.111938
-2.88972 0.152713
-2.88972 0.140446
-2.88972 0.0599791
-2.88972 0.0871879
-2.88551 0.0762401
-2.88551 0.0988983
-2.88551 0.120914
-2.88369 0.235086
-2.88369 0.110165
-2.88369 0.0659204
-2.87773 0.0472228
-2.87773 0.109386
-2.87773 0.116406
-2.87677 0.0693035
-2.87677 0.10224
-2.87677 0.107335
-2.87371 0.15526
-2.87371 0.119155
-2.87371 0.125716
-2.86868 0.122802
-2.86868 0.066196
-2.86868 0.153607
-2.86868 0.172692
-2.86868 0.0494611
-2.86868 0.0814584
-2.86337 0.0847958
-2.86337 0.154701
-2.86337 0.11746
-2.86337 0.086936
-2.86337 0.0900077
-2.86337 0.0774898
-2.86078 0.0687686
-2.86078 0.142682
-2.86078 0.100813
-2.85438 0.0825981
-2.85438 0.0324634
-2.85438 0.166091
-2.85438 0.0970005
-2.85438 0.0667725
-2.85438 0.076344
-2.8508 0.0514689
-2.8508 0.108577
-2.8508 0.161271
-2.84753 0.0871764
-2.84753 0.121357
-2.84753 0.122469
-2.84438 0.146664
-2.84438 0.0748181
-2.84438 0.0524043
-2.84218 0.0549096
-2.84218 0.181832
-2.84218 0.113372
-2.84218 0.0318639
-2.84218 0.125961
-2.84218 0.110085
-2.83294 0.113499
-2.83294 0.0551639
-2.83294 0.0794784
-2.83294 0.0320385
-2.83294 0.130248
-2.83294 0.103724
-2.83267 0.0804679
-2.83267 0.121982
-2.83267 0.124944
-2.82736 0.129268
-2.82736 0.0881558
-2.82736 0.065745
-2.82359 0.159711
-2.82359 0.0532194
-2.82359 0.0908122
-2.82359 0.110348
-2.82359 0.0650117
-2.82359 0.156544
-2.82023 0.0466749
-2.82023 0.103308
-2.82023 0.146591
-2.81698 0.15839
-2.81698 0.0485847
-2.81698 0.0360515
-2.81187 0.072252
-2.81187 0.0263439
-2.81187 0.147495
-2.80818 0.124231
-2.80818 0.0757121
-2.80818 0.026872
-2.80684 0.0425934
-2.80684 0.107157
-2.80684 0.111712
-2.80243 0.135578
-2.80243 0.0917384
-2.80243 0.0660287
-2.79757 0.159626
-2.79757 0.0877089
-2.79757 0.0814312
-2.79757 0.145468
-2.79757 0.073123
-2.79757 0.0717378
-2.79078 0.0358047
-2.79078 0.107136
-2.79078 0.102334
-2.79078 0.105211
-2.79078 0.0887649
-2.79078 0.0967626
-2.78921 0.0379454
-2.78921 0.108282
-2.78921 0.0552634
-2.78495 0.0685975
-2.78495 0.125338
-2.78495 0.125037
-2.78032 0.0766785
-2.78032 0.15559
-2.78032 0.044157
-2.78025 0.146573
-2.78025 0.0483535
-2.78025 0.051701
-2.77549 0.142573
-2.77549 0.0427589
-2.77549 0.0671378
-2.77526 0.0860614
-2.77526 0.098972
-2.77526 0.00537804
-2.76762 0.0530296
-2.76762 0.1543
-2.76762 0.100152
-2.76762 0.0264354
-2.76762 0.107439
-2.76762 0.135738
-2.76597 0.110147
-2.76597 0.0290332
-2.76597 0.0627561
-2.76144 0.0279418
-2.76144 0.0680957
-2.76144 0.123135
-2.75631 0.0802926
-2.75631 0.0574474
-2.75631 0.056915
-2.75631 0.024007
-2.75631 0.109287
-2.75631 0.124197
-2.75275 0.105792
-2.75275 0.0629397
-2.75275 0.0736581
-2.75004 0.102503
-2.75004 0.052711
-2.75004 0.05767
-2.74604 0.0515532
-2.74604 0.140522
-2.74604 0.125065
-2.74604 0.0365512
-2.74604 0.0622925
-2.74604 0.0641467
-2.74193 0.0370821
-2.74193 0.0813942
-2.74193 0.0805615
-2.73766 0.169293
-2.73766 -0.00258177
-2.73766 0.0687731
-2.73766 0.0859906
-2.73766 0.0700424
-2.73766 0.0831789
-2.73302 0.136615
-2.73302 0.0521955
-2.73302 0.0288594
-2.72826 0.0174378
-2.72826 0.0916871
-2.72826 0.118758
-2.72479 0.0376488
-2.72479 0.0972419
-2.72479 0.123636
-2.72479 0.0394964
-2.72479 0.0698131
-2.72479 0.0552754
-2.72126 0.0222403
-2.72126 0.0762193
-2.72126 0.0777544
-2.71638 0.0245259
-2.71638 0.0747574
-2.71638 0.0755604
-2.71638 0.144885
-2.71638 0.034781
-2.71638 0.0222838
-2.71173 0.0103005
-2.71173 0.0857167
-2.71173 0.15103
-2.70486 0.130937
-2.70486 0.0159987
-2.70486 0.0238665
-2.70486 0.0565143
-2.70486 0.07017
-2.70486 0.0370326
-2.70486 0.0342813
-2.70486 0.16005
-2.70486 0.111245
-2.70152 0.0167641
-2.70152 0.0596829
-2.70152 0.069618
-2.698 0.0482014
-2.698 0.0273387
-2.698 0.103438
-2.69501 0.0275985
-2.69501 0.0472383
-2.69501 0.0681951
-2.68763 0.107268
-2.68763 0.0387967
-2.68763 0.0587233
-2.68763 0.112014
-2.68763 0.0427127
-2.68763 0.00499649
-2.68763 0.0935449
-2.68763 0.0240041
-2.68763 0.0178372
-2.68031 0.178027
-2.68031 0.0179654
-2.68031 0.0440722
-2.68031 0.0739241
-2.68031 0.0240576
-2.68031 0.0434181
-2.67793 0.0483955
-2.67793 0.115098
-2.67793 0.0085937
-2.67442 0.079954
-2.67442 0.032251
-2.67442 0.0457407
-2.67442 0.0438608
-2.67442 0.0923197
-2.67442 0.100569
-2.66772 0.00953426
-2.66772 0.0974762
-2.66772 0.0503668
-2.6648 0.11268
-2.6648 0.0548365
-2.6648 0.0112335
-2.6612 0.151413
-2.6612 -0.00778227
-2.6612 0.0634151
-2.65751 0.136248
-2.65751 0.00470319
-2.65751 0.0178865
-2.65751 0.0522701
-2.65751 0.0591464
-2.65751 0.0317385
-2.65751 0.0877683
-2.65751 0.00687669
-2.65751 0.0370801
-2.6512 0.0530271
-2.6512 0.0400293
-2.6512 0.0394518
-2.64579 0.0522669
-2.64579 0.0217079
-2.64579 0.0409922
-2.64434 0.0359052
-2.64434 0.122022
-2.64434 0.0136363
-2.63952 0.105684
-2.63952 0.0396581
-2.63952 -0.00668181
-2.63952 0.207504
-2.63952 0.00203051
-2.63952 0.0136796
-2.63752 0.0220412
-2.63752 0.0437509
-2.63752 0.0579875
-2.63351 0.112343
-2.63351 0.0831815
-2.63351 0.0371244
-2.62915 0.067756
-2.62915 0.0189128
-2.62915 0.0123025
-2.62583 -0.0264921
-2.62583 0.0642361
-2.62583 0.0767797
-2.62583 0.0427387
-2.62583 0.0877611
-2.62583 0.0942263
-2.62019 -0.00393424
-2.62019 0.119634
-2.62019 0.0747302
-2.62019 0.0734312
-2.62019 -0.0158078
-2.62019 0.048984
-2.61607 0.0043514
-2.61607 0.0527027
-2.61607 0.0772653
-2.61178 0.034874
-2.61178 0.0512919
-2.61178 -0.00293301
-2.60906 0.0123474
-2.60906 0.0811859
-2.60906 0.0304946
-2.60627 0.00230255
-2.60627 0.0438452
-2.60627 0.0831825
-2.60627 -0.00779786
-2.60627 0.0528295
-2.60627 0.0289632
-2.59877 -0.0114317
-2.59877 0.0757155
-2.59877 0.0637565
-2.59877 0.0631961
-2.59877 0.0163242
-2.59877 0.00412502
-2.59407 0.0452864
-2.59407 0.071975
-2.59407 0.0718108
-2.59267 0.0562917
-2.59267 0.0275118
-2.59267 0.0423716
-2.59267 0.142422
-2.59267 -0.00370818
-2.59267 0.0211434
-2.58667 -0.0247072
-2.58667 0.039013
-2.58667 0.0343275
-2.58667 -0.0588876
-2.58667 0.0699418
-2.58667 0.0489797
-2.58067 -0.0375459
-2.58067 0.0795704
-2.58067 0.0973457
-2.57949 0.0345907
-2.57949 0.019926
-2.57949 0.114124
-2.57693 0.0114158
-2.57693 0.0361158
-2.57693 0.0828416
-2.57139 -0.0116699
-2.57139 0.0435099
-2.57139 0.0216132
-2.57139 -0.00493318
-2.57139 0.008784
-2.57139 0.0390592
-2.56486 -0.0521289
-2.56486 0.0704351
-2.56486 0.0859048
-2.56486 0.0472479
-2.56486 -0.00760369
-2.56486 0.036668
-2.5621 -0.031817
-2.5621 0.0787203
-2.5621 0.104769
-2.55839 0.0564828
-2.55839 0.00099507
-2.55839 -0.00659006
-2.55753 0.0457678
-2.55753 0.000415944
-2.55753 0.020257
-2.55753 -0.0110566
-2.55753 0.0966902
-2.55753 0.0778586
-2.54912 0.0368401
-2.54912 0.0823442
-2.54912 0.00777895
-2.54869 -0.0175914
-2.54869 0.0536053
-2.54869 0.0328368
-2.54363 0.0390563
-2.54363 0.0666971
-2.54363 -0.0322006
-2.54298 -0.0499069
-2.54298 0.114242
-2.54298 0.0370696
-2.54132 -0.00810702
-2.54132 0.0479225
-2.54132 0.0479849
-2.53378 -0.0545579
-2.53378 0.0736641
-2.53378 0.0347371
-2.53198 0.055414
-2.53198 0.0220092
-2.53198 -0.0114375
-2.52991 0.0575444
-2.52991 -0.00920171
-2.52991 0.0296198
-2.52587 0.164212
-2.52587 0.00255874
-2.52587 -0.0497499
-2.52461 0.0206879
-2.52461 -0.00369757
-2.52461 0.000369727
-2.52046 0.00265797
-2.52046 0.0452162
-2.52046 0.0387664
-2.51396 -0.0132399
-2.51396 0.044943
-2.51396 -0.0105129
-2.51396 -0.0367025
-2.51396 0.0088012
-2.51396 0.0660763
-2.51212 0.0588328
-2.51212 0.0150925
-2.51212 0.0206341
-2.50797 -0.0175416
-2.50797 0.0639635
-2.50797 0.0271319
-2.50797 0.0317714
-2.50797 -0.0342751
-2.50797 -0.0004344
-2.50545 -0.0310854
-2.50545 0.0608017
-2.50545 0.0396841
-2.50026 0.0546479
-2.50026 0.00178779
-2.50026 0.012419
-2.49846 0.00183249
-2.49846 0.0344775
-2.49846 0.0410182
-2.49251 -0.0365607
-2.49251 -0.00654043
-2.49251 0.0226243
-2.49251 -0.0173151
-2.49251 0.0131134
-2.49251 0.00798548
-2.4912 0.0917869
-2.4912 -0.0122984
-2.4912 -0.0564855
-2.48336 0.126087
-2.48336 -0.0493856
-2.48336 0.00198882
-2.48336 0.0320961
-2.48336 -0.00582087
-2.48336 0.0743426
-2.48246 -0.0375333
-2.48246 0.0336428
-2.48246 0.0173424
-2.47564 -0.0148039
-2.47564 -0.00185522
-2.47564 0.00460793
-2.47415 0.067288
-2.47415 0.00190939
-2.47415 0.027859
-2.47415 -0.0266686
-2.47415 0.0587671
-2.47415 0.0614086
-2.46906 -0.0590972
-2.46906 0.0516782
-2.46906 0.00536224
-2.46906 -0.0149672
-2.46906 0.0242331
-2.46906 -0.0234498
-2.46906 -0.0378941
-2.46906 0.0664151
-2.46906 0.00438859
-2.46355 -0.057155
-2.46355 0.0356828
-2.46355 0.0412811
-2.46061 -0.0102797
-2.46061 0.0234702
-2.46061 0.0163835
-2.45441 0.0177896
-2.45441 -0.00397528
-2.45441 -0.00521444
-2.45441 0.0219781
-2.45441 -0.024279
-2.45441 -0.0171769
-2.44984 -0.00864721
-2.44984 0.082096
-2.44984 -0.0406199
-2.44282 0.0892145
-2.44282 -0.0468739
-2.44282 -0.045585
-2.44282 0.0962944
-2.44282 -0.0160133
-2.44282 0.00702461
-2.44085 -0.0170039
-2.44085 0.00472591
-2.44085 0.0315368
-2.43828 0.0224281
-2.43828 -0.0121547
-2.43828 -0.051722
-2.43828 -0.0659957
-2.43828 0.0669781
-2.43828 0.0465398
-2.43333 -0.0828685
-2.43333 0.0353722
-2.43333 0.0511539
-2.43294 0.0382215
-2.43294 -0.0230066
-2.43294 -0.0153311
-2.42962 0.0237645
-2.42962 -0.0163446
-2.42962 0.0816711
-2.42542 0.0418657
-2.42542 -0.0247598
-2.42542 0.00214035
-2.42131 -0.0157614
-2.42131 -0.05349
-2.42131 0.0473681
-2.41868 -0.0498067
-2.41868 0.0324571
-2.41868 0.0300104
-2.41868 -0.0197396
-2.41868 0.00853618
-2.41868 0.0145662
-2.41449 -0.0639885
-2.41449 0.0278599
-2.41449 -0.00943326
-2.41304 -0.00136974
-2.41304 0.0451299
-2.41304 -0.05479
-2.41304 -0.0521639
-2.41304 0.0414542
-2.41304 0.00231632
-2.40241 -0.0275891
-2.40241 -0.0158878
-2.40241 0.0285948
-2.40241 0.00582405
-2.40241 -0.0291332
-2.40241 -0.0314629
-2.3983 -0.0518386
-2.3983 0.0255494
-2.3983 0.000480267
-2.39698 -0.0480559
-2.39698 0.00330669
-2.39698 0.0149277
-2.39165 -0.0569027
-2.39165 0.0535096
-2.39165 0.0599832
-2.39165 0.0538163
-2.39165 -0.0504363
-2.39165 -0.0369191
-2.3888 -0.0808498
-2.3888 0.0200487
-2.3888 0.0178165
-2.3888 -0.00976035
-2.3888 0.0570939
-2.3888 -0.0329155
-2.38164 0.086586
-2.38164 -0.064501
-2.38164 -0.0411938
-2.38164 0.0244373
-2.38164 -0.0160821
-2.38164 -0.0259157
-2.3774 -0.0487452
-2.3774 -0.014771
-2.3774 0.0101467
-2.37274 -0.0319399
-2.37274 0.0289626
-2.37274 -0.0238239
-2.37274 -0.0296656
-2.37274 -0.054114
-2.37274 0.0414789
-2.36809 0.0512054
-2.36809 -0.0940556
-2.36809 -0.0156728
-2.36586 -0.0794087
-2.36586 0.00779745
-2.36586 0.00756759
-2.36586 -0.0596568
-2.36586 0.0267871
-2.36586 0.020485
-2.35904 -0.0619433
-2.35904 0.0142317
-2.35904 0.000345926
-2.35904 0.100267
-2.35904 -0.0844243
-2.35904 -0.0697128
-2.35778 0.0263915
-2.35778 -0.0400689
-2.35778 -0.0537885
-2.34932 -0.0502578
-2.34932 0.0257769
-2.34932 0.016398
-2.34926 -0.0287723
-2.34926 0.024168
-2.34926 -0.00176585
-2.34646 -0.0555475
-2.34646 0.00840092
-2.34646 0.0160201
-2.34349 0.061952
-2.34349 -0.0887682
-2.34349 -0.0528873
-2.33639 0.0352607
-2.33639 -0.0586723
-2.33639 -0.0519894
-2.33639 -0.0119383
-2.33639 -0.0378128
-2.33639 -0.0301474
-2.33639 -0.113794
-2.33639 -0.00276948
-2.33639 0.0382638
-2.33532 -0.0963812
-2.33532 0.0353982
-2.33532 0.0352594
-2.32907 -0.059407
-2.32907 0.0484215
-2.32907 -0.0186258
-2.32615 -0.08557
-2.32615 0.0292926
-2.32615 0.030063
-2.323 -0.117329
-2.323 -0.000693677
-2.323 0.048465
-2.323 -0.0442379
-2.323 -0.0293863
-2.323 -0.0268588
-2.31558 -0.0169492
-2.31558 -0.0437362
-2.31558 -0.0264342
-2.31558 0.0109224
-2.31558 -0.0570905
-2.31558 -0.0269929
-2.31306 -0.0849415
-2.31306 0.0493973
-2.31306 -0.0358594
-2.31306 -0.0303274
-2.31306 -0.0862635
-2.31306 -0.000177238
-2.3072 -0.0787046
-2.3072 -0.0322543
-2.3072 0.02007
-2.3043 -0.0218413
-2.3043 -0.0268881
-2.3043 0.0326847
-2.3043 -0.0236409
-2.3043 -0.00180394
-2.3043 -0.0398064
-2.29982 0.0241691
-2.29982 -0.0428108
-2.29982 -0.0858454
-2.29796 -0.063624
-2.29796 -0.0105952
-2.29796 0.0269706
-2.29796 0.0171943
-2.29796 -0.0800783
-2.29796 -0.0342266
-2.2887 -0.0898209
-2.2887 0.046238
-2.2887 -0.0884221
-2.2887 -0.0427341
-2.2887 -0.0269207
-2.2887 -0.0201239
-2.28481 -0.0472063
-2.28481 -0.124283
-2.28481 0.0626539
-2.28427 -0.0398852
-2.28427 -0.0134442
-2.28427 -0.0390469
-2.28427 -0.0855491
-2.28427 0.00774168
-2.28427 0.00642176
-2.27928 -0.0489138
-2.27928 -0.0776085
-2.27928 0.0346946
-2.27814 -0.0855675
-2.27814 -0.0219879
-2.27814 -0.0221404
-2.26852 0.0450885
-2.26852 -0.11579
-2.26852 -0.043385
-2.26852 -0.0181723
-2.26852 -0.0243609
-2.26852 -0.0752533
-2.26852 -0.15336
-2.26852 0.0895645
-2.26852 -0.0254814
-2.26258 0.046232
-2.26258 -0.0702285
-2.26258 -0.0978771
-2.26258 -0.0392696
-2.26258 -0.0901419
-2.26258 0.0149355
-2.25992 0.065901
-2.25992 -0.0366108
-2.25992 -0.0726857
-2.25627 0.0196888
-2.25627 -0.0511632
-2.25627 -0.0830527
-2.25269 0.00956551
-2.25269 -0.0618961
-2.25269 -0.0291029
-2.24951 0.0105763
-2.24951 -0.0810254
-2.24951 -0.058181
-2.24654 0.0250075
-2.24654 -0.0828626
-2.24654 -0.0501211
-2.24531 0.0660316
-2.24531 -0.0870844
-2.24531 -0.112009
-2.23943 -0.170374
-2.23943 0.00968025
-2.23943 0.0347424
-2.23943 -0.0516155
-2.23943 -0.110337
-2.23943 -0.00292307
-2.23683 -0.146092
-2.23683 0.00457025
-2.23683 0.00575669
-2.2357 -0.138419
-2.2357 0.0193006
-2.2357 0.0435523
-2.23046 0.0357256
-2.23046 -0.116477
-2.23046 -0.0886973
-2.22525 0.028961
-2.22525 -0.0975884
-2.22525 -0.0933513
-2.22525 -0.156002
-2.22525 0.00196177
-2.22525 -0.0125924
-2.22003 -0.0801074
-2.22003 -0.0240008
-2.22003 -0.0173794
-2.21703 0.0700986
-2.21703 -0.17954
-2.21703 -0.070018
-2.21505 0.0354054
-2.21505 -0.0600954
-2.21505 -0.0496035
-2.21355 0.00860307
-2.21355 -0.057723
-2.21355 -0.0416702
-2.21123 -0.0361351
-2.21123 -0.0980003
-2.21123 0.0160756
-2.21033 0.0579306
-2.21033 -0.155316
-2.21033 -0.0854904
-2.20572 0.0510897
-2.20572 -0.0801061
-2.20572 -0.0866081
-2.20196 0.0645247
-2.20196 -0.134182
-2.20196 -0.117025
-2.19848 0.0138943
-2.19848 -0.108313
-2.19848 -0.0674505
-2.19848 -0.0157777
-2.19848 -0.0505671
-2.19848 -0.0435311
-2.19358 0.0335563
-2.19358 -0.10499
-2.19358 -0.0561695
-2.19358 -0.00233412
-2.19358 -0.116128
-2.19358 -0.0572631
-2.18854 -0.0921374
-2.18854 -0.0414249
-2.18854 -0.0287648
-2.18854 -0.0013281
-2.18854 -0.0666773
-2.18854 -0.0851149
-2.18369 0.0360419
-2.18369 -0.106665
-2.18369 -0.0435713
-2.18094 -0.0831189
-2.18094 -0.0354026
-2.18094 -0.0664116
-2.18094 0.00975006
-2.18094 -0.137592
-2.18094 -0.072149
-2.17573 0.090682
-2.17573 -0.0898527
-2.17573 -0.169644
-2.17217 -0.147044
-2.17217 -0.0230199
-2.17217 -0.0329075
-2.16897 -0.172756
-2.16897 0.0158175
-2.16897 0.0018753
-2.16897 -0.0524016
-2.16897 0.00930532
-2.16897 -0.113359
-2.16472 -0.190437
-2.16472 0.0348846
-2.16472 -0.0164948
-2.16472 -0.112288
-2.16472 -0.00415633
-2.16472 -0.0156686
-2.16208 -0.0701125
-2.16208 -0.00172762
-2.16208 -0.127568
-2.15516 0.0382363
-2.15516 -0.0874188
-2.15516 -0.0507815
-2.15339 0.0626975
-2.15339 -0.156221
-2.15339 -0.118408
-2.15339 0.0276244
-2.15339 -0.110113
-2.15339 -0.10223
-2.14852 -0.00157748
-2.14852 -0.109098
-2.14852 -0.080066
-2.14852 -0.199394
-2.14852 0.022646
-2.14852 -0.0233884
-2.1427 0.0200826
-2.1427 -0.094431
-2.1427 -0.136537
-2.14134 -0.168632
-2.14134 0.00621468
-2.14134 -0.055768
-2.13861 0.0461613
-2.13861 -0.114684
-2.13861 -0.123321
-2.13861 0.0553267
-2.13861 -0.103896
-2.13861 -0.125182
-2.13319 -0.201522
-2.13319 0.0394807
-2.13319 -0.024883
-2.1267 -0.00170326
-2.1267 -0.110396
-2.1267 -0.100127
-2.12323 -0.174037
-2.12323 0.00248509
-2.12323 0.000758107
-2.12323 -0.0333054
-2.12323 -0.0555481
-2.12323 -0.105084
-2.12173 0.0451545
-2.12173 -0.159133
-2.12173 -0.103374
-2.12173 -0.2809
-2.12173 0.072438
-2.12173 -0.00978639
-2.11617 -0.168645
-2.11617 0.0423412
-2.11617 -0.0646048
-2.11617 -0.0198053
-2.11617 -0.0815406
-2.11617 -0.125707
-2.1107 0.0660055
-2.1107 -0.207445
-2.1107 -0.0956303
-2.10835 -0.152381
-2.10835 -0.033114
-2.10835 0.0107092
-2.10126 0.00506578
-2.10126 -0.12023
-2.10126 -0.0762625
-2.10126 -0.0421792
-2.10126 -0.00898701
-2.10126 -0.113964
-2.09818 -0.13917
-2.09818 -0.0229954
-2.09818 -0.0718852
-2.09818 -0.216471
-2.09818 0.0401987
-2.09818 -0.0521694
-2.09447 0.0160261
-2.09447 -0.133278
-2.09447 -0.101608
-2.0934 -0.0167653
-2.0934 -0.0667747
-2.0934 -0.116854
-2.08742 -0.0890436
-2.08742 -0.0340817
-2.08742 -0.139109
-2.08742 -0.170994
-2.08742 -0.0216283
-2.08742 -0.0666232
-2.0807 -0.128442
-2.0807 -0.0280739
-2.0807 -0.042505
-2.08002 -0.191759
-2.08002 -0.0460833
-2.08002 0.00558933
-2.07604 -0.0818888
-2.07604 0.00683545
-2.07604 -0.155652
-2.07436 -0.172371
-2.07436 -0.0327606
-2.07436 -0.0127246
-2.07436 0.0223441
-2.07436 -0.139854
-2.07436 -0.0999156
-2.0689 -0.190499
-2.0689 0.0215861
-2.0689 -0.0870671
-2.0689 -0.294086
-2.0689 0.0144265
-2.0689 -0.0136857
-2.0629 0.0371403
-2.0629 -0.177702
-2.0629 -0.100538
-2.062 -0.010302
-2.062 -0.104379
-2.062 -0.0996734
-2.05997 -0.0208823
-2.05997 -0.0981983
-2.05997 -0.12105
-2.05633 -0.23997
-2.05633 -0.00707882
-2.05633 -0.013433
-2.0541 -0.0078879
-2.0541 -0.106033
-2.0541 -0.108607
-2.04817 -0.148488
-2.04817 -0.0451448
-2.04817 -0.0410669
-2.04743 -0.290979
-2.04743 -0.00598332
-2.04743 0.0134633
-2.04743 -0.100146
-2.04743 -0.0769146
-2.04743 -0.0606314
-2.04097 -0.0306585
-2.04097 -0.116456
-2.04097 -0.0899443
-2.04097 -0.231346
-2.04097 -0.0119737
-2.04097 -0.00423076
-2.03584 -0.112261
-2.03584 0.0469618
-2.03584 -0.190149
-2.03482 -0.177927
-2.03482 -0.0375729
-2.03482 -0.0748309
-2.03171 -0.020545
-2.03171 -0.11388
-2.03171 -0.0878498
-2.02677 -0.204189
-2.02677 -0.00371036
-2.02677 -0.0878321
-2.02677 -0.173612
-2.02677 -0.0270843
-2.02677 -0.0704872
-2.02677 -0.0177998
-2.02677 -0.138231
-2.02677 -0.123243
-2.02316 -0.226956
-2.02316 -0.0220494
-2.02316 -0.018314
-2.01936 -0.0403296
-2.01936 -0.103826
-2.01936 -0.104512
-2.0163 -0.289845
-2.0163 0.00612076
-2.0163 -0.0418112
-2.0163 0.00256662
-2.0163 -0.186945
-2.0163 -0.129419
-2.01011 0.0295045
-2.01011 -0.108309
-2.01011 -0.162492
-2.00492 0.0769611
-2.00492 -0.151623
-2.00492 -0.236337
-2.00278 -0.146805
-2.00278 -0.023818
-2.00278 -0.0630418
-2.00278 0.000110377
-2.00278 -0.115237
-2.00278 -0.183768
-2.00262 -0.0816817
-2.00262 -0.158802
-2.00262 -0.0162714
-1.99709 -0.348781
-1.99709 0.00428055
-1.99709 0.00615861
-1.99633 -0.129583
-1.99633 -0.0459982
-1.99633 -0.0659712
-1.99288 0.0422352
-1.99288 -0.133339
-1.99288 -0.156544
-1.98842 -0.11069
-1.98842 -0.023426
-1.98842 -0.170674
-1.98842 -0.221367
-1.98842 -0.0425343
-1.98842 -0.0258161
-1.98318 -0.280513
-1.98318 0.027151
-1.98318 -0.086801
-1.98301 0.0216065
-1.98301 -0.125834
-1.98301 -0.190057
-1.97747 -0.150629
-1.97747 -0.0698405
-1.97747 -0.0715374
-1.97747 -0.30578
-1.97747 -0.00494965
-1.97747 -0.0168999
-1.9772 -0.145186
-1.9772 -0.0758667
-1.9772 -0.0588662
-1.97466 -0.258666
-1.97466 -0.01746
-1.97466 -0.0129167
-1.96861 0.071682
-1.96861 -0.240443
-1.96861 -0.0955848
-1.9668 0.0898668
-1.9668 -0.222702
-1.9668 -0.213422
-1.96469 0.00932162
-1.96469 -0.238592
-1.96469 -0.140396
-1.9623 -0.141813
-1.9623 -0.0625848
-1.9623 -0.0887366
-1.95607 -0.0892208
-1.95607 -0.157619
-1.95607 -0.0547859
-1.95201 -0.339484
-1.95201 -0.0280418
-1.95201 0.0780496
-1.95017 -0.335966
-1.95017 0.00491423
-1.95017 -0.0184715
-1.94744 -0.0745694
-1.94744 -0.212776
-1.94744 -0.0198134
-1.94581 -0.216021
-1.94581 -0.063544
-1.94581 -0.053897
-1.94581 -0.22686
-1.94581 -0.011126
-1.94581 -0.107677
-1.94132 -0.125646
-1.94132 -0.0639013
-1.94132 -0.0662068
-1.93685 -0.269401
-1.93685 -0.0202095
-1.93685 0.0134524
-1.93562 -0.335343
-1.93562 -0.0426632
-1.93562 0.0697819
-1.93033 -0.303531
-1.93033 -0.0772863
-1.93033 -0.00208822
-1.928 -0.245513
-1.928 -0.05639
-1.928 -0.0543571
-1.928 -0.269528
-1.928 -0.0262072
-1.928 -0.0720252
-1.928 -0.200997
-1.928 -0.0813984
-1.928 -0.0798955
-1.92483 -0.25368
-1.92483 -0.00547142
-1.92483 -0.0305639
-1.92483 -0.109127
-1.92483 0.00378314
-1.92483 -0.220864
-1.9149 -0.12589
-1.9149 -0.0490037
-1.9149 -0.140916
-1.9127 -0.358754
-1.9127 -0.0381213
-1.9127 -0.000365647
-1.91121 -0.130849
-1.91121 0.0299802
-1.91121 -0.257303
-1.91121 -0.122578
-1.91121 0.0250353
-1.91121 -0.217199
-1.90897 0.0204202
-1.90897 -0.133123
-1.90897 -0.176081
-1.90616 -0.290129
-1.90616 0.00769096
-1.90616 -0.0475963
-1.89689 0.0837817
-1.89689 -0.198479
-1.89689 -0.245252
-1.89654 -0.39244
-1.89654 0.027582
-1.89654 -0.0259054
-1.89377 -0.368646
-1.89377 0.0310161
-1.89377 -0.00393201
-1.89377 0.0172921
-1.89377 -0.170388
-1.89377 -0.256467
-1.89262 -0.251428
-1.89262 -0.0192911
-1.89262 -0.0819242
-1.8906 -0.0365584
-1.8906 -0.128738
-1.8906 -0.164001
-1.8862 -0.25255
-1.8862 -0.0213931
-1.8862 -0.0677023
-1.88125 0.0586459
-1.88125 -0.225756
-1.88125 -0.0998035
-1.87752 -0.148114
-1.87752 -0.00526707
-1.87752 -0.256606
-1.87752 -0.393537
-1.87752 -0.0163677
-1.87752 -0.0204704
-1.87747 -0.144536
-1.87747 -0.00980839
-1.87747 -0.226532
-1.8751 -0.137658
-1.8751 0.0206417
-1.8751 -0.288365
-1.86903 0.143501
-1.86903 -0.197095
-1.86903 -0.260476
-1.86903 -0.342603
-1.86903 -0.0214519
-1.86903 0.0117424
-1.8652 -0.219488
-1.8652 -0.0869842
-1.8652 -0.00978551
-1.85943 -0.412616
-1.85943 -0.0319617
-1.85943 -0.0278761
-1.85943 0.00121374
-1.85943 -0.257974
-1.85943 -0.184215
-1.85624 -0.212035
-1.85624 -0.0724647
-1.85624 -0.10314
-1.85447 0.0337707
-1.85447 -0.195018
-1.85447 -0.182218
-1.84837 -0.279523
-1.84837 -0.0671235
-1.84837 0.00489755
-1.84807 -0.0019845
-1.84807 -0.136264
-1.84807 -0.170228
-1.84807 -0.240826
-1.84807 -0.0885103
-1.84807 0.00515131
-1.84328 -0.494989
-1.84328 -0.00437325
-1.84328 -0.00519875
-1.83838 -0.356162
-1.83838 0.0600603
-1.83838 -0.110751
-1.83766 -0.428551
-1.83766 0.0467793
-1.83766 -0.0988073
-1.83766 -0.0524456
-1.83766 -0.169606
-1.83766 -0.177182
-1.83325 0.0540482
-1.83325 -0.182227
-1.83325 -0.202684
-1.82798 -0.261837
-1.82798 -0.0461765
-1.82798 -0.0702864
-1.8261 -0.466313
-1.8261 -0.0156271
-1.8261 -0.0155935
-1.82578 -0.170889
-1.82578 -0.0878317
-1.82578 -0.0919438
-1.82174 -0.10461
-1.82174 -0.164188
-1.82174 -0.0938121
-1.821 -0.433362
-1.821 0.0273057
-1.821 -0.076421
-1.81669 -0.329128
-1.81669 0.0324637
-1.81669 -0.109372
-1.81669 -0.261088
-1.81669 -0.0724576
-1.81669 -0.0440926
-1.81349 -0.327993
-1.81349 0.010571
-1.81349 -0.04652
-1.81113 0.0932863
-1.81113 -0.299004
-1.81113 -0.142546
-1.80578 -0.440748
-1.80578 0.00680267
-1.80578 -0.0751154
-1.80498 0.0292166
-1.80498 -0.2298
-1.80498 -0.222677
-1.7997 0.0222622
-1.7997 -0.184447
-1.7997 -0.209751
-1.79969 0.0567139
-1.79969 -0.205557
-1.79969 -0.327739
-1.79442 0.0130443
-1.79442 -0.212457
-1.79442 -0.202238
-1.79063 -0.103646
-1.79063 -0.164274
-1.79063 -0.0833219
-1.78997 -0.543506
-1.78997 -0.00854191
-1.78997 -0.00910056
-1.78997 -0.18732
-1.78997 -0.0694655
-1.78997 -0.175542
-1.78311 -0.123194
-1.78311 -0.0199873
-1.78311 -0.196099
-1.78311 0.084583
-1.78311 -0.339677
-1.78311 -0.131708
-1.78136 -0.543845
-1.78136 0.0219078
-1.78136 -0.0296929
-1.78066 -0.112181
-1.78066 -0.238671
-1.78066 -0.0465562
-1.774 -0.516405
-1.774 -0.0177714
-1.774 -0.0176279
-1.77102 -0.117783
-1.77102 -0.0213349
-1.77102 -0.246661
-1.77102 -0.364572
-1.77102 0.00699965
-1.77102 -0.0330763
-1.76569 -0.293482
-1.76569 -0.00576631
-1.76569 -0.152699
-1.76505 -0.156323
-1.76505 0.0291006
-1.76505 -0.365713
-1.76207 -0.269622
-1.76207 -0.0871418
-1.76207 -0.0293837
-1.75869 -0.382847
-1.75869 -0.0750155
-1.75869 -0.015331
-1.75523 0.111202
-1.75523 -0.215066
-1.75523 -0.239142
-1.75178 -0.167624
-1.75178 -0.0146476
-1.75178 -0.217954
-1.75016 -0.517489
-1.75016 -0.0661133
-1.75016 -0.00489282
-1.74619 -0.0150129
-1.74619 -0.154152
-1.74619 -0.238741
-1.74619 -0.37538
-1.74619 0.0177035
-1.74619 -0.0555127
-1.74145 0.0815677
-1.74145 -0.308543
-1.74145 -0.256563
-1.7396 0.048481
-1.7396 -0.194623
-1.7396 -0.26928
-1.7396 -0.0675964
-1.7396 -0.161472
-1.7396 -0.155824
-1.73596 -0.587233
-1.73596 -0.0145059
-1.73596 -0.0111339
-1.73363 -0.288434
-1.73363 -0.0444038
-1.73363 -0.0549545
-1.73363 -0.241161
-1.73363 -0.0420201
-1.73363 -0.114023
-1.72431 -0.178041
-1.72431 -0.0337622
-1.72431 -0.34139
-1.72395 -0.240264
-1.72395 -0.0781868
-1.72395 -0.153219
-1.72395 -0.180941
-1.72395 -0.018484
-1.72395 -0.291503
-1.72114 -0.568343
-1.72114 -0.0188955
-1.72114 -0.0189182
-1.71927 -0.126294
-1.71927 -0.0939282
-1.71927 -0.185302
-1.71785 0.0777768
-1.71785 -0.205403
-1.71785 -0.258466
-1.71168 -0.425429
-1.71168 0.000229116
-1.71168 -0.0402623
-1.70851 -0.600014
-1.70851 0.00332468
-1.70851 -0.0212257
-1.70851 -0.0602453
-1.70851 -0.21093
-1.70851 -0.202149
-1.70229 -0.312469
-1.70229 -0.0600775
-1.70229 -0.0162393
-1.70122 -0.551988
-1.70122 0.00144606
-1.70122 0.00901069
-1.69582 0.112264
-1.69582 -0.283143
-1.69582 -0.204127
-1.69492 -0.617082
-1.69492 -0.00542382
-1.69492 -0.027375
-1.69492 -0.289805
-1.69492 -0.0863936
-1.69492 -0.130392
-1.69159 -0.134819
-1.69159 -0.17377
-1.69159 -0.102137
-1.68731 -0.380598
-1.68731 -0.0245803
-1.68731 -0.0508813
-1.68554 -0.469233
-1.68554 -0.0242776
-1.68554 -0.0390361
-1.68147 -0.370042
-1.68147 0.0136314
-1.68147 -0.163037
-1.68147 -0.236951
-1.68147 -0.11012
-1.68147 -0.153084
-1.68125 -0.0405161
-1.68125 -0.537352
-1.68125 -0.0469779
-1.68039 -0.125799
-1.68039 -0.184649
-1.68039 -0.0475831
-1.68039 -0.1457
-1.68039 -0.0108127
-1.68039 -0.278132
-1.67162 -0.286076
-1.67162 0.00387643
-1.67162 -0.0999199
-1.66757 -0.626383
-1.66757 -0.0190997
-1.66757 -0.0189346
-1.66661 -0.648009
-1.66661 -0.00502809
-1.66661 0.000337594
-1.66558 -0.161421
-1.66558 0.0209965
-1.66558 -0.377348
-1.65859 -0.225575
-1.65859 -0.0934744
-1.65859 -0.115783
-1.65794 0.0059756
-1.65794 -0.184379
-1.65794 -0.250009
-1.65536 0.0734232
-1.65536 -0.221129
-1.65536 -0.305681
-1.65105 -0.591538
-1.65105 -0.0495617
-1.65105 -0.00607997
-1.65075 0.0405316
-1.65075 -0.234096
-1.65075 -0.271818
-1.65075 -0.273952
-1.65075 -0.065948
-1.65075 -0.0987987
-1.64318 -0.583736
-1.64318 0.00890562
-1.64318 -0.0182562
-1.64299 -0.29318
-1.64299 0.0211135
-1.64299 -0.127592
-1.63824 -0.418487
-1.63824 -0.132871
-1.63824 0.0127619
-1.63824 -0.665914
-1.63824 -0.0303134
-1.63824 -0.00191139
-1.63176 -0.238726
-1.63176 -0.11611
-1.63176 -0.0717935
-1.62824 -0.428317
-1.62824 -0.0442253
-1.62824 -0.0257371
-1.62569 -0.241204
-1.62569 -0.0671057
-1.62569 -0.276527
-1.62569 -0.687476
-1.62569 -0.0207421
-1.62569 -0.0155608
-1.62494 -0.163003
-1.62494 -0.082481
-1.62494 -0.27588
-1.62102 -0.406651
-1.62102 -0.0628371
-1.62102 -0.0357395
-1.61714 -0.286473
-1.61714 -0.101945
-1.61714 -0.055733
-1.61661 0.0538105
-1.61661 -0.236336
-1.61661 -0.230615
-1.61317 -0.684746
-1.61317 -0.0196547
-1.61317 -0.0196695
-1.61317 -0.241382
-1.61317 -0.0576433
-1.61317 -0.217438
-1.60815 -0.693291
-1.60815 -0.00512202
-1.60815 -0.00255066
-1.60712 -0.567357
-1.60712 0.0207216
-1.60712 -0.0350648
-1.60712 -0.0784472
-1.60712 -0.216361
-1.60712 -0.225559
-1.59772 0.0478164
-1.59772 -0.216592
-1.59772 -0.296498
-1.59772 -0.479184
-1.59772 -0.0109956
-1.59772 -0.0434685
-1.59329 -0.03002
-1.59329 -0.341652
-1.59329 -0.224001
-1.59329 -0.649338
-1.59329 -0.0224563
-1.59329 -0.0313324
-1.59023 -0.239878
-1.59023 -0.117417
-1.59023 -0.110223
-1.58689 -0.285652
-1.58689 0.0371575
-1.58689 -0.203366
-1.58414 -0.574827
-1.58414 -0.0408606
-1.58414 0.000222354
-1.58056 -0.265949
-1.58056 -0.197597
-1.58056 -0.0683553
-1.58056 -0.758669
-1.58056 -0.00931955
-1.58056 -0.00915076
-1.57826 -0.450819
-1.57826 0.0362883
-1.57826 -0.0548616
-1.57489 -0.314125
-1.57489 -0.0695572
-1.57489 -0.0707876
-1.57006 0.0126652
-1.57006 -0.286245
-1.57006 -0.229076
-1.56911 -0.592468
-1.56911 -0.0892812
-1.56911 -0.0383882
-1.56911 -0.591077
-1.56911 -0.0597626
-1.56911 -0.039743
-1.56714 -0.588486
-1.56714 -0.0493411
-1.56714 -0.0130956
-1.56448 -0.289246
-1.56448 -0.143994
-1.56448 -0.101765
-1.55986 -0.171715
-1.55986 -0.0630706
-1.55986 -0.248173
-1.55806 -0.745948
-1.55806 -0.0190501
-1.55806 -0.0190369
-1.55285 -0.152278
-1.55285 -0.216633
-1.55285 -0.0847372
-1.55232 -0.155547
-1.55232 -0.289987
-1.55232 -0.0211145
-1.54911 -0.726525
-1.54911 -0.00699384
-1.54911 -0.00858583
-1.54773 -0.578519
-1.54773 -0.0258125
-1.54773 -0.00924031
-1.54692 -0.164777
-1.54692 -0.0578818
-1.54692 -0.280838
-1.5378 -0.260745
-1.5378 -0.088026
-1.5378 -0.15379
-1.5378 0.0577268
-1.5378 -0.377667
-1.5378 -0.20043
-1.53439 -0.182204
-1.53439 -0.0116979
-1.53439 -0.473768
-1.53426 -0.423015
-1.53426 -0.107126
-1.53426 -0.0949291
-1.52559 -0.0722732
-1.52559 -0.235204
-1.52559 -0.229127
-1.52559 -0.641684
-1.52559 -0.0092947
-1.52559 -0.0265874
-1.52534 -0.227699
-1.52534 -0.117654
-1.52534 -0.147882
-1.52194 -0.275873
-1.52194 -0.154621
-1.52194 -0.183365
-1.52194 -0.806346
-1.52194 -0.0106524
-1.52194 -0.0106158
-1.51875 -0.244543
-1.51875 -0.138606
-1.51875 -0.0912667
-1.5159 -0.357694
-1.5159 0.00533268
-1.5159 -0.15353
-1.5117 -0.827687
-1.5117 -0.0126525
-1.5117 -0.0123851
-1.50977 -0.562956
-1.50977 -0.0182318
-1.50977 -0.0193623
-1.50977 -0.203454
-1.50977 -0.0590832
-1.50977 -0.301712
-1.50639 -0.513069
-1.50639 -0.100146
-1.50639 -0.0310414
-1.50379 -0.294936
-1.50379 -0.0928765
-1.50379 -0.147161
-1.50231 -0.810825
-1.50231 -0.017635
-1.50231 -0.0176835
-1.50231 -0.284611
-1.50231 -0.216289
-1.50231 -0.127271
-1.49584 -0.197719
-1.49584 -0.1569
-1.49584 -0.142212
-1.48944 -0.263745
-1.48944 -0.208749
-1.48944 -0.130573
-1.48944 -0.759451
-1.48944 -0.0112972
-1.48944 -0.0111789
-1.4884 -0.613134
-1.4884 -0.00545848
-1.4884 -0.0395487
-1.48799 -0.161308
-1.48799 -0.212882
-1.48799 -0.14955
-1.48583 -0.230923
-1.48583 -0.152865
-1.48583 -0.126905
-1.47927 -0.396766
-1.47927 0.0155141
-1.47927 -0.143968
-1.47927 -0.322324
-1.47927 -0.0886653
-1.47927 -0.162328
-1.47527 -0.401646
-1.47527 -0.0238061
-1.47527 -0.157138
-1.47453 -0.781614
-1.47453 -0.0182372
-1.47453 -0.013759
-1.4659 -0.108775
-1.4659 -0.254487
-1.4659 -0.221987
-1.4659 -0.699647
-1.4659 -0.0098979
-1.4659 -0.0164624
-1.4623 -0.845244
-1.4623 -0.0127356
-1.4623 -0.0127583
-1.4623 -0.293499
-1.4623 -0.248207
-1.4623 -0.105831
-1.45518 -0.0159332
-1.45518 -0.204942
-1.45518 -0.307817
-1.45518 -0.180202
-1.45518 -0.265278
-1.45518 -0.105894
-1.45307 -0.895888
-1.45307 -0.0113491
-1.45307 -0.011084
-1.45214 -0.247375
-1.45214 -0.138301
-1.45214 -0.179213
-1.45214 -0.552746
-1.45214 -0.0463574
-1.45214 -0.0314804
-1.44744 -0.187631
-1.44744 -0.0257072
-1.44744 -0.405886
-1.44609 -0.872062
-1.44609 -0.0150501
-1.44609 -0.023023
-1.44609 -0.316907
-1.44609 -0.0270378
-1.44609 -0.418563
-1.44609 -0.304401
-1.44609 -0.00163903
-1.44609 -0.375666
-1.43361 -0.032266
-1.43361 -0.239936
-1.43361 -0.281367
-1.42918 -0.273635
-1.42918 -0.143453
-1.42918 -0.21172
-1.42918 -0.790645
-1.42918 -0.0150445
-1.42918 -0.0151546
-1.42813 -0.659764
-1.42813 -0.0175544
-1.42813 -0.0299092
-1.4257 -0.111486
-1.4257 -0.202384
-1.4257 -0.229273
-1.41995 -0.100949
-1.41995 -0.231303
-1.41995 -0.237206
-1.41995 -0.0583527
-1.41995 -0.298863
-1.41995 -0.207585
-1.41995 -0.434372
-1.41995 -0.0739578
-1.41995 -0.0676723
-1.41773 -0.223005
-1.41773 -0.02111
-1.41773 -0.37223
-1.41415 -0.830751
-1.41415 -0.016201
-1.41415 -0.0161774
-1.40982 -0.0432416
-1.40982 -0.230965
-1.40982 -0.279276
-1.40571 -0.257044
-1.40571 -0.0641344
-1.40571 -0.274433
-1.40571 -0.0156248
-1.40571 -0.739312
-1.40571 -0.0152508
-1.40167 -0.0159663
-1.40167 -0.873721
-1.40167 -0.0159675
-1.39932 -0.422702
-1.39932 -0.0224432
-1.39932 -0.119268
-1.39473 -0.119773
-1.39473 -0.204486
-1.39473 -0.242028
-1.39179 -0.894848
-1.39179 -0.0189825
-1.39179 -0.0170879
-1.39179 -0.28311
-1.39179 -0.424375
-1.39179 -0.0539263
-1.39012 -0.330456
-1.39012 -0.0902281
-1.39012 -0.194583
-1.38737 -0.324165
-1.38737 -0.074669
-1.38737 -0.207712
-1.38737 -0.470032
-1.38737 -0.0658471
-1.38737 -0.101122
-1.38578 -0.726935
-1.38578 -0.0273476
-1.38578 -0.0311675
-1.38401 -0.392036
-1.38401 -0.0293754
-1.38401 -0.161747
-1.37873 -0.186879
-1.37873 -0.298281
-1.37873 -0.0708207
-1.37873 0.00424394
-1.37873 -0.323049
-1.37873 -0.265375
-1.36835 -0.821241
-1.36835 -0.0190618
-1.36835 -0.0189965
-1.36762 -0.703272
-1.36762 -0.0171939
-1.36762 -0.029162
-1.36636 -0.137756
-1.36636 -0.228025
-1.36636 -0.221142
-1.36245 -0.203545
-1.36245 -0.152487
-1.36245 -0.216089
-1.35928 -0.45816
-1.35928 -0.0937913
-1.35928 -0.085523
-1.35928 0.000679684
-1.35928 -0.320409
-1.35928 -0.334773
-1.35702 -0.405269
-1.35702 -0.0785889
-1.35702 -0.149611
-1.35306 -0.862071
-1.35306 -0.0196158
-1.35306 -0.0195854
-1.35306 -0.300927
-1.35306 -0.259745
-1.35306 -0.129298
-1.34496 -0.274829
-1.34496 -0.170997
-1.34496 -0.187181
-1.34496 -0.769087
-1.34496 -0.0199866
-1.34496 -0.0208019
-1.34025 -0.899863
-1.34025 -0.0195979
-1.34025 -0.0195973
-1.34025 -0.313023
-1.34025 -0.159698
-1.34025 -0.238257
-1.33486 -0.491186
-1.33486 0.0206048
-1.33486 -0.159172
-1.3304 -0.665805
-1.3304 -0.0214746
-1.3304 -0.0485025
-1.3304 -0.246546
-1.3304 -0.119956
-1.3304 -0.267306
-1.32644 -0.490549
-1.32644 -0.0358621
-1.32644 -0.14386
-1.32477 -0.397118
-1.32477 -0.204491
-1.32477 -0.12402
-1.32477 -0.778806
-1.32477 -0.0275048
-1.32477 -0.0286547
-1.31998 -0.0783031
-1.31998 -0.256108
-1.31998 -0.267221
-1.31998 -0.159687
-1.31998 -0.243201
-1.31998 -0.201111
-1.31465 -0.111824
-1.31465 -0.255782
-1.31465 -0.234375
-1.30696 -0.852671
-1.30696 -0.0227563
-1.30696 -0.0228396
-1.30645 -0.748129
-1.30645 -0.0280073
-1.30645 -0.0239787
-1.30645 -0.124273
-1.30645 -0.303467
-1.30645 -0.265181
-1.30089 -0.200683
-1.30089 -0.272379
-1.30089 -0.127212
-1.29884 -0.519762
-1.29884 -0.0477004
-1.29884 -0.0930408
-1.2973 -0.626112
-1.2973 -0.0401196
-1.2973 -0.0636595
-1.29419 -0.0714602
-1.29419 -0.335905
-1.29419 -0.227267
-1.29136 -0.893475
-1.29136 -0.0229735
-1.29136 -0.0229738
-1.29136 -0.313141
-1.29136 -0.174475
-1.29136 -0.238256
-1.2837 -0.283619
-1.2837 -0.217898
-1.2837 -0.206627
-1.2837 -0.801469
-1.2837 -0.0245471
-1.2837 -0.0247374
-1.28268 -0.133754
-1.28268 -0.248474
-1.28268 -0.232722
-1.27575 -0.436199
-1.27575 -0.12969
-1.27575 -0.0903736
-1.2698 -0.376214
-1.2698 -0.127911
-1.2698 -0.209038
-1.2698 -0.686496
-1.2698 -0.0387874
-1.2698 -0.0517592
-1.26677 -0.61861
-1.26677 -0.0620218
-1.26677 -0.0379126
-1.26426 -0.331912
-1.26426 -0.105792
-1.26426 -0.198295
-1.26322 -0.83981
-1.26322 -0.0269228
-1.26322 -0.0260286
-1.26322 -0.298158
-1.26322 -0.017725
-1.26322 -0.402255
-1.25385 -0.145392
-1.25385 -0.263268
-1.25385 -0.221463
-1.25385 -0.372101
-1.25385 -0.140974
-1.25385 -0.132383
-1.245 -0.312642
-1.245 -0.181611
-1.245 -0.258733
-1.245 -0.884905
-1.245 -0.0263479
-1.245 -0.0265556
-1.24497 -0.787784
-1.24497 -0.0285501
-1.24497 -0.0279122
-1.23826 -0.136537
-1.23826 -0.257602
-1.23826 -0.281803
-1.23826 -0.609528
-1.23826 -0.0519275
-1.23826 -0.053022
-1.2357 -0.121781
-1.2357 -0.292677
-1.2357 -0.269957
-1.2357 -0.644427
-1.2357 -0.0495914
-1.2357 -0.0717647
-1.2357 -0.453006
-1.2357 -0.152021
-1.2357 -0.101767
-1.22192 -0.832828
-1.22192 -0.0291061
-1.22192 -0.029093
-1.22192 -0.287077
-1.22192 -0.313243
-1.22192 -0.148216
-1.22192 -0.297061
-1.22192 -0.237757
-1.22192 -0.187262
-1.21473 -0.278112
-1.21473 -0.184662
-1.21473 -0.2081
-1.21473 -0.14621
-1.21473 -0.236438
-1.21473 -0.301115
-1.20818 -0.497666
-1.20818 -0.140485
-1.20818 -0.129124
-1.20818 -0.69058
-1.20818 -0.0539894
-1.20818 -0.0651723
-1.20443 -0.712945
-1.20443 -0.0341929
-1.20443 -0.0350913
-1.2011 -0.875018
-1.2011 -0.0299043
-1.2011 -0.0299723
-1.20057 -0.156869
-1.20057 -0.281515
-1.20057 -0.237103
-1.19972 0.0500022
-1.19972 -0.419922
-1.19972 -0.297525
-1.1925 -0.237567
-1.1925 -0.218215
-1.1925 -0.215072
-1.18707 -0.163215
-1.18707 -0.276912
-1.18707 -0.238081
-1.18296 -0.295538
-1.18296 -0.222586
-1.18296 -0.238971
-1.18296 -0.821857
-1.18296 -0.0322992
-1.18296 -0.0320552
-1.18296 -0.297545
-1.18296 -0.0759718
-1.18296 -0.386206
-1.17565 -0.485278
-1.17565 -0.0647119
-1.17565 -0.185994
-1.17565 -0.535977
-1.17565 -0.0754029
-1.17565 -0.120698
-1.17407 -0.745583
-1.17407 -0.034845
-1.17407 -0.0465086
-1.17242 -0.341514
-1.17242 -0.15977
-1.17242 -0.187858
-1.15982 -0.388362
-1.15982 -0.0869608
-1.15982 -0.239418
-1.1596 -0.865004
-1.1596 -0.0334452
-1.1596 -0.033255
-1.1596 -0.311143
-1.1596 -0.270764
-1.1596 -0.187554
-1.1529 -0.286715
-1.1529 -0.208675
-1.1529 -0.212754
-1.1529 -0.143852
-1.1529 -0.281914
-1.1529 -0.28095
-1.15067 -0.221107
-1.15067 -0.433421
-1.15067 -0.0863115
-1.14649 -0.758759
-1.14649 -0.0748675
-1.14649 -0.0360076
-1.14239 -0.75005
-1.14239 -0.0407305
-1.14239 -0.0358838
-1.14239 -0.276073
-1.14239 -0.0500868
-1.14239 -0.432922
-1.13463 -0.266901
-1.13463 -0.204798
-1.13463 -0.226711
-1.13463 -0.188244
-1.13463 -0.26839
-1.13463 -0.259421
-1.12727 -0.23366
-1.12727 -0.140433
-1.12727 -0.344402
-1.12048 -0.290075
-1.12048 -0.414095
-1.12048 -0.0802452
-1.12048 -0.850551
-1.12048 -0.0383353
-1.12048 -0.0371505
-1.11428 -0.140332
-1.11428 -0.279204
-1.11428 -0.336843
-1.11428 -0.265351
-1.11428 -0.181544
-1.11428 -0.303499
-1.11291 -0.229785
-1.11291 -0.045489
-1.11291 -0.499962
-1.1119 -0.797456
-1.1119 -0.0389329
-1.1119 -0.0392516
-1.10626 -0.323454
-1.10626 -0.160531
-1.10626 -0.23606
-1.09579 -0.543461
-1.09579 -0.108008
-1.09579 -0.107307
-1.09579 -0.378715
-1.09579 -0.14227
-1.09579 -0.219836
-1.08972 -0.333639
-1.08972 -0.171626
-1.08972 -0.227114
-1.08801 -0.640435
-1.08801 -0.066555
-1.08801 -0.089041
-1.08365 -0.828314
-1.08365 -0.0426362
-1.08365 -0.0477098
-1.08365 -0.353964
-1.08365 -0.212174
-1.08365 -0.240733
-1.08007 -0.475089
-1.08007 -0.117563
-1.08007 -0.227096
-1.08007 -0.678363
-1.08007 -0.0513487
-1.08007 -0.122553
-1.07806 -0.554169
-1.07806 0.0118997
-1.07806 -0.214653
-1.06901 -0.280707
-1.06901 -0.219751
-1.06901 -0.245041
-1.06901 -0.546635
-1.06901 -0.119777
-1.06901 -0.0951227
-1.06453 -0.254132
-1.06453 -0.233476
-1.06453 -0.239916
-1.06029 -0.576545
-1.06029 -0.171904
-1.06029 -0.0379837
-1.05404 -0.0966037
-1.05404 -0.375985
-1.05404 -0.305602
-1.05067 -0.734589
-1.05067 -0.0498342
-1.05067 -0.0725078
-1.04919 -0.827951
-1.04919 -0.0446043
-1.04919 -0.04534
-1.04919 -0.323901
-1.04919 -0.232731
-1.04919 -0.240331
-1.03704 -0.454197
-1.03704 -0.157728
-1.03704 -0.172929
-1.03704 -0.0855925
-1.03704 -0.347061
-1.03704 -0.346857
-1.03704 -0.614207
-1.03704 -0.0911767
-1.03704 -0.0940462
-1.02463 -0.262169
-1.02463 -0.0760411
-1.02463 -0.476254
-1.0232 -0.423483
-1.0232 -0.147768
-1.0232 -0.228049
-1.01712 -0.818618
-1.01712 -0.0462356
-1.01712 -0.04902
-1.01712 -0.307099
-1.01712 -0.157422
-1.01712 -0.373089
-1.01712 -0.304762
-1.01712 -0.182649
-1.01712 -0.343963
-1.014 -0.360994
-1.014 -0.196725
-1.014 -0.23585
-1.00491 -0.467669
-1.00491 -0.215749
-1.00491 -0.116088
-0.996061 -0.29444
-0.996061 -0.238036
-0.996061 -0.250017
-0.996061 -0.114914
-0.996061 -0.312704
-0.996061 -0.379706
-0.996061 -0.680451
-0.996061 -0.0188755
-0.996061 -0.136036
-0.987681 -0.41834
-0.987681 -0.191409
-0.987681 -0.221013
-0.987681 -0.767102
-0.987681 -0.0783684
-0.987681 -0.0559098
-0.983645 -0.290623
-0.983645 -0.237901
-0.983645 -0.260698
-0.983645 -0.268821
-0.983645 -0.264099
-0.983645 -0.26493
-0.974754 -0.289262
-0.974754 -0.0753133
-0.974754 -0.462644
-0.972297 -0.478655
-0.972297 -0.104261
-0.972297 -0.243444
-0.960754 -0.307336
-0.960754 -0.255719
-0.960754 -0.266806
-0.960754 -0.740481
-0.960754 -0.0617985
-0.960754 -0.0837991
-0.960754 -0.451321
-0.960754 -0.209913
-0.960754 -0.196319
-0.960754 -0.226764
-0.960754 -0.303727
-0.960754 -0.309005
-0.954422 -0.668663
-0.954422 -0.0658027
-0.954422 -0.110217
-0.942696 -0.288223
-0.942696 -0.0295345
-0.942696 -0.516008
-0.937391 -0.31167
-0.937391 -0.248989
-0.937391 -0.268027
-0.932265 -0.735432
-0.932265 -0.0986012
-0.932265 -0.0483359
-0.929658 -0.0815118
-0.929658 -0.467862
-0.929658 -0.28285
-0.91863 -0.271926
-0.91863 -0.319668
-0.91863 -0.242414
-0.918629 -0.24605
-0.918629 -0.306582
-0.918629 -0.276844
-0.918629 -0.272073
-0.918629 -0.346471
-0.918629 -0.224077
-0.911733 -0.711707
-0.911733 -0.0819092
-0.911733 -0.0933729
-0.911733 -0.356417
-0.911733 -0.234091
-0.911733 -0.270739
-0.902141 -0.298715
-0.902141 -0.266686
-0.902141 -0.279745
-0.891537 -0.608935
-0.891537 -0.171545
-0.891537 -0.0971445
-0.890415 -0.441645
-0.890415 -0.174586
-0.890415 -0.252348
-0.890415 -0.291301
-0.890415 -0.278407
-0.890415 -0.279502
-0.876083 -0.542146
-0.876083 -0.122357
-0.876083 -0.210249
-0.876083 -0.548548
-0.876083 -0.0759841
-0.876083 -0.238874
-0.876083 -0.439919
-0.876083 -0.133128
-0.876083 -0.284275
-0.876083 -0.376152
-0.876083 -0.216903
-0.876083 -0.272022
-0.860104 -0.571979
-0.860104 -0.240182
-0.860104 -0.0591771
-0.85331 -0.283854
-0.85331 -0.297409
-0.85331 -0.290777
-0.850482 -0.286977
-0.850482 -0.295542
-0.850482 -0.300011
-0.850482 -0.280813
-0.850482 -0.304903
-0.850482 -0.295603
-0.831176 -0.312448
-0.831176 -0.291747
-0.831176 -0.289509
-0.819945 -0.335979
-0.819945 -0.266528
-0.819945 -0.299229
-0.819945 -0.302911
-0.819945 -0.290533
-0.819945 -0.290534
-0.805386 -0.317537
-0.805386 -0.281033
-0.805386 -0.296188
-0.805386 -0.285109
-0.805386 -0.322988
-0.805386 -0.305593
-0.805386 -0.284623
-0.805386 -0.326241
-0.805386 -0.308566
-0.773691 -0.325178
-0.773691 -0.291452
-0.773691 -0.305314
-0.773691 -0.313682
-0.773691 -0.299177
-0.773691 -0.301544
-0.756372 -0.287134
-0.756372 -0.324206
-0.756372 -0.308296
-0.756372 -0.302916
-0.756372 -0.31424
-0.756372 -0.314111
-0.742659 -0.301616
-0.742659 -0.32641
-0.742659 -0.316925
-0.718598 -0.327838
-0.718598 -0.306716
-0.718598 -0.314788
-0.718598 -0.136196
-0.718598 -0.506208
-0.718598 -0.322639
-0.718598 -0.321513
-0.718598 -0.314935
-0.718598 -0.316683
-0.653829 -0.460313
-0.653829 -0.193735
-0.653829 -0.325519
-0.653829 -0.232311
-0.653829 -0.42715
-0.653829 -0.330932
