  -5.0519677e+00  -5.0519677e+00   3.2426141e-01   2.2963543e-01   9.4625978e-02   4.8639211e-01   2.7121251e-02   2.2963543e-01   2.2963543e-01   3.0000000e+00
  -4.7564372e+00  -4.7564372e+00   3.6929752e-01   1.2651382e-01   2.4278370e-01   5.5394629e-01   2.4278370e-01   6.8378887e-02   2.4278370e-01   3.0000000e+00
  -4.6838961e+00  -4.6838961e+00   3.1958635e-01   7.7729318e-02   2.4185703e-01   4.7937953e-01  -4.3345388e-03   2.4185703e-01   2.4185703e-01   3.0000000e+00
  -4.4834394e+00  -4.4834394e+00   4.1982383e-01   1.6053860e-01   2.5928522e-01   6.2973581e-01   1.1116527e-01   2.5928522e-01   2.5928532e-01   3.0000000e+00
  -4.4176006e+00  -4.4176006e+00   3.7141379e-01   1.1229251e-01   2.5912128e-01   5.5712057e-01   3.8878160e-02   2.5912113e-01   2.5912128e-01   3.0000000e+00
  -4.3370159e+00  -4.3370159e+00   3.1959468e-01   6.2901742e-02   2.5669294e-01   4.7939207e-01  -3.3993874e-02   2.5669294e-01   2.5669301e-01   3.0000000e+00
  -4.2343264e+00  -4.2343251e+00   4.7859013e-01   2.8080689e-01   1.9778324e-01   7.1789559e-01   2.8082186e-01   1.5626684e-01   2.8080689e-01   3.0000000e+00
  -4.1761896e+00  -4.1761923e+00   4.3267890e-01   1.5039053e-01   2.8228837e-01   6.4899709e-01   8.4449697e-02   2.8225902e-01   2.8228837e-01   3.0000000e+00
  -4.1006837e+00  -4.1006814e+00   3.8243469e-01   1.0241285e-01   2.8002184e-01   5.7367154e-01   1.3601712e-02   2.8004799e-01   2.8002184e-01   3.0000000e+00
  -4.0123335e+00  -4.0123348e+00   3.2670495e-01   2.7550050e-01   5.1204451e-02   4.9004130e-01   2.7547325e-01  -6.0932448e-02   2.7550050e-01   3.0000000e+00
  -4.0115650e+00  -4.0114553e+00   5.5093970e-01   3.1039589e-01   2.4054381e-01   8.2717207e-01   3.1155267e-01   2.0522351e-01   3.1039589e-01   3.0000000e+00
  -3.9626035e+00  -3.9628520e+00   5.1262181e-01   1.9513426e-01   3.1748756e-01   7.6724374e-01   3.1517613e-01   1.3458005e-01   3.1748756e-01   3.0000000e+00
  -3.8929237e+00  -3.8926148e+00   4.6467100e-01   3.1385004e-01   1.5082096e-01   6.9925288e-01   6.8628285e-02   3.1677455e-01   3.1385004e-01   3.0000000e+00
  -3.8233132e+00  -3.8193547e+00   6.4756637e-01   3.4029529e-01   3.0727108e-01   9.9040794e-01   3.8620005e-01   2.6391260e-01   3.4029529e-01   3.0000000e+00
  -3.8083815e+00  -3.8088696e+00   4.2379407e-01   1.0915532e-01   3.1463876e-01   6.2954993e-01   3.9136251e-03   3.1099755e-01   3.1463876e-01   3.0000000e+00
  -3.7791909e+00  -3.7873046e+00   6.4697150e-01   2.5323524e-01   3.9373626e-01   9.3673438e-01   1.9182846e-01   3.5116966e-01   3.9373626e-01   3.0000000e+00
  -3.7110200e+00  -3.7198515e+00   5.6471307e-01   2.2062542e-01   3.4408765e-01   7.4051761e-01   1.5406450e-01   2.4236546e-01   3.4408765e-01   3.0000000e+00
  -3.7110200e+00  -3.7105609e+00   3.6296580e-01   5.9987168e-02   3.0297863e-01   5.3877033e-01   3.0300186e-01  -6.7210156e-02   3.0297863e-01   3.0000000e+00
  -3.6867118e+00  -3.6795135e+00   7.1552035e-01   4.2741326e-01   2.8810709e-01   1.1011784e+00   3.1843816e-01   4.9463312e-01   2.8810709e-01   3.0000000e+00
  -3.6364484e+00  -3.6447822e+00   6.1860112e-01   2.6219460e-01   3.5640652e-01   8.6827536e-01   1.6621640e-01   3.4565245e-01   3.5640652e-01   3.0000000e+00
  -3.6364484e+00  -3.6316978e+00   5.8262498e-01   2.4255026e-01   3.4007472e-01   8.3229922e-01   3.3583536e-01   1.5638915e-01   3.4007472e-01   3.0000000e+00
  -3.5564765e+00  -3.5702817e+00   5.9880703e-01   3.0414578e-01   2.9466125e-01   9.5672129e-01   3.6055343e-01   2.9202207e-01   3.0414578e-01   3.0000000e+00
  -3.5446654e+00  -3.5421594e+00   4.6813774e-01   1.2042933e-01   3.4770842e-01   7.1885601e-01   5.4013872e-03   3.6574621e-01   3.4770842e-01   3.0000000e+00
  -3.5446654e+00  -3.5258437e+00   6.5887464e-01   2.7106817e-01   3.8780647e-01   9.0959291e-01   2.4991268e-01   3.8861206e-01   2.7106817e-01   3.0000000e+00
  -3.5446654e+00  -3.5195228e+00   5.3442081e-01   2.3447878e-01   2.9994202e-01   7.8513908e-01   3.0558172e-01   2.4507858e-01   2.3447878e-01   3.0000000e+00
  -3.4721559e+00  -3.4618665e+00   5.5201820e-01   2.5465661e-01   2.9736159e-01   8.2457550e-01   2.3940282e-01   3.3051607e-01   2.5465661e-01   3.0000000e+00
  -3.4368989e+00  -3.4375596e+00   3.9579886e-01   3.4304610e-01   5.2752759e-02   5.8806034e-01  -9.2164250e-02   3.3717849e-01   3.4304610e-01   3.0000000e+00
  -3.4217932e+00  -3.4186550e+00   4.8178900e-01   2.3167468e-01   2.5011432e-01   6.9788922e-01   2.1423811e-01   2.5197643e-01   2.3167468e-01   3.0000000e+00
  -3.4217932e+00  -3.4052023e+00   5.4974307e-01   2.8256077e-01   2.6718230e-01   7.6584329e-01   2.1440906e-01   2.8425193e-01   2.6718230e-01   3.0000000e+00
  -3.3801726e+00  -3.3647841e+00   4.1528256e-01   2.1690201e-01   1.9838055e-01   6.8354606e-01   2.7648759e-01   1.9015646e-01   2.1690201e-01   3.0000000e+00
  -3.3351274e+00  -3.3383187e+00   5.8971067e-01   3.8161634e-01   2.0809433e-01   8.2530425e-01   2.2618454e-01   3.9102539e-01   2.0809433e-01   3.0000000e+00
  -3.3133940e+00  -3.3216624e+00   4.5361255e-01   2.7204186e-01   1.8157068e-01   6.6051909e-01   1.4215927e-01   2.4631796e-01   2.7204186e-01   3.0000000e+00
  -3.2785927e+00  -3.2799373e+00   4.4224763e-01   2.6374081e-01   1.7850682e-01   6.2500285e-01   2.6780514e-01   1.7869088e-01   1.7850682e-01   3.0000000e+00
  -3.2785927e+00  -3.2554369e+00   3.7266818e-01   1.9333559e-01   1.7933259e-01   5.5542339e-01   2.3140872e-01   1.4468209e-01   1.7933259e-01   3.0000000e+00
  -3.2239277e+00  -3.2344760e+00   4.4917970e-01   2.5220193e-01   1.9697777e-01   7.5960266e-01   3.7031044e-01   1.9231445e-01   1.9697777e-01   3.0000000e+00
  -3.2060902e+00  -3.2071843e+00   3.6474814e-01   2.0473261e-01   1.6001553e-01   5.2482015e-01   1.3716120e-01   1.8292634e-01   2.0473261e-01   3.0000000e+00
  -3.1907087e+00  -3.1944724e+00   4.2867116e-01   9.1244107e-02   3.3742705e-01   6.4157890e-01   2.1844523e-03   3.0196739e-01   3.3742705e-01   3.0000000e+00
  -3.1684416e+00  -3.1619370e+00   3.0739560e-01   1.4154887e-01   1.6584673e-01   5.0022840e-01   2.0427435e-01   1.3010732e-01   1.6584673e-01   3.0000000e+00
  -3.1415510e+00  -3.1251193e+00   4.0003157e-01   2.5796286e-01   1.4206871e-01   5.6852140e-01   1.6609982e-01   2.6035287e-01   1.4206871e-01   3.0000000e+00
  -3.1077658e+00  -3.1017766e+00   4.1811180e-01   1.5412895e-01   2.6398285e-01   5.4072938e-01   1.1886781e-01   2.6773262e-01   1.5412895e-01   3.0000000e+00
  -3.1077658e+00  -3.0883668e+00   2.6780240e-01   1.2574275e-01   1.4205964e-01   3.9041998e-01   9.4696073e-02   1.5366426e-01   1.4205964e-01   3.0000000e+00
  -3.0627531e+00  -3.0467567e+00   3.1757062e-01   1.7881068e-01   1.3875994e-01   4.7438085e-01   2.5132519e-01   8.4295718e-02   1.3875994e-01   3.0000000e+00
  -3.0212126e+00  -3.0412054e+00   2.9749307e-01   1.5292277e-01   1.4457030e-01   4.4011653e-01   1.1225622e-01   1.7493754e-01   1.5292277e-01   3.0000000e+00
  -3.0212126e+00  -3.0248332e+00   4.5094716e-01   1.4755043e-01   3.0339673e-01   5.9357062e-01   3.0377214e-01   1.4224805e-01   1.4755043e-01   3.0000000e+00
  -3.0013345e+00  -2.9890087e+00   2.1632388e-01   8.3743520e-02   1.3258036e-01   3.8029168e-01   1.9595534e-01   5.1755973e-02   1.3258036e-01   3.0000000e+00
  -2.9633251e+00  -2.9589840e+00   3.2771443e-01   8.2773318e-02   2.4494112e-01   4.2728536e-01   3.9227250e-02   1.4311699e-01   2.4494112e-01   3.0000000e+00
  -2.9243843e+00  -2.9241561e+00   2.6053707e-01   8.5856311e-02   1.7468076e-01   3.6032144e-01   6.2985812e-02   1.2265486e-01   1.7468076e-01   3.0000000e+00
  -2.9243843e+00  -2.9206428e+00   2.0980244e-01   1.7541026e-01   3.4392183e-02   3.0958681e-01   9.7382137e-02   1.7781249e-01   3.4392183e-02   3.0000000e+00
  -2.8781193e+00  -2.8863049e+00   2.5809260e-01   1.9634871e-01   6.1743888e-02   3.3700483e-01   6.8876444e-03   1.3376848e-01   1.9634871e-01   3.0000000e+00
  -2.8489588e+00  -2.8581624e+00   2.0093079e-01   1.2978164e-01   7.1149147e-02   3.3120584e-01   5.7312194e-02   1.4411201e-01   1.2978164e-01   3.0000000e+00
  -2.8489588e+00  -2.8431556e+00   1.8697728e-01   1.0598491e-01   8.0992374e-02   3.1725233e-01   1.7794319e-01   5.8316766e-02   8.0992374e-02   3.0000000e+00
  -2.7984078e+00  -2.8034593e+00   1.7910761e-01   7.7910517e-02   1.0119709e-01   2.5178268e-01   1.4453842e-01   2.9333746e-02   7.7910517e-02   3.0000000e+00
  -2.7984078e+00  -2.7926709e+00   3.2928710e-01   8.7195284e-02   2.4209181e-01   4.0196217e-01   6.1473492e-02   9.8396861e-02   2.4209181e-01   3.0000000e+00
  -2.7789254e+00  -2.7785207e+00   2.2386570e-01   2.0611078e-01   1.7754918e-02   2.8695329e-01   7.2041573e-02   8.8009347e-03   2.0611078e-01   3.0000000e+00
  -2.7519578e+00  -2.7450312e+00   9.2257898e-02   7.3589036e-02   1.8668862e-02   1.8910284e-01   1.0628607e-01   9.2277308e-03   7.3589036e-02   3.0000000e+00
  -2.7121242e+00  -2.7176698e+00   1.7455469e-01   7.5640977e-02   9.8913712e-02   2.2822078e-01   2.9391502e-02   1.2318830e-01   7.5640977e-02   3.0000000e+00
  -2.7121242e+00  -2.7104129e+00   2.3844014e-01   1.4371740e-01   9.4722736e-02   2.9210622e-01   5.3005806e-02   9.5383018e-02   1.4371740e-01   3.0000000e+00
  -2.6753650e+00  -2.6715611e+00   1.6813426e-01   1.5556964e-01   1.2564617e-02   2.4846839e-01   8.3817212e-02   9.0815349e-03   1.5556964e-01   3.0000000e+00
  -2.6753650e+00  -2.6522341e+00   7.3764449e-02   4.4076390e-02   2.9688058e-02   1.5409858e-01   1.5350939e-01  -4.3487204e-02   4.4076390e-02   3.0000000e+00
  -2.6140361e+00  -2.6189807e+00   1.7390346e-01   1.7490650e-01  -1.0030350e-03   1.8176878e-01  -6.4227385e-02   7.1089666e-02   1.7490650e-01   3.0000000e+00
  -2.6140361e+00  -2.6131007e+00   1.3517423e-01   1.8843818e-02   1.1633041e-01   1.4303954e-01   1.3350731e-01  -9.3115912e-03   1.8843818e-02   3.0000000e+00
  -2.5843881e+00  -2.5841567e+00   3.6683787e-02   2.0987287e-02   1.5696500e-02   1.0461085e-01   6.8308897e-02   2.0605454e-02   1.5696500e-02   3.0000000e+00
  -2.5744094e+00  -2.5584851e+00   1.0300927e-01   1.1436138e-01  -1.1352112e-02   2.3792731e-01  -5.1798082e-02   1.7536401e-01   1.1436138e-01   3.0000000e+00
  -2.5346777e+00  -2.5386116e+00   3.6695486e-02   2.5638697e-02   1.1056789e-02   4.3855411e-02   4.8822156e-02  -1.6023534e-02   1.1056789e-02   3.0000000e+00
  -2.4920622e+00  -2.5039787e+00   8.3567798e-02   1.9504697e-02   6.4063102e-02   1.6020768e-01   8.0406276e-02   6.0296708e-02   1.9504697e-02   3.0000000e+00
  -2.4920622e+00  -2.4959858e+00   6.1531741e-02   8.5873051e-02  -2.4341310e-02   1.3817162e-01   7.1066972e-02   9.1445961e-02  -2.4341310e-02   3.0000000e+00
  -2.4694448e+00  -2.4668400e+00   2.8495609e-02   2.2165293e-02   6.3303153e-03   5.6256077e-02   8.4098448e-02  -5.0007664e-02   2.2165293e-02   3.0000000e+00
  -2.4360629e+00  -2.4484148e+00   1.2481985e-01   9.8996349e-02   2.5823503e-02   1.2875362e-01   2.5468459e-03   2.7210422e-02   9.8996349e-02   3.0000000e+00
  -2.4186613e+00  -2.4199309e+00  -2.2002021e-03   2.3241235e-02  -2.5441437e-02  -2.8552247e-02  -7.4609916e-02   2.2816434e-02   2.3241235e-02   3.0000000e+00
  -2.3769772e+00  -2.3859922e+00   3.4366817e-02  -7.5077509e-02   1.0944433e-01   5.0769448e-02   1.7448119e-01  -4.8634228e-02  -7.5077509e-02   3.0000000e+00
  -2.3769772e+00  -2.3800386e+00  -3.0097587e-02  -7.5456343e-02   4.5358757e-02  -1.3694956e-02  -8.5324353e-02   2.6270641e-02   4.5358757e-02   3.0000000e+00
  -2.3725885e+00  -2.3565983e+00   5.0270895e-02   1.5898269e-02   3.4372626e-02   7.8931573e-02  -3.5726505e-03   4.8131597e-02   3.4372626e-02   3.0000000e+00
  -2.3326953e+00  -2.3235088e+00   2.7213826e-02   6.8078094e-02  -4.0864268e-02   1.5494882e-02   8.8593801e-02  -3.2234651e-02  -4.0864268e-02   3.0000000e+00
  -2.3326953e+00  -2.3111830e+00  -5.2041220e-02  -2.8101516e-02  -2.3939704e-02  -6.3760164e-02  -2.1344406e-03  -3.7686020e-02  -2.3939704e-02   3.0000000e+00
  -2.3326953e+00  -2.3055084e+00   4.8733339e-03   3.8837332e-02  -3.3963998e-02  -6.8456102e-03   1.1703846e-01  -8.9920068e-02  -3.3963998e-02   3.0000000e+00
  -2.2701831e+00  -2.2605955e+00  -8.3436825e-02  -6.5801383e-02  -1.7635442e-02  -9.4642183e-02  -7.9217836e-03  -2.0919016e-02  -6.5801383e-02   3.0000000e+00
  -2.2472518e+00  -2.2402792e+00   1.0781140e-02  -3.0454248e-02   4.1235388e-02   8.8987449e-03  -8.0973805e-02   4.8637162e-02   4.1235388e-02   3.0000000e+00
  -2.2472518e+00  -2.2361929e+00  -9.8540133e-02  -9.0256298e-02  -8.2838349e-03  -1.0042253e-01   3.7501552e-02  -4.7667782e-02  -9.0256298e-02   3.0000000e+00
  -2.2035442e+00  -2.2050677e+00  -2.5345744e-02   8.1579304e-02  -1.0692505e-01  -3.7595366e-02   9.9555048e-02  -3.0225367e-02  -1.0692505e-01   3.0000000e+00
  -2.1643952e+00  -2.1830999e+00  -1.1772499e-01   3.5698398e-02  -1.5342339e-01  -1.5417302e-01  -1.6773887e-01  -2.2132544e-02   3.5698398e-02   3.0000000e+00
  -2.1542640e+00  -2.1568768e+00  -1.1486543e-01  -1.2481196e-01   9.9465360e-03  -1.0964976e-01  -2.4661648e-01   1.2702018e-01   9.9465360e-03   3.0000000e+00
  -2.1387728e+00  -2.1165728e+00  -1.2770424e-01  -5.4536346e-02  -7.3167889e-02  -1.9454421e-01   4.5673644e-02  -1.6704997e-01  -7.3167889e-02   3.0000000e+00
  -2.1056450e+00  -2.1064413e+00  -8.0315388e-02  -8.8358204e-02   8.0428164e-03  -1.1167478e-01  -1.3727801e-01   1.7560408e-02   8.0428164e-03   3.0000000e+00
  -2.0877128e+00  -2.0936591e+00  -1.6316931e-01  -1.1477724e-01  -4.8392065e-02  -2.4836619e-01  -2.6991152e-01   6.9937397e-02  -4.8392065e-02   3.0000000e+00
  -2.0598417e+00  -2.0600857e+00  -1.0864016e-01  -4.5426391e-02  -6.3213765e-02  -1.7840706e-01  -1.7515489e-01   5.9961592e-02  -6.3213765e-02   3.0000000e+00
  -2.0390608e+00  -2.0438656e+00  -1.0294091e-01  -7.1565937e-02  -3.1374975e-02  -1.7846461e-01   1.3822529e-01  -2.4512397e-01  -7.1565937e-02   3.0000000e+00
  -2.0390608e+00  -2.0265611e+00  -1.6736751e-01  -5.9562718e-02  -1.0780480e-01  -2.4289121e-01  -2.3166066e-01   4.8332167e-02  -5.9562718e-02   3.0000000e+00
  -1.9883551e+00  -1.9989530e+00  -1.3259309e-01   4.4279416e-02  -1.7687251e-01  -2.3125201e-01  -3.2682050e-01   5.1289077e-02   4.4279416e-02   3.0000000e+00
  -1.9703399e+00  -1.9758742e+00  -1.5040998e-01  -1.7616650e-02  -1.3279333e-01  -2.3824520e-01  -1.5355017e-01  -6.7078378e-02  -1.7616650e-02   3.0000000e+00
  -1.9703399e+00  -1.9701146e+00  -1.7832954e-01  -1.5706037e-01  -2.1269169e-02  -2.6616476e-01  -2.4967581e-01   4.7802136e-03  -2.1269169e-02   3.0000000e+00
  -1.9305321e+00  -1.9457422e+00  -2.0313170e-01  -1.3200204e-02  -1.8993149e-01  -3.3334559e-01  -3.6035404e-01   4.0208655e-02  -1.3200204e-02   3.0000000e+00
  -1.9257133e+00  -1.9230506e+00  -1.7362940e-01  -2.3144918e-01   5.7819785e-02  -2.5678534e-01   1.4812213e-01  -1.7345828e-01  -2.3144918e-01   3.0000000e+00
  -1.8822994e+00  -1.8903967e+00  -1.9561080e-01  -1.1208668e-01  -8.3524114e-02  -2.8711830e-01  -5.9068950e-02  -1.1596266e-01  -1.1208668e-01   3.0000000e+00
  -1.8791445e+00  -1.8805703e+00  -2.2368045e-01  -2.9949155e-02  -1.9373130e-01  -3.6796507e-01  -3.4508010e-01   7.0641832e-03  -2.9949155e-02   3.0000000e+00
  -1.8431201e+00  -1.8499634e+00  -1.6890990e-01  -2.3642702e-01   6.7517121e-02  -2.9424757e-01   9.5984973e-02  -1.5380552e-01  -2.3642702e-01   3.0000000e+00
  -1.8273866e+00  -1.8277168e+00  -2.3338949e-01  -2.6117876e-01   2.7789273e-02  -3.7535513e-01  -1.5917877e-01   4.5002404e-02  -2.6117876e-01   3.0000000e+00
  -1.8273866e+00  -1.8250643e+00  -2.5821307e-01  -3.2191982e-03  -2.5499387e-01  -4.0017871e-01  -3.7569460e-01  -2.1264910e-02  -3.2191982e-03   3.0000000e+00
  -1.7821907e+00  -1.7904822e+00  -2.3019263e-01  -9.7473537e-02  -1.3271909e-01  -3.2556039e-01  -2.4271218e-01   1.4625324e-02  -9.7473537e-02   3.0000000e+00
  -1.7794412e+00  -1.7683834e+00  -3.1067631e-01  -3.2195208e-01   1.1275769e-02  -4.6747924e-01  -4.6760850e-01  -1.1146514e-02   1.1275769e-02   3.0000000e+00
  -1.7506732e+00  -1.7481342e+00  -2.2089074e-01   3.7722099e-02  -2.5861284e-01  -3.0553757e-01   1.2880816e-01  -1.7573290e-01  -2.5861284e-01   3.0000000e+00
  -1.7230650e+00  -1.7223410e+00  -3.7897363e-01   2.4456286e-03  -3.8141926e-01  -4.7617680e-01  -1.0321166e-01   8.4541076e-03  -3.8141926e-01   3.0000000e+00
  -1.6912065e+00  -1.6908655e+00  -2.5696569e-01  -3.7195226e-02  -2.1977046e-01  -3.7005421e-01  -2.6313626e-01  -6.9722721e-02  -3.7195226e-02   3.0000000e+00
  -1.6912065e+00  -1.6847477e+00  -2.4759708e-01   6.8047999e-02  -3.1564508e-01  -3.6068561e-01   1.9307878e-01  -2.3811930e-01  -3.1564508e-01   3.0000000e+00
  -1.6749346e+00  -1.6764503e+00  -3.7671214e-01  -3.3815049e-02  -3.4289709e-01  -5.5147997e-01  -4.9737606e-01  -2.0288861e-02  -3.3815049e-02   3.0000000e+00
  -1.6653358e+00  -1.6591889e+00  -2.7271625e-01  -2.9748427e-02  -2.4296782e-01  -4.2062824e-01  -3.8096445e-01  -9.9153616e-03  -2.9748427e-02   3.0000000e+00
  -1.6106560e+00  -1.6104048e+00  -3.5454821e-01  -3.6141306e-02  -3.1840690e-01  -4.9697185e-01   4.8888168e-02  -2.2745311e-01  -3.1840690e-01   3.0000000e+00
  -1.5944614e+00  -1.5980723e+00  -2.9212528e-01  -1.3845858e-01  -1.5366669e-01  -4.3858287e-01  -1.3440000e-03  -2.8357218e-01  -1.5366669e-01   3.0000000e+00
  -1.5708597e+00  -1.5721264e+00  -2.5272528e-01  -1.1815326e-01  -1.3457202e-01  -3.8982399e-01  -3.5156643e-01   7.9895702e-02  -1.1815326e-01   3.0000000e+00
  -1.5581579e+00  -1.5587773e+00  -4.6836982e-01  -4.6675712e-01  -1.6126967e-03  -7.0436936e-01  -3.0300142e-03  -6.9972665e-01  -1.6126967e-03   3.0000000e+00
  -1.5202813e+00  -1.5278348e+00  -3.0644812e-01  -1.5344291e-03  -3.0491369e-01  -5.5410993e-01  -4.0666290e-01  -1.4591260e-01  -1.5344291e-03   3.0000000e+00
  -1.5202813e+00  -1.5192493e+00  -4.6829940e-01  -4.4440351e-01  -2.3895889e-02  -7.1596121e-01  -6.6277654e-01  -2.9288774e-02  -2.3895889e-02   3.0000000e+00
  -1.4986848e+00  -1.5034833e+00  -3.4461638e-01  -2.9692025e-01  -4.7696130e-02  -4.9500545e-01   2.3871380e-02  -2.2195658e-01  -2.9692025e-01   3.0000000e+00
  -1.4986848e+00  -1.4944995e+00  -3.2434776e-01  -1.4199418e-01  -1.8235358e-01  -4.7473682e-01  -1.0689464e-01  -1.8548860e-01  -1.8235358e-01   3.0000000e+00
  -1.4360546e+00  -1.4378657e+00  -4.4216089e-01  -7.0576303e-02  -3.7158459e-01  -6.7146681e-01  -6.1007173e-01   9.1812267e-03  -7.0576303e-02   3.0000000e+00
  -1.4360546e+00  -1.4319936e+00  -3.5849198e-01  -1.1789961e-01  -2.4059238e-01  -5.8779790e-01  -5.8554495e-02  -2.8865103e-01  -2.4059238e-01   3.0000000e+00
  -1.4126729e+00  -1.4130860e+00  -3.1699217e-01  -1.1665461e-01  -2.0033756e-01  -5.0044911e-01  -7.6289316e-02  -2.2382223e-01  -2.0033756e-01   3.0000000e+00
  -1.3880544e+00  -1.3950431e+00  -3.3682412e-01  -6.3514345e-02  -2.7330977e-01  -6.1163713e-01  -6.1368330e-02  -2.7695903e-01  -2.7330977e-01   3.0000000e+00
  -1.3880544e+00  -1.3877763e+00  -5.5260180e-01  -5.4010906e-01  -1.2492746e-02  -8.2741482e-01  -8.0472405e-01  -1.0198021e-02  -1.2492746e-02   3.0000000e+00
  -1.3564293e+00  -1.3567377e+00  -6.0929320e-01  -1.8497272e-02  -5.9079592e-01  -9.1072431e-01  -8.6847307e-01  -2.3753968e-02  -1.8497272e-02   3.0000000e+00
  -1.3564293e+00  -1.3476516e+00  -3.6093547e-01  -9.4950739e-02  -2.6598473e-01  -6.6236658e-01  -6.9077998e-02  -3.2730385e-01  -2.6598473e-01   3.0000000e+00
  -1.3317937e+00  -1.3325624e+00  -4.2748110e-01  -3.1122396e-01  -1.1625715e-01  -6.5328356e-01  -5.5019355e-01   1.3167132e-02  -1.1625715e-01   3.0000000e+00
  -1.3067979e+00  -1.3035130e+00  -3.7157019e-01  -7.7451892e-02  -2.9411829e-01  -5.5485445e-01   2.6360692e-02  -2.8709684e-01  -2.9411829e-01   3.0000000e+00
  -1.2632260e+00  -1.2628560e+00  -5.3662901e-01  -1.9390425e-02  -5.1723858e-01  -8.0558849e-01  -7.6471958e-01  -2.1478485e-02  -1.9390425e-02   3.0000000e+00
  -1.2450717e+00  -1.2449305e+00  -4.3899160e-01  -3.8839827e-01  -5.0593331e-02  -6.1927299e-01  -1.8123294e-01  -4.9641781e-02  -3.8839827e-01   3.0000000e+00
  -1.2307901e+00  -1.2113510e+00  -6.0136076e-01  -5.6204584e-01  -3.9314922e-02  -7.9366651e-01  -1.9381284e-01  -3.7807840e-02  -5.6204584e-01   3.0000000e+00
  -1.2112159e+00  -1.2101970e+00  -4.3669660e-01  -1.9893799e-01  -2.3775861e-01  -7.4598836e-01  -3.9144480e-01  -1.5560557e-01  -1.9893799e-01   3.0000000e+00
  -1.1680033e+00  -1.1838088e+00  -4.1421158e-01  -4.5228573e-01   3.8074146e-02  -6.3170164e-01  -5.5665789e-01  -1.1311789e-01   3.8074146e-02   3.0000000e+00
  -1.1626234e+00  -1.1576104e+00  -5.2659329e-01  -4.9904628e-01  -2.7547011e-02  -7.7405019e-01  -6.9623000e-01  -5.0273179e-02  -2.7547011e-02   3.0000000e+00
  -1.1428382e+00  -1.1188426e+00  -4.4200988e-01  -3.0916188e-01  -1.3284800e-01  -6.6528926e-01  -4.3548908e-01  -1.3284800e-01  -9.6952183e-02   3.0000000e+00
  -1.1428382e+00  -1.1172828e+00  -4.3556615e-01  -3.3472006e-01  -1.0084610e-01  -6.5884554e-01   5.0165871e-02  -3.7429135e-01  -3.3472006e-01   3.0000000e+00
  -1.0852903e+00  -1.0852841e+00  -6.1379016e-01  -5.8113491e-01  -3.2655247e-02  -9.2070087e-01  -8.5488838e-01  -3.3157244e-02  -3.2655247e-02   3.0000000e+00
  -1.0692968e+00  -1.0740309e+00  -4.9265632e-01  -1.0159545e-01  -3.9106087e-01  -7.5231789e-01  -5.8722289e-01  -6.3499540e-02  -1.0159545e-01   3.0000000e+00
  -1.0692968e+00  -1.0587350e+00  -4.6497942e-01  -1.5203257e-01  -3.1294685e-01  -7.2464099e-01  -4.6299485e-01  -1.0961356e-01  -1.5203257e-01   3.0000000e+00
  -1.0037194e+00  -1.0005988e+00  -5.0511849e-01  -1.5776274e-01  -3.4735575e-01  -7.4759636e-01  -6.0220505e-01   1.2371437e-02  -1.5776274e-01   3.0000000e+00
  -9.7860759e-01  -9.7955759e-01  -5.9878935e-01  -5.0769527e-02  -5.4801982e-01  -9.0195783e-01  -8.0914315e-01  -4.2045150e-02  -5.0769527e-02   3.0000000e+00
  -9.7860759e-01  -9.6138865e-01  -5.0704318e-01  -4.4997699e-01  -5.7066189e-02  -8.1021166e-01  -2.6884573e-01  -4.8429974e-01  -5.7066189e-02   3.0000000e+00
  -9.2785004e-01  -9.3041731e-01  -5.0004352e-01  -2.5293376e-01  -2.4710976e-01  -7.6228263e-01  -3.1362732e-01  -2.4710976e-01  -2.0154555e-01   3.0000000e+00
  -8.8919719e-01  -8.9112915e-01  -5.9345302e-01  -5.2100600e-01  -7.2447018e-02  -8.8951305e-01  -7.5498910e-01  -7.2447018e-02  -6.2076938e-02   3.0000000e+00
  -8.8919719e-01  -8.7533610e-01  -5.3722147e-01  -2.8214763e-01  -2.5507384e-01  -8.3328151e-01  -4.0572859e-01  -1.7247908e-01  -2.5507384e-01   3.0000000e+00
  -8.1794421e-01  -8.2738040e-01  -5.7510021e-01  -1.1750675e-01  -4.5759346e-01  -8.7173374e-01  -6.1615071e-01  -1.3807628e-01  -1.1750675e-01   3.0000000e+00
  -8.1794421e-01  -8.1949597e-01  -5.6570344e-01  -3.8939126e-01  -1.7631217e-01  -8.6233697e-01  -5.3673679e-01  -1.4928801e-01  -1.7631217e-01   3.0000000e+00
  -7.8672936e-01  -7.6778023e-01  -5.8592728e-01  -2.9780806e-01  -2.8811922e-01  -8.7012843e-01  -6.7664437e-01  -2.9780806e-01   1.0432400e-01   3.0000000e+00
  -7.4479667e-01  -7.2976202e-01  -6.0169923e-01  -2.4987646e-01  -3.5182277e-01  -8.8816577e-01  -2.2422284e-01  -3.1212017e-01  -3.5182277e-01   3.0000000e+00
  -6.8256040e-01  -6.2794184e-01  -6.3857318e-01  -3.1948863e-01  -3.1908455e-01  -9.4768003e-01  -9.4234447e-02  -5.3395696e-01  -3.1948863e-01   3.0000000e+00
  -6.8256040e-01  -5.5930320e-01  -6.5271119e-01  -3.2637295e-01  -3.2633824e-01  -9.6181804e-01  -2.5098852e-01  -3.8445657e-01  -3.2637295e-01   3.0000000e+00
