  -5.1365218e+00  -5.1365218e+00   0.0000000e+00   1.3493284e-16  -1.3493284e-16   0.0000000e+00   0.0000000e+00   1.3493284e-16  -1.3493284e-16   3.0000000e+00
  -4.9848479e+00  -4.9848479e+00   0.0000000e+00   8.5621035e-17  -8.5621035e-17   0.0000000e+00   0.0000000e+00   8.5621035e-17  -8.5621035e-17   3.0000000e+00
  -4.9486758e+00  -4.9486758e+00   0.0000000e+00  -6.0738550e-16   6.0738550e-16   0.0000000e+00   0.0000000e+00  -6.0738550e-16   6.0738550e-16   3.0000000e+00
  -4.8385970e+00  -4.8385970e+00   0.0000000e+00  -3.5933486e-17   3.5933486e-17   0.0000000e+00   0.0000000e+00  -3.5933486e-17   3.5933486e-17   3.0000000e+00
  -4.8041044e+00  -4.8041044e+00   0.0000000e+00   2.0891004e-16  -2.0891004e-16   0.0000000e+00   0.0000000e+00   2.0891004e-16  -2.0891004e-16   3.0000000e+00
  -4.7660365e+00  -4.7660365e+00   0.0000000e+00   1.0792494e-16  -1.0792494e-16   0.0000000e+00   0.0000000e+00   1.0792494e-16  -1.0792494e-16   3.0000000e+00
  -4.6978687e+00  -4.6978687e+00   0.0000000e+00  -1.2042588e-16   1.2042588e-16   0.0000000e+00   0.0000000e+00  -1.2042588e-16   1.2042588e-16   3.0000000e+00
  -4.6651639e+00  -4.6651639e+00   0.0000000e+00   2.8546434e-16  -2.8546434e-16   0.0000000e+00   0.0000000e+00   2.8546434e-16  -2.8546434e-16   3.0000000e+00
  -4.6285916e+00  -4.6285916e+00   0.0000000e+00  -2.3690845e-16   2.3690845e-16   0.0000000e+00   0.0000000e+00  -2.3690845e-16   2.3690845e-16   3.0000000e+00
  -4.5886765e+00  -4.5886765e+00   0.0000000e+00   7.5828034e-17  -7.5828034e-17   0.0000000e+00   0.0000000e+00   7.5828034e-17  -7.5828034e-17   3.0000000e+00
  -4.5627860e+00  -4.5627860e+00   0.0000000e+00   9.3254945e-16  -9.3254945e-16   0.0000000e+00   0.0000000e+00   9.3254945e-16  -9.3254945e-16   3.0000000e+00
  -4.5320009e+00  -4.5320009e+00   0.0000000e+00  -3.8727853e-15   3.8727853e-15   0.0000000e+00   0.0000000e+00  -3.8727853e-15   3.8727853e-15   3.0000000e+00
  -4.4969928e+00  -4.4969928e+00   0.0000000e+00   3.7271104e-15  -3.7271104e-15   0.0000000e+00   0.0000000e+00   3.7271104e-15  -3.7271104e-15   3.0000000e+00
  -4.4584211e+00  -4.4584211e+00   0.0000000e+00  -1.6373375e-15   1.6373375e-15   0.0000000e+00   0.0000000e+00  -1.6373375e-15   1.6373375e-15   3.0000000e+00
  -4.4335045e+00  -4.4335045e+00   0.0000000e+00   1.6013269e-13  -1.6013269e-13   0.0000000e+00   0.0000000e+00   1.6013269e-13  -1.6013269e-13   3.0000000e+00
  -4.4166826e+00  -4.4166826e+00   0.0000000e+00   2.0140863e-16  -2.0140863e-16   0.0000000e+00   0.0000000e+00   2.0140863e-16  -2.0140863e-16   3.0000000e+00
  -4.4048025e+00  -4.4048025e+00   0.0000000e+00  -5.7423107e-13   5.7423107e-13   0.0000000e+00   0.0000000e+00  -5.7423107e-13   5.7423107e-13   3.0000000e+00
  -4.3714370e+00  -4.3714370e+00   0.0000000e+00   9.1531405e-13  -9.1531405e-13   0.0000000e+00   0.0000000e+00   9.1531405e-13  -9.1531405e-13   3.0000000e+00
  -4.3342560e+00  -4.3342560e+00   0.0000000e+00  -8.4577507e-13   8.4577507e-13   0.0000000e+00   0.0000000e+00  -8.4577507e-13   8.4577507e-13   3.0000000e+00
  -4.3102252e+00  -4.3102252e+00   0.0000000e+00   2.3955532e-11  -2.3955532e-11   0.0000000e+00   0.0000000e+00   2.3955532e-11  -2.3955532e-11   3.0000000e+00
  -4.2937254e+00  -4.2937254e+00   0.0000000e+00   4.6292279e-13  -4.6292279e-13   0.0000000e+00   0.0000000e+00   4.6292279e-13  -4.6292279e-13   3.0000000e+00
  -4.2838144e+00  -4.2838144e+00   0.0000000e+00  -9.4124266e-11   9.4124266e-11   0.0000000e+00   0.0000000e+00  -9.4124266e-11   9.4124266e-11   3.0000000e+00
  -4.2521809e+00  -4.2521809e+00   0.0000000e+00   1.7572387e-10  -1.7572387e-10   0.0000000e+00   0.0000000e+00   1.7572387e-10  -1.7572387e-10   3.0000000e+00
  -4.2501618e+00  -4.2501618e+00   0.0000000e+00  -9.7642666e-14   9.7642666e-14   0.0000000e+00   0.0000000e+00  -9.7642666e-14   9.7642666e-14   3.0000000e+00
  -4.2164467e+00  -4.2164467e+00   0.0000000e+00  -2.0946732e-10   2.0946732e-10   0.0000000e+00   0.0000000e+00  -2.0946732e-10   2.0946732e-10   3.0000000e+00
  -4.1932179e+00  -4.1932179e+00   0.0000000e+00   2.5904996e-09  -2.5904996e-09   0.0000000e+00   0.0000000e+00   2.5904996e-09  -2.5904996e-09   3.0000000e+00
  -4.1771591e+00  -4.1771591e+00   0.0000000e+00   1.7294170e-10  -1.7294170e-10   0.0000000e+00   0.0000000e+00   1.7294170e-10  -1.7294170e-10   3.0000000e+00
  -4.1693711e+00  -4.1693711e+00   0.0000000e+00  -1.0623127e-08   1.0623127e-08   0.0000000e+00   0.0000000e+00  -1.0623127e-08   1.0623127e-08   3.0000000e+00
  -4.1395696e+00  -4.1395696e+00   0.0000000e+00   2.1995833e-08  -2.1995833e-08   0.0000000e+00   0.0000000e+00   2.1995833e-08  -2.1995833e-08   3.0000000e+00
  -4.1346725e+00  -4.1346725e+00   0.0000000e+00  -8.3251236e-11   8.3251236e-11   0.0000000e+00   0.0000000e+00  -8.3251236e-11   8.3251236e-11   3.0000000e+00
  -4.1053534e+00  -4.1053534e+00   0.0000000e+00  -3.1747436e-08   3.1747436e-08   0.0000000e+00   0.0000000e+00  -3.1747436e-08   3.1747436e-08   3.0000000e+00
  -4.0892511e+00  -4.0892511e+00   0.0000000e+00   3.0006884e-11  -3.0006884e-11   0.0000000e+00   0.0000000e+00   3.0006884e-11  -3.0006884e-11   3.0000000e+00
  -4.0828641e+00  -4.0828641e+00   0.0000000e+00   2.0217782e-07  -2.0217782e-07   0.0000000e+00   0.0000000e+00   2.0217782e-07  -2.0217782e-07   3.0000000e+00
  -4.0673586e+00  -4.0673586e+00   0.0000000e+00   3.6191137e-08  -3.6191137e-08   0.0000000e+00   0.0000000e+00   3.6191137e-08  -3.6191137e-08   3.0000000e+00
  -4.0619519e+00  -4.0619520e+00   0.0000000e+00  -8.2033227e-07   8.2033227e-07   0.0000000e+00   0.0000000e+00  -8.2033227e-07   8.2033227e-07   3.0000000e+00
  -4.0340882e+00  -4.0340880e+00   0.0000000e+00   1.7960142e-06  -1.7960142e-06   0.0000000e+00   0.0000000e+00   1.7960142e-06  -1.7960142e-06   3.0000000e+00
  -4.0259836e+00  -4.0259836e+00   0.0000000e+00  -2.8208352e-08   2.8208352e-08   0.0000000e+00   0.0000000e+00  -2.8208352e-08   2.8208352e-08   3.0000000e+00
  -4.0014896e+00  -4.0014900e+00   0.0000000e+00  -3.0356696e-06   3.0356696e-06   0.0000000e+00   0.0000000e+00  -3.0356696e-06   3.0356696e-06   3.0000000e+00
  -3.9815026e+00  -3.9815026e+00   0.0000000e+00   3.2768683e-08  -3.2768683e-08   0.0000000e+00   0.0000000e+00   3.2768683e-08  -3.2768683e-08   3.0000000e+00
  -3.9797523e+00  -3.9797503e+00   0.0000000e+00  -1.1304582e-05   1.1304582e-05   0.0000000e+00   0.0000000e+00   1.1304582e-05  -1.1304582e-05   3.0000000e+00
  -3.9648683e+00  -3.9648678e+00   0.0000000e+00   5.0660980e-06  -5.0660980e-06   0.0000000e+00   0.0000000e+00   5.0660980e-06  -5.0660980e-06   3.0000000e+00
  -3.9622963e+00  -3.9623034e+00   0.0000000e+00  -4.2718393e-05   4.2718393e-05   0.0000000e+00   0.0000000e+00  -4.2718393e-05   4.2718393e-05   3.0000000e+00
  -3.9364734e+00  -3.9364583e+00   0.0000000e+00   9.2127748e-05  -9.2127748e-05   0.0000000e+00   0.0000000e+00   9.2127748e-05  -9.2127748e-05   3.0000000e+00
  -3.9341473e+00  -3.9341473e+00   0.0000000e+00  -1.4263556e-08   1.4263556e-08   0.0000000e+00   0.0000000e+00  -1.4263556e-08   1.4263556e-08   3.0000000e+00
  -3.9246968e+00  -3.9246976e+00   0.0000000e+00  -5.5115167e-06   5.5115167e-06   0.0000000e+00   0.0000000e+00  -5.5115167e-06   5.5115167e-06   3.0000000e+00
  -3.9056339e+00  -3.9056619e+00   0.0000000e+00  -1.8020031e-04   1.8020031e-04   0.0000000e+00   0.0000000e+00  -1.8020031e-04   1.8020031e-04   3.0000000e+00
  -3.8850273e+00  -3.8849286e+00   0.0000000e+00   4.5598244e-04  -4.5598244e-04   0.0000000e+00   0.0000000e+00   4.5598244e-04  -4.5598244e-04   3.0000000e+00
  -3.8812968e+00  -3.8812957e+00   0.0000000e+00   8.9269430e-06  -8.9269430e-06   0.0000000e+00   0.0000000e+00   8.9269430e-06  -8.9269430e-06   3.0000000e+00
  -3.8715748e+00  -3.8718563e+00   0.0000000e+00  -1.0239690e-03   1.0239690e-03   0.0000000e+00   0.0000000e+00  -1.0239690e-03   1.0239690e-03   3.0000000e+00
  -3.8705407e+00  -3.8704949e+00   0.0000000e+00   1.4325514e-05  -1.4325514e-05   0.0000000e+00   0.0000000e+00   1.4325514e-05  -1.4325514e-05   3.0000000e+00
  -3.8483145e+00  -3.8477743e+00   0.0000000e+00   2.6346434e-03  -2.6346434e-03   0.0000000e+00   0.0000000e+00   2.6346434e-03  -2.6346434e-03   3.0000000e+00
  -3.8351329e+00  -3.8351546e+00   0.0000000e+00  -1.3670675e-04   1.3670675e-04   0.0000000e+00   0.0000000e+00  -1.3670675e-04   1.3670675e-04   3.0000000e+00
  -3.8315366e+00  -3.8316531e+00   0.0000000e+00  -6.9686157e-04   6.9686157e-04   0.0000000e+00   0.0000000e+00  -6.9686157e-04   6.9686157e-04   3.0000000e+00
  -3.8186296e+00  -3.8197884e+00   0.0000000e+00  -5.5364893e-03   5.5364893e-03   0.0000000e+00   0.0000000e+00  -5.5364893e-03   5.5364893e-03   3.0000000e+00
  -3.8039668e+00  -3.8012916e+00   0.0000000e+00   1.3934067e-02  -1.3934067e-02   0.0000000e+00   0.0000000e+00   1.3934067e-02  -1.3934067e-02   3.0000000e+00
  -3.7919189e+00  -3.7947793e+00   0.0000000e+00  -1.3687279e-02   1.3687279e-02   0.0000000e+00   0.0000000e+00  -1.3687279e-02   1.3687279e-02   3.0000000e+00
  -3.7919189e+00  -3.7913166e+00   0.0000000e+00  -1.1143817e-04   1.1143817e-04   0.0000000e+00   0.0000000e+00  -1.1143817e-04   1.1143817e-04   3.0000000e+00
  -3.7845623e+00  -3.7852407e+00   0.0000000e+00   1.0197726e-03  -1.0197726e-03   0.0000000e+00   0.0000000e+00   1.0197726e-03  -1.0197726e-03   3.0000000e+00
  -3.7845623e+00  -3.7839763e+00   0.0000000e+00   2.3150413e-03  -2.3150413e-03   0.0000000e+00   0.0000000e+00   2.3150413e-03  -2.3150413e-03   3.0000000e+00
  -3.7740465e+00  -3.7693479e+00   0.0000000e+00   2.0876165e-02  -2.0876165e-02   0.0000000e+00   0.0000000e+00   2.0876165e-02  -2.0876165e-02   3.0000000e+00
  -3.7519418e+00  -3.7576332e+00   0.0000000e+00  -2.9327929e-02   2.9327929e-02   0.0000000e+00   0.0000000e+00  -2.9327929e-02   2.9327929e-02   3.0000000e+00
  -3.7425518e+00  -3.7471236e+00   0.0000000e+00  -5.9176317e-03   5.9176317e-03   0.0000000e+00   0.0000000e+00  -5.9176317e-03   5.9176317e-03   3.0000000e+00
  -3.7421185e+00  -3.7411620e+00   0.0000000e+00  -9.4595298e-05   9.4595298e-05   0.0000000e+00   0.0000000e+00  -9.4595298e-05   9.4595298e-05   3.0000000e+00
  -3.7375294e+00  -3.7320045e+00   0.0000000e+00   1.4634197e-02  -1.4634197e-02   0.0000000e+00   0.0000000e+00   1.4634197e-02  -1.4634197e-02   3.0000000e+00
  -3.7242073e+00  -3.7195301e+00   0.0000000e+00  -7.2022621e-03   7.2022621e-03   0.0000000e+00   0.0000000e+00  -7.2022621e-03   7.2022621e-03   3.0000000e+00
  -3.7131759e+00  -3.7173556e+00   0.0000000e+00   2.7607364e-02  -2.7607364e-02   0.0000000e+00   0.0000000e+00   2.7607364e-02  -2.7607364e-02   3.0000000e+00
  -3.7072852e+00  -3.7043921e+00   0.0000000e+00   3.8117223e-03  -3.8117223e-03   0.0000000e+00   0.0000000e+00   3.8117223e-03  -3.8117223e-03   3.0000000e+00
  -3.6989832e+00  -3.6970324e+00   0.0000000e+00  -2.3675639e-02   2.3675639e-02   0.0000000e+00   0.0000000e+00  -2.3675639e-02   2.3675639e-02   3.0000000e+00
  -3.6932807e+00  -3.6932927e+00   0.0000000e+00  -9.6340382e-04   9.6340382e-04   0.0000000e+00   0.0000000e+00  -9.6340382e-04   9.6340382e-04   3.0000000e+00
  -3.6932807e+00  -3.6891177e+00   0.0000000e+00  -7.4852612e-03   7.4852612e-03   0.0000000e+00   0.0000000e+00  -7.4852612e-03   7.4852612e-03   3.0000000e+00
  -3.6743277e+00  -3.6741808e+00   0.0000000e+00  -1.8874539e-02   1.8874539e-02   0.0000000e+00   0.0000000e+00  -1.8874539e-02   1.8874539e-02   3.0000000e+00
  -3.6681298e+00  -3.6676842e+00   0.0000000e+00   7.8246300e-03  -7.8246300e-03   0.0000000e+00   0.0000000e+00   7.8246300e-03  -7.8246300e-03   3.0000000e+00
  -3.6573517e+00  -3.6579149e+00   0.0000000e+00   7.0600871e-04  -7.0600871e-04   0.0000000e+00   0.0000000e+00   7.0600871e-04  -7.0600871e-04   3.0000000e+00
  -3.6444839e+00  -3.6500261e+00   0.0000000e+00   6.0210510e-02  -6.0210510e-02   0.0000000e+00   0.0000000e+00   6.0210510e-02  -6.0210510e-02   3.0000000e+00
  -3.6421183e+00  -3.6424458e+00   0.0000000e+00  -1.4838077e-03   1.4838077e-03   0.0000000e+00   0.0000000e+00  -1.4838077e-03   1.4838077e-03   3.0000000e+00
  -3.6421183e+00  -3.6421168e+00   0.0000000e+00  -1.5139399e-05   1.5139399e-05   0.0000000e+00   0.0000000e+00  -1.5139399e-05   1.5139399e-05   3.0000000e+00
  -3.6327765e+00  -3.6326479e+00   0.0000000e+00  -4.0033028e-03   4.0033028e-03   0.0000000e+00   0.0000000e+00  -4.0033028e-03   4.0033028e-03   3.0000000e+00
  -3.6304665e+00  -3.6256779e+00   0.0000000e+00  -3.9338220e-02   3.9338220e-02   0.0000000e+00   0.0000000e+00  -3.9338220e-02   3.9338220e-02   3.0000000e+00
  -3.6304665e+00  -3.6222026e+00   0.0000000e+00  -6.6714999e-03   6.6714999e-03   0.0000000e+00   0.0000000e+00  -6.6714999e-03   6.6714999e-03   3.0000000e+00
  -3.6109535e+00  -3.6108910e+00   0.0000000e+00   3.4180199e-06  -3.4180199e-06   0.0000000e+00   0.0000000e+00   3.4180199e-06  -3.4180199e-06   3.0000000e+00
  -3.6061870e+00  -3.6066943e+00   0.0000000e+00  -2.1272306e-02   2.1272306e-02   0.0000000e+00   0.0000000e+00  -2.1272306e-02   2.1272306e-02   3.0000000e+00
  -3.5881462e+00  -3.5909056e+00   0.0000000e+00   3.7312741e-04  -3.7312741e-04   0.0000000e+00   0.0000000e+00   3.7312741e-04  -3.7312741e-04   3.0000000e+00
  -3.5881462e+00  -3.5878298e+00   0.0000000e+00  -5.7766406e-03   5.7766406e-03   0.0000000e+00   0.0000000e+00  -5.7766406e-03   5.7766406e-03   3.0000000e+00
  -3.5848538e+00  -3.5796240e+00   0.0000000e+00   7.5727391e-02  -7.5727391e-02   0.0000000e+00   0.0000000e+00   7.5727391e-02  -7.5727391e-02   3.0000000e+00
  -3.5709716e+00  -3.5668453e+00   0.0000000e+00   2.8195948e-02  -2.8195948e-02   0.0000000e+00   0.0000000e+00   2.8195948e-02  -2.8195948e-02   3.0000000e+00
  -3.5601526e+00  -3.5620636e+00   0.0000000e+00   1.2998067e-02  -1.2998067e-02   0.0000000e+00   0.0000000e+00   1.2998067e-02  -1.2998067e-02   3.0000000e+00
  -3.5601526e+00  -3.5601561e+00   0.0000000e+00  -6.6468344e-05   6.6468344e-05   0.0000000e+00   0.0000000e+00  -6.6468344e-05   6.6468344e-05   3.0000000e+00
  -3.5601526e+00  -3.5552432e+00   0.0000000e+00  -6.5908445e-02   6.5908445e-02   0.0000000e+00   0.0000000e+00  -6.5908445e-02   6.5908445e-02   3.0000000e+00
  -3.5436962e+00  -3.5452842e+00   0.0000000e+00  -8.6104276e-03   8.6104276e-03   0.0000000e+00   0.0000000e+00  -8.6104276e-03   8.6104276e-03   3.0000000e+00
  -3.5417023e+00  -3.5400233e+00   0.0000000e+00   1.0229495e-02  -1.0229495e-02   0.0000000e+00   0.0000000e+00   1.0229495e-02  -1.0229495e-02   3.0000000e+00
  -3.5417023e+00  -3.5380036e+00   0.0000000e+00  -6.1567785e-02   6.1567785e-02   0.0000000e+00   0.0000000e+00  -6.1567785e-02   6.1567785e-02   3.0000000e+00
  -3.5231870e+00  -3.5224014e+00   0.0000000e+00  -2.4262135e-03   2.4262135e-03   0.0000000e+00   0.0000000e+00  -2.4262135e-03   2.4262135e-03   3.0000000e+00
  -3.5062239e+00  -3.5066869e+00   0.0000000e+00   7.3984288e-02  -7.3984288e-02   0.0000000e+00   0.0000000e+00   7.3984288e-02  -7.3984288e-02   3.0000000e+00
  -3.5062239e+00  -3.5062208e+00   0.0000000e+00   1.8218276e-06  -1.8218276e-06   0.0000000e+00   0.0000000e+00   1.8218276e-06  -1.8218276e-06   3.0000000e+00
  -3.4998178e+00  -3.5023330e+00   0.0000000e+00   7.2351720e-03  -7.2351720e-03   0.0000000e+00   0.0000000e+00   7.2351720e-03  -7.2351720e-03   3.0000000e+00
  -3.4893520e+00  -3.4934013e+00   0.0000000e+00   1.8373740e-02  -1.8373740e-02   0.0000000e+00   0.0000000e+00   1.8373740e-02  -1.8373740e-02   3.0000000e+00
  -3.4893520e+00  -3.4897584e+00   0.0000000e+00  -4.7729810e-03   4.7729810e-03   0.0000000e+00   0.0000000e+00  -4.7729810e-03   4.7729810e-03   3.0000000e+00
  -3.4893520e+00  -3.4858821e+00   0.0000000e+00   4.5557284e-02  -4.5557284e-02   0.0000000e+00   0.0000000e+00   4.5557284e-02  -4.5557284e-02   3.0000000e+00
  -3.4798913e+00  -3.4793232e+00   0.0000000e+00  -7.6483075e-02   7.6483075e-02   0.0000000e+00   0.0000000e+00  -7.6483075e-02   7.6483075e-02   3.0000000e+00
  -3.4798913e+00  -3.4717618e+00   0.0000000e+00   5.0861212e-03  -5.0861212e-03   0.0000000e+00   0.0000000e+00   5.0861212e-03  -5.0861212e-03   3.0000000e+00
  -3.4607081e+00  -3.4701166e+00   0.0000000e+00  -2.2799417e-02   2.2799417e-02   0.0000000e+00   0.0000000e+00  -2.2799417e-02   2.2799417e-02   3.0000000e+00
  -3.4520126e+00  -3.4518275e+00   0.0000000e+00  -1.9854225e-02   1.9854225e-02   0.0000000e+00   0.0000000e+00  -1.9854225e-02   1.9854225e-02   3.0000000e+00
  -3.4481525e+00  -3.4458543e+00   0.0000000e+00  -3.5909560e-02   3.5909560e-02   0.0000000e+00   0.0000000e+00  -3.5909560e-02   3.5909560e-02   3.0000000e+00
  -3.4355298e+00  -3.4354552e+00   0.0000000e+00   2.4407588e-03  -2.4407588e-03   0.0000000e+00   0.0000000e+00   2.4407588e-03  -2.4407588e-03   3.0000000e+00
  -3.4314855e+00  -3.4318909e+00   0.0000000e+00   2.0965224e-02  -2.0965224e-02   0.0000000e+00   0.0000000e+00   2.0965224e-02  -2.0965224e-02   3.0000000e+00
  -3.4314855e+00  -3.4273904e+00   0.0000000e+00   8.5181378e-02  -8.5181378e-02   0.0000000e+00   0.0000000e+00   8.5181378e-02  -8.5181378e-02   3.0000000e+00
  -3.4221326e+00  -3.4213599e+00   0.0000000e+00   1.8868184e-02  -1.8868184e-02   0.0000000e+00   0.0000000e+00   1.8868184e-02  -1.8868184e-02   3.0000000e+00
  -3.4221326e+00  -3.4146069e+00   0.0000000e+00  -4.3220213e-03   4.3220213e-03   0.0000000e+00   0.0000000e+00  -4.3220213e-03   4.3220213e-03   3.0000000e+00
  -3.4016251e+00  -3.4020302e+00   0.0000000e+00  -3.9149501e-02   3.9149501e-02   0.0000000e+00   0.0000000e+00  -3.9149501e-02   3.9149501e-02   3.0000000e+00
  -3.4016251e+00  -3.3987830e+00   0.0000000e+00  -7.6368409e-02   7.6368409e-02   0.0000000e+00   0.0000000e+00  -7.6368409e-02   7.6368409e-02   3.0000000e+00
  -3.4016251e+00  -3.3941158e+00   0.0000000e+00  -4.5012689e-03   4.5012689e-03   0.0000000e+00   0.0000000e+00  -4.5012689e-03   4.5012689e-03   3.0000000e+00
  -3.3853144e+00  -3.3835737e+00   0.0000000e+00   3.0099585e-02  -3.0099585e-02   0.0000000e+00   0.0000000e+00   3.0099585e-02  -3.0099585e-02   3.0000000e+00
  -3.3781001e+00  -3.3787089e+00   0.0000000e+00  -3.5401247e-03   3.5401247e-03   0.0000000e+00   0.0000000e+00  -3.5401247e-03   3.5401247e-03   3.0000000e+00
  -3.3781001e+00  -3.3781000e+00   0.0000000e+00   3.1302104e-03  -3.1302104e-03   0.0000000e+00   0.0000000e+00   3.1302104e-03  -3.1302104e-03   3.0000000e+00
  -3.3719926e+00  -3.3720045e+00   0.0000000e+00  -8.1156422e-03   8.1156422e-03   0.0000000e+00   0.0000000e+00  -8.1156422e-03   8.1156422e-03   3.0000000e+00
  -3.3601828e+00  -3.3586735e+00   0.0000000e+00   1.0086353e-02  -1.0086353e-02   0.0000000e+00   0.0000000e+00   1.0086353e-02  -1.0086353e-02   3.0000000e+00
  -3.3522597e+00  -3.3522383e+00   0.0000000e+00   3.2944368e-02  -3.2944368e-02   0.0000000e+00   0.0000000e+00   3.2944368e-02  -3.2944368e-02   3.0000000e+00
  -3.3442584e+00  -3.3436998e+00   0.0000000e+00   1.3297972e-02  -1.3297972e-02   0.0000000e+00   0.0000000e+00   1.3297972e-02  -1.3297972e-02   3.0000000e+00
  -3.3407435e+00  -3.3405922e+00   0.0000000e+00   1.0450611e-01  -1.0450611e-01   0.0000000e+00   0.0000000e+00   1.0450611e-01  -1.0450611e-01   3.0000000e+00
  -3.3220308e+00  -3.3291676e+00   0.0000000e+00  -3.8941503e-02   3.8941503e-02   0.0000000e+00   0.0000000e+00  -3.8941503e-02   3.8941503e-02   3.0000000e+00
  -3.3220308e+00  -3.3228328e+00   0.0000000e+00   2.0238119e-03  -2.0238119e-03   0.0000000e+00   0.0000000e+00   2.0238119e-03  -2.0238119e-03   3.0000000e+00
  -3.3220308e+00  -3.3214992e+00   0.0000000e+00  -1.4582439e-02   1.4582439e-02   0.0000000e+00   0.0000000e+00  -1.4582439e-02   1.4582439e-02   3.0000000e+00
  -3.3143225e+00  -3.3174435e+00   0.0000000e+00  -4.9658535e-02   4.9658535e-02   0.0000000e+00   0.0000000e+00  -4.9658535e-02   4.9658535e-02   3.0000000e+00
  -3.3095915e+00  -3.3104789e+00   0.0000000e+00  -4.9228867e-02   4.9228867e-02   0.0000000e+00   0.0000000e+00  -4.9228867e-02   4.9228867e-02   3.0000000e+00
  -3.2973671e+00  -3.3009060e+00   0.0000000e+00  -6.7530809e-02   6.7530809e-02   0.0000000e+00   0.0000000e+00  -6.7530809e-02   6.7530809e-02   3.0000000e+00
  -3.2934813e+00  -3.2912675e+00   0.0000000e+00  -1.2169909e-02   1.2169909e-02   0.0000000e+00   0.0000000e+00  -1.2169909e-02   1.2169909e-02   3.0000000e+00
  -3.2855927e+00  -3.2863145e+00   0.0000000e+00   3.2022558e-02  -3.2022558e-02   0.0000000e+00   0.0000000e+00   3.2022558e-02  -3.2022558e-02   3.0000000e+00
  -3.2753250e+00  -3.2743719e+00   0.0000000e+00   3.1318800e-02  -3.1318800e-02   0.0000000e+00   0.0000000e+00   3.1318800e-02  -3.1318800e-02   3.0000000e+00
  -3.2663011e+00  -3.2699487e+00   0.0000000e+00   3.7069788e-02  -3.7069788e-02   0.0000000e+00   0.0000000e+00   3.7069788e-02  -3.7069788e-02   3.0000000e+00
  -3.2663011e+00  -3.2659192e+00   0.0000000e+00   1.6558488e-02  -1.6558488e-02   0.0000000e+00   0.0000000e+00   1.6558488e-02  -1.6558488e-02   3.0000000e+00
  -3.2579907e+00  -3.2600371e+00   0.0000000e+00   5.0103663e-03  -5.0103663e-03   0.0000000e+00   0.0000000e+00   5.0103663e-03  -5.0103663e-03   3.0000000e+00
  -3.2579907e+00  -3.2577522e+00   0.0000000e+00   3.5698430e-02  -3.5698430e-02   0.0000000e+00   0.0000000e+00   3.5698430e-02  -3.5698430e-02   3.0000000e+00
  -3.2415607e+00  -3.2450417e+00   0.0000000e+00   2.5095269e-03  -2.5095269e-03   0.0000000e+00   0.0000000e+00   2.5095269e-03  -2.5095269e-03   3.0000000e+00
  -3.2415607e+00  -3.2416757e+00   0.0000000e+00  -8.5193015e-02   8.5193015e-02   0.0000000e+00   0.0000000e+00  -8.5193015e-02   8.5193015e-02   3.0000000e+00
  -3.2415607e+00  -3.2378752e+00   0.0000000e+00   4.0930805e-02  -4.0930805e-02   0.0000000e+00   0.0000000e+00   4.0930805e-02  -4.0930805e-02   3.0000000e+00
  -3.2301785e+00  -3.2307284e+00   0.0000000e+00   2.7470774e-02  -2.7470774e-02   0.0000000e+00   0.0000000e+00   2.7470774e-02  -2.7470774e-02   3.0000000e+00
  -3.2271064e+00  -3.2205401e+00   0.0000000e+00   1.3308056e-02  -1.3308056e-02   0.0000000e+00   0.0000000e+00   1.3308056e-02  -1.3308056e-02   3.0000000e+00
  -3.2133389e+00  -3.2176261e+00   0.0000000e+00  -5.9688810e-02   5.9688810e-02   0.0000000e+00   0.0000000e+00  -5.9688810e-02   5.9688810e-02   3.0000000e+00
  -3.2063234e+00  -3.2060782e+00   0.0000000e+00  -9.5247418e-03   9.5247418e-03   0.0000000e+00   0.0000000e+00  -9.5247418e-03   9.5247418e-03   3.0000000e+00
  -3.2027959e+00  -3.1997076e+00   0.0000000e+00   1.5818492e-02  -1.5818492e-02   0.0000000e+00   0.0000000e+00   1.5818492e-02  -1.5818492e-02   3.0000000e+00
  -3.1870201e+00  -3.1912395e+00   0.0000000e+00  -1.0817312e-02   1.0817312e-02   0.0000000e+00   0.0000000e+00  -1.0817312e-02   1.0817312e-02   3.0000000e+00
  -3.1870201e+00  -3.1846643e+00   0.0000000e+00   2.0988941e-02  -2.0988941e-02   0.0000000e+00   0.0000000e+00   2.0988941e-02  -2.0988941e-02   3.0000000e+00
  -3.1798872e+00  -3.1825419e+00   0.0000000e+00   4.5202701e-02  -4.5202701e-02   0.0000000e+00   0.0000000e+00   4.5202701e-02  -4.5202701e-02   3.0000000e+00
  -3.1798872e+00  -3.1775887e+00   0.0000000e+00   2.2537776e-03  -2.2537776e-03   0.0000000e+00   0.0000000e+00   2.2537776e-03  -2.2537776e-03   3.0000000e+00
  -3.1621722e+00  -3.1694894e+00   0.0000000e+00   1.2625858e-02  -1.2625858e-02   0.0000000e+00   0.0000000e+00   1.2625858e-02  -1.2625858e-02   3.0000000e+00
  -3.1612876e+00  -3.1605352e+00   0.0000000e+00  -3.2684754e-02   3.2684754e-02   0.0000000e+00   0.0000000e+00  -3.2684754e-02   3.2684754e-02   3.0000000e+00
  -3.1536250e+00  -3.1570949e+00   0.0000000e+00  -8.3181112e-02   8.3181112e-02   0.0000000e+00   0.0000000e+00  -8.3181112e-02   8.3181112e-02   3.0000000e+00
  -3.1531009e+00  -3.1514655e+00   0.0000000e+00  -9.8612843e-03   9.8612843e-03   0.0000000e+00   0.0000000e+00  -9.8612843e-03   9.8612843e-03   3.0000000e+00
  -3.1531009e+00  -3.1505143e+00   0.0000000e+00   2.0373592e-02  -2.0373592e-02   0.0000000e+00   0.0000000e+00   2.0373592e-02  -2.0373592e-02   3.0000000e+00
  -3.1407364e+00  -3.1403466e+00   0.0000000e+00  -4.0951086e-02   4.0951086e-02   0.0000000e+00   0.0000000e+00  -4.0951086e-02   4.0951086e-02   3.0000000e+00
  -3.1331301e+00  -3.1323722e+00   0.0000000e+00   4.7418243e-02  -4.7418243e-02   0.0000000e+00   0.0000000e+00   4.7418243e-02  -4.7418243e-02   3.0000000e+00
  -3.1232661e+00  -3.1251880e+00   0.0000000e+00  -2.6500027e-02   2.6500027e-02   0.0000000e+00   0.0000000e+00  -2.6500027e-02   2.6500027e-02   3.0000000e+00
  -3.1186511e+00  -3.1194531e+00   0.0000000e+00   1.1949400e-02  -1.1949400e-02   0.0000000e+00   0.0000000e+00   1.1949400e-02  -1.1949400e-02   3.0000000e+00
  -3.1092692e+00  -3.1099751e+00   0.0000000e+00   1.8808742e-02  -1.8808742e-02   0.0000000e+00   0.0000000e+00   1.8808742e-02  -1.8808742e-02   3.0000000e+00
  -3.1092692e+00  -3.1053432e+00   0.0000000e+00  -2.1869221e-02   2.1869221e-02   0.0000000e+00   0.0000000e+00   2.1869221e-02  -2.1869221e-02   3.0000000e+00
  -3.0946953e+00  -3.0947390e+00   0.0000000e+00   4.9267032e-02  -4.9267032e-02   0.0000000e+00   0.0000000e+00   4.9267032e-02  -4.9267032e-02   3.0000000e+00
  -3.0863774e+00  -3.0882118e+00   0.0000000e+00  -2.3322396e-02   2.3322396e-02   0.0000000e+00   0.0000000e+00  -2.3322396e-02   2.3322396e-02   3.0000000e+00
  -3.0863774e+00  -3.0855661e+00   0.0000000e+00  -3.5694888e-02   3.5694888e-02   0.0000000e+00   0.0000000e+00  -3.5694888e-02   3.5694888e-02   3.0000000e+00
  -3.0863774e+00  -3.0809226e+00   0.0000000e+00   6.4424678e-02  -6.4424678e-02   0.0000000e+00   0.0000000e+00   6.4424678e-02  -6.4424678e-02   3.0000000e+00
  -3.0743474e+00  -3.0740722e+00   0.0000000e+00  -5.0342573e-02   5.0342573e-02   0.0000000e+00   0.0000000e+00  -5.0342573e-02   5.0342573e-02   3.0000000e+00
  -3.0743474e+00  -3.0696125e+00   0.0000000e+00   5.4992095e-02  -5.4992095e-02   0.0000000e+00   0.0000000e+00   5.4992095e-02  -5.4992095e-02   3.0000000e+00
  -3.0647760e+00  -3.0605794e+00   0.0000000e+00  -1.5417007e-02   1.5417007e-02   0.0000000e+00   0.0000000e+00  -1.5417007e-02   1.5417007e-02   3.0000000e+00
  -3.0647760e+00  -3.0583832e+00   0.0000000e+00  -9.0125632e-02   9.0125632e-02   0.0000000e+00   0.0000000e+00  -9.0125632e-02   9.0125632e-02   3.0000000e+00
  -3.0510964e+00  -3.0493094e+00   0.0000000e+00   4.1712699e-02  -4.1712699e-02   0.0000000e+00   0.0000000e+00   4.1712699e-02  -4.1712699e-02   3.0000000e+00
  -3.0416765e+00  -3.0417458e+00   0.0000000e+00   4.4619879e-02  -4.4619879e-02   0.0000000e+00   0.0000000e+00   4.4619879e-02  -4.4619879e-02   3.0000000e+00
  -3.0382121e+00  -3.0343929e+00   0.0000000e+00   2.4145272e-02  -2.4145272e-02   0.0000000e+00   0.0000000e+00   2.4145272e-02  -2.4145272e-02   3.0000000e+00
  -3.0255043e+00  -3.0286563e+00   0.0000000e+00  -3.2970824e-02   3.2970824e-02   0.0000000e+00   0.0000000e+00  -3.2970824e-02   3.2970824e-02   3.0000000e+00
  -3.0255043e+00  -3.0266865e+00   0.0000000e+00   3.6447784e-02  -3.6447784e-02   0.0000000e+00   0.0000000e+00   3.6447784e-02  -3.6447784e-02   3.0000000e+00
  -3.0169488e+00  -3.0183946e+00   0.0000000e+00   5.4380156e-02  -5.4380156e-02   0.0000000e+00   0.0000000e+00   5.4380156e-02  -5.4380156e-02   3.0000000e+00
  -3.0169488e+00  -3.0121844e+00   0.0000000e+00  -8.0144241e-03   8.0144241e-03   0.0000000e+00   0.0000000e+00  -8.0144241e-03   8.0144241e-03   3.0000000e+00
  -3.0069913e+00  -3.0081394e+00   0.0000000e+00  -3.3368066e-02   3.3368066e-02   0.0000000e+00   0.0000000e+00  -3.3368066e-02   3.3368066e-02   3.0000000e+00
  -2.9994622e+00  -2.9976979e+00   0.0000000e+00  -9.4815001e-02   9.4815001e-02   0.0000000e+00   0.0000000e+00  -9.4815001e-02   9.4815001e-02   3.0000000e+00
  -2.9994622e+00  -2.9958050e+00   0.0000000e+00  -6.3402526e-02   6.3402526e-02   0.0000000e+00   0.0000000e+00  -6.3402526e-02   6.3402526e-02   3.0000000e+00
  -2.9794547e+00  -2.9874100e+00   0.0000000e+00   1.6795294e-03  -1.6795294e-03   0.0000000e+00   0.0000000e+00   1.6795294e-03  -1.6795294e-03   3.0000000e+00
  -2.9785401e+00  -2.9783569e+00   0.0000000e+00   3.5094587e-02  -3.5094587e-02   0.0000000e+00   0.0000000e+00   3.5094587e-02  -3.5094587e-02   3.0000000e+00
  -2.9731250e+00  -2.9731546e+00   0.0000000e+00   2.0476470e-02  -2.0476470e-02   0.0000000e+00   0.0000000e+00   2.0476470e-02  -2.0476470e-02   3.0000000e+00
  -2.9695275e+00  -2.9673617e+00   0.0000000e+00  -8.6865047e-02   8.6865047e-02   0.0000000e+00   0.0000000e+00  -8.6865047e-02   8.6865047e-02   3.0000000e+00
  -2.9593880e+00  -2.9634066e+00   0.0000000e+00  -2.3909968e-02   2.3909968e-02   0.0000000e+00   0.0000000e+00  -2.3909968e-02   2.3909968e-02   3.0000000e+00
  -2.9543451e+00  -2.9547065e+00   0.0000000e+00   3.4441760e-02  -3.4441760e-02   0.0000000e+00   0.0000000e+00   3.4441760e-02  -3.4441760e-02   3.0000000e+00
  -2.9481302e+00  -2.9460519e+00   0.0000000e+00   1.4389998e-02  -1.4389998e-02   0.0000000e+00   0.0000000e+00   1.4389998e-02  -1.4389998e-02   3.0000000e+00
  -2.9407826e+00  -2.9407155e+00   0.0000000e+00   4.5690255e-03  -4.5690255e-03   0.0000000e+00   0.0000000e+00   4.5690255e-03  -4.5690255e-03   3.0000000e+00
  -2.9341652e+00  -2.9356787e+00   0.0000000e+00   2.8514045e-02  -2.8514045e-02   0.0000000e+00   0.0000000e+00   2.8514045e-02  -2.8514045e-02   3.0000000e+00
  -2.9341652e+00  -2.9311611e+00   0.0000000e+00   2.9748260e-02  -2.9748260e-02   0.0000000e+00   0.0000000e+00   2.9748260e-02  -2.9748260e-02   3.0000000e+00
  -2.9278759e+00  -2.9271415e+00   0.0000000e+00   6.1934923e-02  -6.1934923e-02   0.0000000e+00   0.0000000e+00   6.1934923e-02  -6.1934923e-02   3.0000000e+00
  -2.9168443e+00  -2.9185398e+00   0.0000000e+00   2.5819013e-02  -2.5819013e-02   0.0000000e+00   0.0000000e+00   2.5819013e-02  -2.5819013e-02   3.0000000e+00
  -2.9165422e+00  -2.9132401e+00   0.0000000e+00  -8.6639806e-03   8.6639806e-03   0.0000000e+00   0.0000000e+00  -8.6639806e-03   8.6639806e-03   3.0000000e+00
  -2.9017891e+00  -2.9084109e+00   0.0000000e+00  -3.8326128e-03   3.8326128e-03   0.0000000e+00   0.0000000e+00  -3.8326128e-03   3.8326128e-03   3.0000000e+00
  -2.9013560e+00  -2.9008939e+00   0.0000000e+00   8.1060234e-03  -8.1060234e-03   0.0000000e+00   0.0000000e+00   8.1060234e-03  -8.1060234e-03   3.0000000e+00
  -2.8954776e+00  -2.8959311e+00   0.0000000e+00   4.0947672e-02  -4.0947672e-02   0.0000000e+00   0.0000000e+00   4.0947672e-02  -4.0947672e-02   3.0000000e+00
  -2.8912982e+00  -2.8871994e+00   0.0000000e+00  -2.3747731e-02   2.3747731e-02   0.0000000e+00   0.0000000e+00  -2.3747731e-02   2.3747731e-02   3.0000000e+00
  -2.8811179e+00  -2.8806876e+00   0.0000000e+00   4.9745251e-02  -4.9745251e-02   0.0000000e+00   0.0000000e+00   4.9745251e-02  -4.9745251e-02   3.0000000e+00
  -2.8745227e+00  -2.8741556e+00   0.0000000e+00   6.7035353e-02  -6.7035353e-02   0.0000000e+00   0.0000000e+00   6.7035353e-02  -6.7035353e-02   3.0000000e+00
  -2.8745227e+00  -2.8688496e+00   0.0000000e+00  -1.9544051e-02   1.9544051e-02   0.0000000e+00   0.0000000e+00  -1.9544051e-02   1.9544051e-02   3.0000000e+00
  -2.8537366e+00  -2.8635696e+00   0.0000000e+00  -6.3019876e-02   6.3019876e-02   0.0000000e+00   0.0000000e+00  -6.3019876e-02   6.3019876e-02   3.0000000e+00
  -2.8537366e+00  -2.8560377e+00   0.0000000e+00  -2.9445608e-02   2.9445608e-02   0.0000000e+00   0.0000000e+00  -2.9445608e-02   2.9445608e-02   3.0000000e+00
  -2.8537366e+00  -2.8542311e+00   0.0000000e+00  -5.6645030e-02   5.6645030e-02   0.0000000e+00   0.0000000e+00  -5.6645030e-02   5.6645030e-02   3.0000000e+00
  -2.8479468e+00  -2.8470160e+00   0.0000000e+00  -5.4535202e-02   5.4535202e-02   0.0000000e+00   0.0000000e+00  -5.4535202e-02   5.4535202e-02   3.0000000e+00
  -2.8362480e+00  -2.8390159e+00   0.0000000e+00  -7.9751167e-02   7.9751167e-02   0.0000000e+00   0.0000000e+00  -7.9751167e-02   7.9751167e-02   3.0000000e+00
  -2.8271813e+00  -2.8316829e+00   0.0000000e+00  -2.0573859e-02   2.0573859e-02   0.0000000e+00   0.0000000e+00  -2.0573859e-02   2.0573859e-02   3.0000000e+00
  -2.8271813e+00  -2.8267632e+00   0.0000000e+00  -5.0757441e-03   5.0757441e-03   0.0000000e+00   0.0000000e+00  -5.0757441e-03   5.0757441e-03   3.0000000e+00
  -2.8214425e+00  -2.8223948e+00   0.0000000e+00   1.9983700e-02  -1.9983700e-02   0.0000000e+00   0.0000000e+00   1.9983700e-02  -1.9983700e-02   3.0000000e+00
  -2.8214425e+00  -2.8185317e+00   0.0000000e+00  -2.6331519e-02   2.6331519e-02   0.0000000e+00   0.0000000e+00  -2.6331519e-02   2.6331519e-02   3.0000000e+00
  -2.8120301e+00  -2.8087968e+00   0.0000000e+00   5.0540556e-02  -5.0540556e-02   0.0000000e+00   0.0000000e+00   5.0540556e-02  -5.0540556e-02   3.0000000e+00
  -2.8006369e+00  -2.8038864e+00   0.0000000e+00   1.2148746e-02  -1.2148746e-02   0.0000000e+00   0.0000000e+00   1.2148746e-02  -1.2148746e-02   3.0000000e+00
  -2.7979991e+00  -2.7977760e+00   0.0000000e+00  -4.6974099e-02   4.6974099e-02   0.0000000e+00   0.0000000e+00  -4.6974099e-02   4.6974099e-02   3.0000000e+00
  -2.7879933e+00  -2.7909737e+00   0.0000000e+00   7.4649256e-02  -7.4649256e-02   0.0000000e+00   0.0000000e+00   7.4649256e-02  -7.4649256e-02   3.0000000e+00
  -2.7879933e+00  -2.7875291e+00   0.0000000e+00   1.9147763e-02  -1.9147763e-02   0.0000000e+00   0.0000000e+00   1.9147763e-02  -1.9147763e-02   3.0000000e+00
  -2.7831368e+00  -2.7794761e+00   0.0000000e+00   1.3566644e-03  -1.3566644e-03   0.0000000e+00   0.0000000e+00   1.3566644e-03  -1.3566644e-03   3.0000000e+00
  -2.7715654e+00  -2.7723751e+00   0.0000000e+00   5.7573436e-02  -5.7573436e-02   0.0000000e+00   0.0000000e+00   5.7573436e-02  -5.7573436e-02   3.0000000e+00
  -2.7653459e+00  -2.7651263e+00   0.0000000e+00  -1.3703005e-02   1.3703005e-02   0.0000000e+00   0.0000000e+00  -1.3703005e-02   1.3703005e-02   3.0000000e+00
  -2.7599918e+00  -2.7604669e+00   0.0000000e+00   5.4297004e-03  -5.4297004e-03   0.0000000e+00   0.0000000e+00   5.4297004e-03  -5.4297004e-03   3.0000000e+00
  -2.7599918e+00  -2.7563967e+00   0.0000000e+00  -5.5859806e-02   5.5859806e-02   0.0000000e+00   0.0000000e+00  -5.5859806e-02   5.5859806e-02   3.0000000e+00
  -2.7503215e+00  -2.7486865e+00   0.0000000e+00   7.7448536e-02  -7.7448536e-02   0.0000000e+00   0.0000000e+00   7.7448536e-02  -7.7448536e-02   3.0000000e+00
  -2.7469976e+00  -2.7411981e+00   0.0000000e+00  -1.8354918e-02   1.8354918e-02   0.0000000e+00   0.0000000e+00  -1.8354918e-02   1.8354918e-02   3.0000000e+00
  -2.7325847e+00  -2.7388947e+00   0.0000000e+00   8.2133659e-02  -8.2133659e-02   0.0000000e+00   0.0000000e+00   8.2133659e-02  -8.2133659e-02   3.0000000e+00
  -2.7284671e+00  -2.7273509e+00   0.0000000e+00   3.2898963e-02  -3.2898963e-02   0.0000000e+00   0.0000000e+00   3.2898963e-02  -3.2898963e-02   3.0000000e+00
  -2.7250886e+00  -2.7251256e+00   0.0000000e+00   3.2225661e-02  -3.2225661e-02   0.0000000e+00   0.0000000e+00   3.2225661e-02  -3.2225661e-02   3.0000000e+00
  -2.7160914e+00  -2.7203247e+00   0.0000000e+00  -8.4680068e-02   8.4680068e-02   0.0000000e+00   0.0000000e+00  -8.4680068e-02   8.4680068e-02   3.0000000e+00
  -2.7118946e+00  -2.7110169e+00   0.0000000e+00  -4.1470264e-02   4.1470264e-02   0.0000000e+00   0.0000000e+00  -4.1470264e-02   4.1470264e-02   3.0000000e+00
  -2.7118946e+00  -2.7068457e+00   0.0000000e+00   3.5937173e-02  -3.5937173e-02   0.0000000e+00   0.0000000e+00   3.5937173e-02  -3.5937173e-02   3.0000000e+00
  -2.6969827e+00  -2.6981734e+00   0.0000000e+00   2.9792855e-02  -2.9792855e-02   0.0000000e+00   0.0000000e+00   2.9792855e-02  -2.9792855e-02   3.0000000e+00
  -2.6961088e+00  -2.6955355e+00   0.0000000e+00  -8.4807384e-02   8.4807384e-02   0.0000000e+00   0.0000000e+00  -8.4807384e-02   8.4807384e-02   3.0000000e+00
  -2.6961088e+00  -2.6930658e+00   0.0000000e+00   1.6104721e-02  -1.6104721e-02   0.0000000e+00   0.0000000e+00   1.6104721e-02  -1.6104721e-02   3.0000000e+00
  -2.6822772e+00  -2.6873233e+00   0.0000000e+00  -3.1666668e-02   3.1666668e-02   0.0000000e+00   0.0000000e+00  -3.1666668e-02   3.1666668e-02   3.0000000e+00
  -2.6762005e+00  -2.6785654e+00   0.0000000e+00  -3.1692719e-02   3.1692719e-02   0.0000000e+00   0.0000000e+00  -3.1692719e-02   3.1692719e-02   3.0000000e+00
  -2.6762005e+00  -2.6738418e+00   0.0000000e+00  -4.7164297e-02   4.7164297e-02   0.0000000e+00   0.0000000e+00  -4.7164297e-02   4.7164297e-02   3.0000000e+00
  -2.6668926e+00  -2.6641580e+00   0.0000000e+00   6.7684801e-02  -6.7684801e-02   0.0000000e+00   0.0000000e+00   6.7684801e-02  -6.7684801e-02   3.0000000e+00
  -2.6668926e+00  -2.6606920e+00   0.0000000e+00   6.6120755e-02  -6.6120755e-02   0.0000000e+00   0.0000000e+00   6.6120755e-02  -6.6120755e-02   3.0000000e+00
  -2.6505025e+00  -2.6552880e+00   0.0000000e+00  -4.9295655e-04   4.9295655e-04   0.0000000e+00   0.0000000e+00  -4.9295655e-04   4.9295655e-04   3.0000000e+00
  -2.6505025e+00  -2.6490376e+00   0.0000000e+00  -8.4486583e-02   8.4486583e-02   0.0000000e+00   0.0000000e+00  -8.4486583e-02   8.4486583e-02   3.0000000e+00
  -2.6442302e+00  -2.6455981e+00   0.0000000e+00  -1.2323464e-02   1.2323464e-02   0.0000000e+00   0.0000000e+00  -1.2323464e-02   1.2323464e-02   3.0000000e+00
  -2.6389016e+00  -2.6413842e+00   0.0000000e+00  -3.2756252e-02   3.2756252e-02   0.0000000e+00   0.0000000e+00  -3.2756252e-02   3.2756252e-02   3.0000000e+00
  -2.6318663e+00  -2.6309064e+00   0.0000000e+00   4.0851567e-02  -4.0851567e-02   0.0000000e+00   0.0000000e+00   4.0851567e-02  -4.0851567e-02   3.0000000e+00
  -2.6248280e+00  -2.6247358e+00   0.0000000e+00  -6.7152605e-02   6.7152605e-02   0.0000000e+00   0.0000000e+00  -6.7152605e-02   6.7152605e-02   3.0000000e+00
  -2.6187653e+00  -2.6166349e+00   0.0000000e+00   2.3468623e-02  -2.3468623e-02   0.0000000e+00   0.0000000e+00   2.3468623e-02  -2.3468623e-02   3.0000000e+00
  -2.6095494e+00  -2.6135171e+00   0.0000000e+00   5.1898996e-02  -5.1898996e-02   0.0000000e+00   0.0000000e+00   5.1898996e-02  -5.1898996e-02   3.0000000e+00
  -2.6086363e+00  -2.6059619e+00   0.0000000e+00   5.4718649e-02  -5.4718649e-02   0.0000000e+00   0.0000000e+00   5.4718649e-02  -5.4718649e-02   3.0000000e+00
  -2.5932704e+00  -2.5995293e+00   0.0000000e+00  -3.5713324e-02   3.5713324e-02   0.0000000e+00   0.0000000e+00  -3.5713324e-02   3.5713324e-02   3.0000000e+00
  -2.5932704e+00  -2.5951615e+00   0.0000000e+00  -5.5313573e-02   5.5313573e-02   0.0000000e+00   0.0000000e+00  -5.5313573e-02   5.5313573e-02   3.0000000e+00
  -2.5904208e+00  -2.5904301e+00   0.0000000e+00  -9.1948034e-02   9.1948034e-02   0.0000000e+00   0.0000000e+00  -9.1948034e-02   9.1948034e-02   3.0000000e+00
  -2.5816706e+00  -2.5811790e+00   0.0000000e+00  -7.4531972e-02   7.4531972e-02   0.0000000e+00   0.0000000e+00  -7.4531972e-02   7.4531972e-02   3.0000000e+00
  -2.5816706e+00  -2.5792751e+00   0.0000000e+00  -7.4982829e-03   7.4982829e-03   0.0000000e+00   0.0000000e+00  -7.4982829e-03   7.4982829e-03   3.0000000e+00
  -2.5763263e+00  -2.5686733e+00   0.0000000e+00   9.4166738e-02  -9.4166738e-02   0.0000000e+00   0.0000000e+00   9.4166738e-02  -9.4166738e-02   3.0000000e+00
  -2.5589099e+00  -2.5671744e+00   0.0000000e+00   9.9068702e-02  -9.9068702e-02   0.0000000e+00   0.0000000e+00   9.9068702e-02  -9.9068702e-02   3.0000000e+00
  -2.5589099e+00  -2.5577878e+00   0.0000000e+00  -7.8264231e-02   7.8264231e-02   0.0000000e+00   0.0000000e+00   7.8264231e-02  -7.8264231e-02   3.0000000e+00
  -2.5564252e+00  -2.5554897e+00   0.0000000e+00  -2.8800282e-02   2.8800282e-02   0.0000000e+00   0.0000000e+00  -2.8800282e-02   2.8800282e-02   3.0000000e+00
  -2.5513774e+00  -2.5508630e+00   0.0000000e+00  -3.2811670e-02   3.2811670e-02   0.0000000e+00   0.0000000e+00  -3.2811670e-02   3.2811670e-02   3.0000000e+00
  -2.5435514e+00  -2.5429380e+00   0.0000000e+00   1.7851192e-02  -1.7851192e-02   0.0000000e+00   0.0000000e+00   1.7851192e-02  -1.7851192e-02   3.0000000e+00
  -2.5377102e+00  -2.5361785e+00   0.0000000e+00   1.0602975e-01  -1.0602975e-01   0.0000000e+00   0.0000000e+00   1.0602975e-01  -1.0602975e-01   3.0000000e+00
  -2.5309156e+00  -2.5308762e+00   0.0000000e+00   8.7811304e-02  -8.7811304e-02   0.0000000e+00   0.0000000e+00   8.7811304e-02  -8.7811304e-02   3.0000000e+00
  -2.5309156e+00  -2.5268169e+00   0.0000000e+00   3.8284023e-02  -3.8284023e-02   0.0000000e+00   0.0000000e+00   3.8284023e-02  -3.8284023e-02   3.0000000e+00
  -2.5206919e+00  -2.5225063e+00   0.0000000e+00   1.9000456e-02  -1.9000456e-02   0.0000000e+00   0.0000000e+00   1.9000456e-02  -1.9000456e-02   3.0000000e+00
  -2.5173257e+00  -2.5162259e+00   0.0000000e+00   4.3865509e-02  -4.3865509e-02   0.0000000e+00   0.0000000e+00   4.3865509e-02  -4.3865509e-02   3.0000000e+00
  -2.5054027e+00  -2.5097779e+00   0.0000000e+00  -1.0260687e-02   1.0260687e-02   0.0000000e+00   0.0000000e+00   1.0260687e-02  -1.0260687e-02   3.0000000e+00
  -2.5018770e+00  -2.5035859e+00   0.0000000e+00  -7.7605922e-02   7.7605922e-02   0.0000000e+00   0.0000000e+00  -7.7605922e-02   7.7605922e-02   3.0000000e+00
  -2.5011541e+00  -2.4987324e+00   0.0000000e+00  -1.4764564e-01   1.4764564e-01   0.0000000e+00   0.0000000e+00  -1.4764564e-01   1.4764564e-01   3.0000000e+00
  -2.4888753e+00  -2.4877578e+00   0.0000000e+00   7.2439541e-03  -7.2439541e-03   0.0000000e+00   0.0000000e+00   7.2439541e-03  -7.2439541e-03   3.0000000e+00
  -2.4841133e+00  -2.4837695e+00   0.0000000e+00  -4.8758168e-03   4.8758168e-03   0.0000000e+00   0.0000000e+00  -4.8758168e-03   4.8758168e-03   3.0000000e+00
  -2.4792888e+00  -2.4796090e+00   0.0000000e+00   1.7729005e-02  -1.7729005e-02   0.0000000e+00   0.0000000e+00   1.7729005e-02  -1.7729005e-02   3.0000000e+00
  -2.4766468e+00  -2.4732185e+00   0.0000000e+00  -1.3079345e-01   1.3079345e-01   0.0000000e+00   0.0000000e+00  -1.3079345e-01   1.3079345e-01   3.0000000e+00
  -2.4766468e+00  -2.4697637e+00   0.0000000e+00   2.9810917e-02  -2.9810917e-02   0.0000000e+00   0.0000000e+00   2.9810917e-02  -2.9810917e-02   3.0000000e+00
  -2.4608976e+00  -2.4636199e+00   0.0000000e+00  -6.6058311e-02   6.6058311e-02   0.0000000e+00   0.0000000e+00  -6.6058311e-02   6.6058311e-02   3.0000000e+00
  -2.4593889e+00  -2.4561619e+00   0.0000000e+00   7.9191049e-02  -7.9191049e-02   0.0000000e+00   0.0000000e+00   7.9191049e-02  -7.9191049e-02   3.0000000e+00
  -2.4523526e+00  -2.4513111e+00   0.0000000e+00  -1.3993801e-01   1.3993801e-01   0.0000000e+00   0.0000000e+00  -1.3993801e-01   1.3993801e-01   3.0000000e+00
  -2.4494305e+00  -2.4490895e+00   0.0000000e+00  -4.7319746e-02   4.7319746e-02   0.0000000e+00   0.0000000e+00  -4.7319746e-02   4.7319746e-02   3.0000000e+00
  -2.4371043e+00  -2.4375622e+00   0.0000000e+00  -1.5757766e-01   1.5757766e-01   0.0000000e+00   0.0000000e+00  -1.5757766e-01   1.5757766e-01   3.0000000e+00
  -2.4371043e+00  -2.4360063e+00   0.0000000e+00   5.0583588e-03  -5.0583588e-03   0.0000000e+00   0.0000000e+00   5.0583588e-03  -5.0583588e-03   3.0000000e+00
  -2.4267061e+00  -2.4256649e+00   0.0000000e+00   1.1172713e-01  -1.1172713e-01   0.0000000e+00   0.0000000e+00   1.1172713e-01  -1.1172713e-01   3.0000000e+00
  -2.4171188e+00  -2.4195005e+00   0.0000000e+00  -1.0558314e-02   1.0558314e-02   0.0000000e+00   0.0000000e+00  -1.0558314e-02   1.0558314e-02   3.0000000e+00
  -2.4171188e+00  -2.4155163e+00   0.0000000e+00   5.8239932e-02  -5.8239932e-02   0.0000000e+00   0.0000000e+00   5.8239932e-02  -5.8239932e-02   3.0000000e+00
  -2.4104276e+00  -2.4134222e+00   0.0000000e+00   2.0146779e-02  -2.0146779e-02   0.0000000e+00   0.0000000e+00   2.0146779e-02  -2.0146779e-02   3.0000000e+00
  -2.4029532e+00  -2.4050462e+00   0.0000000e+00  -4.3953619e-04   4.3953619e-04   0.0000000e+00   0.0000000e+00  -4.3953619e-04   4.3953619e-04   3.0000000e+00
  -2.4024420e+00  -2.4021582e+00   0.0000000e+00   1.2941598e-01  -1.2941598e-01   0.0000000e+00   0.0000000e+00   1.2941598e-01  -1.2941598e-01   3.0000000e+00
  -2.3914703e+00  -2.3949918e+00   0.0000000e+00  -6.0546288e-02   6.0546288e-02   0.0000000e+00   0.0000000e+00  -6.0546288e-02   6.0546288e-02   3.0000000e+00
  -2.3871905e+00  -2.3858851e+00   0.0000000e+00   1.4441762e-01  -1.4441762e-01   0.0000000e+00   0.0000000e+00   1.4441762e-01  -1.4441762e-01   3.0000000e+00
  -2.3871905e+00  -2.3828230e+00   0.0000000e+00  -8.9650308e-02   8.9650308e-02   0.0000000e+00   0.0000000e+00  -8.9650308e-02   8.9650308e-02   3.0000000e+00
  -2.3729748e+00  -2.3774998e+00   0.0000000e+00  -4.8193491e-02   4.8193491e-02   0.0000000e+00   0.0000000e+00  -4.8193491e-02   4.8193491e-02   3.0000000e+00
  -2.3729748e+00  -2.3730891e+00   0.0000000e+00   2.4017240e-02  -2.4017240e-02   0.0000000e+00   0.0000000e+00   2.4017240e-02  -2.4017240e-02   3.0000000e+00
  -2.3664512e+00  -2.3633575e+00   0.0000000e+00   1.3025364e-01  -1.3025364e-01   0.0000000e+00   0.0000000e+00   1.3025364e-01  -1.3025364e-01   3.0000000e+00
  -2.3545341e+00  -2.3558531e+00   0.0000000e+00   1.3313351e-01  -1.3313351e-01   0.0000000e+00   0.0000000e+00   1.3313351e-01  -1.3313351e-01   3.0000000e+00
  -2.3545341e+00  -2.3524952e+00   0.0000000e+00   1.7568934e-01  -1.7568934e-01   0.0000000e+00   0.0000000e+00   1.7568934e-01  -1.7568934e-01   3.0000000e+00
  -2.3475252e+00  -2.3476685e+00   0.0000000e+00  -5.9976239e-02   5.9976239e-02   0.0000000e+00   0.0000000e+00  -5.9976239e-02   5.9976239e-02   3.0000000e+00
  -2.3475252e+00  -2.3433661e+00   0.0000000e+00  -1.2444198e-01   1.2444198e-01   0.0000000e+00   0.0000000e+00  -1.2444198e-01   1.2444198e-01   3.0000000e+00
  -2.3384102e+00  -2.3385585e+00   0.0000000e+00  -1.3068691e-01   1.3068691e-01   0.0000000e+00   0.0000000e+00  -1.3068691e-01   1.3068691e-01   3.0000000e+00
  -2.3299393e+00  -2.3303338e+00   0.0000000e+00   1.5643531e-01  -1.5643531e-01   0.0000000e+00   0.0000000e+00   1.5643531e-01  -1.5643531e-01   3.0000000e+00
  -2.3239495e+00  -2.3250070e+00   0.0000000e+00  -1.0075786e-01   1.0075786e-01   0.0000000e+00   0.0000000e+00   1.0075786e-01  -1.0075786e-01   3.0000000e+00
  -2.3189999e+00  -2.3177139e+00   0.0000000e+00  -6.0907972e-02   6.0907972e-02   0.0000000e+00   0.0000000e+00  -6.0907972e-02   6.0907972e-02   3.0000000e+00
  -2.3189999e+00  -2.3134146e+00   0.0000000e+00  -1.1950851e-02   1.1950851e-02   0.0000000e+00   0.0000000e+00  -1.1950851e-02   1.1950851e-02   3.0000000e+00
  -2.3054311e+00  -2.3117370e+00   0.0000000e+00  -2.0579107e-01   2.0579107e-01   0.0000000e+00   0.0000000e+00  -2.0579107e-01   2.0579107e-01   3.0000000e+00
  -2.3015487e+00  -2.3006595e+00   0.0000000e+00  -1.0349573e-01   1.0349573e-01   0.0000000e+00   0.0000000e+00  -1.0349573e-01   1.0349573e-01   3.0000000e+00
  -2.2959254e+00  -2.2962562e+00   0.0000000e+00  -8.3367731e-03   8.3367731e-03   0.0000000e+00   0.0000000e+00  -8.3367731e-03   8.3367731e-03   3.0000000e+00
  -2.2925762e+00  -2.2903842e+00   0.0000000e+00   1.4821510e-01  -1.4821510e-01   0.0000000e+00   0.0000000e+00   1.4821510e-01  -1.4821510e-01   3.0000000e+00
  -2.2925762e+00  -2.2884344e+00   0.0000000e+00  -9.1184995e-02   9.1184995e-02   0.0000000e+00   0.0000000e+00  -9.1184995e-02   9.1184995e-02   3.0000000e+00
  -2.2764840e+00  -2.2836542e+00   0.0000000e+00  -8.7237252e-02   8.7237252e-02   0.0000000e+00   0.0000000e+00  -8.7237252e-02   8.7237252e-02   3.0000000e+00
  -2.2764840e+00  -2.2748098e+00   0.0000000e+00  -2.5254147e-01   2.5254147e-01   0.0000000e+00   0.0000000e+00  -2.5254147e-01   2.5254147e-01   3.0000000e+00
  -2.2720216e+00  -2.2729461e+00   0.0000000e+00   1.7633539e-01  -1.7633539e-01   0.0000000e+00   0.0000000e+00   1.7633539e-01  -1.7633539e-01   3.0000000e+00
  -2.2627333e+00  -2.2639948e+00   0.0000000e+00   8.3880228e-02  -8.3880228e-02   0.0000000e+00   0.0000000e+00   8.3880228e-02  -8.3880228e-02   3.0000000e+00
  -2.2625903e+00  -2.2602278e+00   0.0000000e+00   6.6541011e-02  -6.6541011e-02   0.0000000e+00   0.0000000e+00   6.6541011e-02  -6.6541011e-02   3.0000000e+00
  -2.2527892e+00  -2.2545689e+00   0.0000000e+00   6.3364209e-03  -6.3364209e-03   0.0000000e+00   0.0000000e+00   6.3364209e-03  -6.3364209e-03   3.0000000e+00
  -2.2415032e+00  -2.2468457e+00   0.0000000e+00  -2.1761075e-02   2.1761075e-02   0.0000000e+00   0.0000000e+00  -2.1761075e-02   2.1761075e-02   3.0000000e+00
  -2.2415032e+00  -2.2422712e+00   0.0000000e+00  -2.8611689e-02   2.8611689e-02   0.0000000e+00   0.0000000e+00  -2.8611689e-02   2.8611689e-02   3.0000000e+00
  -2.2354785e+00  -2.2356912e+00   0.0000000e+00  -3.7734630e-02   3.7734630e-02   0.0000000e+00   0.0000000e+00  -3.7734630e-02   3.7734630e-02   3.0000000e+00
  -2.2314384e+00  -2.2309791e+00   0.0000000e+00  -6.4378278e-03   6.4378278e-03   0.0000000e+00   0.0000000e+00  -6.4378278e-03   6.4378278e-03   3.0000000e+00
  -2.2279688e+00  -2.2272187e+00   0.0000000e+00   6.0002416e-02  -6.0002416e-02   0.0000000e+00   0.0000000e+00   6.0002416e-02  -6.0002416e-02   3.0000000e+00
  -2.2207347e+00  -2.2192415e+00   0.0000000e+00   1.6205672e-01  -1.6205672e-01   0.0000000e+00   0.0000000e+00   1.6205672e-01  -1.6205672e-01   3.0000000e+00
  -2.2137717e+00  -2.2143100e+00   0.0000000e+00  -9.6350563e-02   9.6350563e-02   0.0000000e+00   0.0000000e+00  -9.6350563e-02   9.6350563e-02   3.0000000e+00
  -2.2087375e+00  -2.2101659e+00   0.0000000e+00  -1.1852785e-01   1.1852785e-01   0.0000000e+00   0.0000000e+00  -1.1852785e-01   1.1852785e-01   3.0000000e+00
  -2.1974744e+00  -2.1997190e+00   0.0000000e+00   1.7759841e-02  -1.7759841e-02   0.0000000e+00   0.0000000e+00   1.7759841e-02  -1.7759841e-02   3.0000000e+00
  -2.1916792e+00  -2.1941099e+00   0.0000000e+00  -1.0527077e-02   1.0527077e-02   0.0000000e+00   0.0000000e+00  -1.0527077e-02   1.0527077e-02   3.0000000e+00
  -2.1916792e+00  -2.1895284e+00   0.0000000e+00  -3.4021888e-02   3.4021888e-02   0.0000000e+00   0.0000000e+00  -3.4021888e-02   3.4021888e-02   3.0000000e+00
  -2.1814807e+00  -2.1811317e+00   0.0000000e+00   5.5557075e-02  -5.5557075e-02   0.0000000e+00   0.0000000e+00   5.5557075e-02  -5.5557075e-02   3.0000000e+00
  -2.1814807e+00  -2.1767278e+00   0.0000000e+00   4.2393932e-03  -4.2393932e-03   0.0000000e+00   0.0000000e+00   4.2393932e-03  -4.2393932e-03   3.0000000e+00
  -2.1814807e+00  -2.1761832e+00   0.0000000e+00  -1.4006037e-01   1.4006037e-01   0.0000000e+00   0.0000000e+00  -1.4006037e-01   1.4006037e-01   3.0000000e+00
  -2.1661703e+00  -2.1664545e+00   0.0000000e+00   1.1067442e-01  -1.1067442e-01   0.0000000e+00   0.0000000e+00   1.1067442e-01  -1.1067442e-01   3.0000000e+00
  -2.1632396e+00  -2.1633154e+00   0.0000000e+00   6.4376795e-03  -6.4376795e-03   0.0000000e+00   0.0000000e+00   6.4376795e-03  -6.4376795e-03   3.0000000e+00
  -2.1547541e+00  -2.1577666e+00   0.0000000e+00  -1.8490227e-01   1.8490227e-01   0.0000000e+00   0.0000000e+00  -1.8490227e-01   1.8490227e-01   3.0000000e+00
  -2.1543824e+00  -2.1526600e+00   0.0000000e+00   3.0034635e-02  -3.0034635e-02   0.0000000e+00   0.0000000e+00   3.0034635e-02  -3.0034635e-02   3.0000000e+00
  -2.1439871e+00  -2.1486466e+00   0.0000000e+00   1.3568843e-01  -1.3568843e-01   0.0000000e+00   0.0000000e+00   1.3568843e-01  -1.3568843e-01   3.0000000e+00
  -2.1439871e+00  -2.1401376e+00   0.0000000e+00   1.5280232e-01  -1.5280232e-01   0.0000000e+00   0.0000000e+00   1.5280232e-01  -1.5280232e-01   3.0000000e+00
  -2.1350850e+00  -2.1363084e+00   0.0000000e+00  -7.1268717e-02   7.1268717e-02   0.0000000e+00   0.0000000e+00  -7.1268717e-02   7.1268717e-02   3.0000000e+00
  -2.1334863e+00  -2.1312078e+00   0.0000000e+00   1.1337750e-01  -1.1337750e-01   0.0000000e+00   0.0000000e+00   1.1337750e-01  -1.1337750e-01   3.0000000e+00
  -2.1250020e+00  -2.1260595e+00   0.0000000e+00   1.4138544e-01  -1.4138544e-01   0.0000000e+00   0.0000000e+00   1.4138544e-01  -1.4138544e-01   3.0000000e+00
  -2.1144695e+00  -2.1185133e+00   0.0000000e+00   1.4060063e-01  -1.4060063e-01   0.0000000e+00   0.0000000e+00   1.4060063e-01  -1.4060063e-01   3.0000000e+00
  -2.1144695e+00  -2.1102048e+00   0.0000000e+00   1.4883438e-01  -1.4883438e-01   0.0000000e+00   0.0000000e+00   1.4883438e-01  -1.4883438e-01   3.0000000e+00
  -2.1144695e+00  -2.1094732e+00   0.0000000e+00   5.4954478e-02  -5.4954478e-02   0.0000000e+00   0.0000000e+00   5.4954478e-02  -5.4954478e-02   3.0000000e+00
  -2.1030566e+00  -2.1023449e+00   0.0000000e+00  -1.4682122e-01   1.4682122e-01   0.0000000e+00   0.0000000e+00  -1.4682122e-01   1.4682122e-01   3.0000000e+00
  -2.0983141e+00  -2.0982625e+00   0.0000000e+00  -6.8693001e-02   6.8693001e-02   0.0000000e+00   0.0000000e+00  -6.8693001e-02   6.8693001e-02   3.0000000e+00
  -2.0942192e+00  -2.0929374e+00   0.0000000e+00  -9.1869650e-02   9.1869650e-02   0.0000000e+00   0.0000000e+00  -9.1869650e-02   9.1869650e-02   3.0000000e+00
  -2.0873243e+00  -2.0898932e+00   0.0000000e+00  -1.4877138e-01   1.4877138e-01   0.0000000e+00   0.0000000e+00  -1.4877138e-01   1.4877138e-01   3.0000000e+00
  -2.0846292e+00  -2.0810298e+00   0.0000000e+00   9.0879398e-02  -9.0879398e-02   0.0000000e+00   0.0000000e+00   9.0879398e-02  -9.0879398e-02   3.0000000e+00
  -2.0739181e+00  -2.0759645e+00   0.0000000e+00  -5.0251267e-02   5.0251267e-02   0.0000000e+00   0.0000000e+00  -5.0251267e-02   5.0251267e-02   3.0000000e+00
  -2.0690784e+00  -2.0692151e+00   0.0000000e+00  -3.9443866e-02   3.9443866e-02   0.0000000e+00   0.0000000e+00  -3.9443866e-02   3.9443866e-02   3.0000000e+00
  -2.0598209e+00  -2.0633899e+00   0.0000000e+00  -1.7106579e-01   1.7106579e-01   0.0000000e+00   0.0000000e+00  -1.7106579e-01   1.7106579e-01   3.0000000e+00
  -2.0598209e+00  -2.0591965e+00   0.0000000e+00  -9.4077401e-02   9.4077401e-02   0.0000000e+00   0.0000000e+00  -9.4077401e-02   9.4077401e-02   3.0000000e+00
  -2.0531902e+00  -2.0544155e+00   0.0000000e+00   1.7630983e-01  -1.7630983e-01   0.0000000e+00   0.0000000e+00   1.7630983e-01  -1.7630983e-01   3.0000000e+00
  -2.0427408e+00  -2.0459086e+00   0.0000000e+00   1.1898332e-02  -1.1898332e-02   0.0000000e+00   0.0000000e+00   1.1898332e-02  -1.1898332e-02   3.0000000e+00
  -2.0427408e+00  -2.0405175e+00   0.0000000e+00   7.2941199e-03  -7.2941199e-03   0.0000000e+00   0.0000000e+00   7.2941199e-03  -7.2941199e-03   3.0000000e+00
  -2.0358554e+00  -2.0357431e+00   0.0000000e+00  -2.0522070e-01   2.0522070e-01   0.0000000e+00   0.0000000e+00  -2.0522070e-01   2.0522070e-01   3.0000000e+00
  -2.0295638e+00  -2.0304655e+00   0.0000000e+00  -2.8993198e-02   2.8993198e-02   0.0000000e+00   0.0000000e+00  -2.8993198e-02   2.8993198e-02   3.0000000e+00
  -2.0295638e+00  -2.0277520e+00   0.0000000e+00  -2.3691156e-01   2.3691156e-01   0.0000000e+00   0.0000000e+00  -2.3691156e-01   2.3691156e-01   3.0000000e+00
  -2.0209195e+00  -2.0204874e+00   0.0000000e+00  -9.5292893e-02   9.5292893e-02   0.0000000e+00   0.0000000e+00  -9.5292893e-02   9.5292893e-02   3.0000000e+00
  -2.0209195e+00  -2.0190661e+00   0.0000000e+00   1.5545702e-02  -1.5545702e-02   0.0000000e+00   0.0000000e+00   1.5545702e-02  -1.5545702e-02   3.0000000e+00
  -2.0113098e+00  -2.0104029e+00   0.0000000e+00   1.0486101e-01  -1.0486101e-01   0.0000000e+00   0.0000000e+00   1.0486101e-01  -1.0486101e-01   3.0000000e+00
  -2.0079872e+00  -2.0055507e+00   0.0000000e+00   1.4096828e-01  -1.4096828e-01   0.0000000e+00   0.0000000e+00   1.4096828e-01  -1.4096828e-01   3.0000000e+00
  -1.9948548e+00  -1.9964863e+00   0.0000000e+00  -1.1513318e-01   1.1513318e-01   0.0000000e+00   0.0000000e+00  -1.1513318e-01   1.1513318e-01   3.0000000e+00
  -1.9879800e+00  -1.9904779e+00   0.0000000e+00  -2.4230778e-02   2.4230778e-02   0.0000000e+00   0.0000000e+00  -2.4230778e-02   2.4230778e-02   3.0000000e+00
  -1.9879800e+00  -1.9882347e+00   0.0000000e+00  -4.1176255e-02   4.1176255e-02   0.0000000e+00   0.0000000e+00   4.1176255e-02  -4.1176255e-02   3.0000000e+00
  -1.9818424e+00  -1.9827303e+00   0.0000000e+00   4.1828448e-01  -4.1828448e-01   0.0000000e+00   0.0000000e+00   4.1828448e-01  -4.1828448e-01   3.0000000e+00
  -1.9742372e+00  -1.9769680e+00   0.0000000e+00   7.8004759e-02  -7.8004759e-02   0.0000000e+00   0.0000000e+00   7.8004759e-02  -7.8004759e-02   3.0000000e+00
  -1.9640026e+00  -1.9686993e+00   0.0000000e+00  -2.9373935e-02   2.9373935e-02   0.0000000e+00   0.0000000e+00  -2.9373935e-02   2.9373935e-02   3.0000000e+00
  -1.9640026e+00  -1.9656265e+00   0.0000000e+00  -1.4046783e-01   1.4046783e-01   0.0000000e+00   0.0000000e+00  -1.4046783e-01   1.4046783e-01   3.0000000e+00
  -1.9605578e+00  -1.9614860e+00   0.0000000e+00  -1.0078405e-01   1.0078405e-01   0.0000000e+00   0.0000000e+00  -1.0078405e-01   1.0078405e-01   3.0000000e+00
  -1.9605578e+00  -1.9594124e+00   0.0000000e+00  -2.6154228e-02   2.6154228e-02   0.0000000e+00   0.0000000e+00  -2.6154228e-02   2.6154228e-02   3.0000000e+00
  -1.9455461e+00  -1.9472209e+00   0.0000000e+00   1.5624801e-02  -1.5624801e-02   0.0000000e+00   0.0000000e+00   1.5624801e-02  -1.5624801e-02   3.0000000e+00
  -1.9441570e+00  -1.9424889e+00   0.0000000e+00   2.1352712e-01  -2.1352712e-01   0.0000000e+00   0.0000000e+00   2.1352712e-01  -2.1352712e-01   3.0000000e+00
  -1.9389721e+00  -1.9414136e+00   0.0000000e+00   6.7046163e-02  -6.7046163e-02   0.0000000e+00   0.0000000e+00   6.7046163e-02  -6.7046163e-02   3.0000000e+00
  -1.9350968e+00  -1.9322491e+00   0.0000000e+00  -2.3152409e-02   2.3152409e-02   0.0000000e+00   0.0000000e+00  -2.3152409e-02   2.3152409e-02   3.0000000e+00
  -1.9264023e+00  -1.9244808e+00   0.0000000e+00   2.9108890e-01  -2.9108890e-01   0.0000000e+00   0.0000000e+00   2.9108890e-01  -2.9108890e-01   3.0000000e+00
  -1.9194570e+00  -1.9185864e+00   0.0000000e+00  -2.1970747e-01   2.1970747e-01   0.0000000e+00   0.0000000e+00  -2.1970747e-01   2.1970747e-01   3.0000000e+00
  -1.9194570e+00  -1.9170635e+00   0.0000000e+00   2.0155590e-01  -2.0155590e-01   0.0000000e+00   0.0000000e+00   2.0155590e-01  -2.0155590e-01   3.0000000e+00
  -1.9140416e+00  -1.9138979e+00   0.0000000e+00  -1.0091966e-02   1.0091966e-02   0.0000000e+00   0.0000000e+00  -1.0091966e-02   1.0091966e-02   3.0000000e+00
  -1.9090813e+00  -1.9058009e+00   0.0000000e+00   1.5657225e-01  -1.5657225e-01   0.0000000e+00   0.0000000e+00   1.5657225e-01  -1.5657225e-01   3.0000000e+00
  -1.8914990e+00  -1.8967373e+00   0.0000000e+00   1.0059790e-01  -1.0059790e-01   0.0000000e+00   0.0000000e+00   1.0059790e-01  -1.0059790e-01   3.0000000e+00
  -1.8914990e+00  -1.8931160e+00   0.0000000e+00  -2.2053083e-01   2.2053083e-01   0.0000000e+00   0.0000000e+00  -2.2053083e-01   2.2053083e-01   3.0000000e+00
  -1.8892843e+00  -1.8891831e+00   0.0000000e+00  -4.8612497e-01   4.8612497e-01   0.0000000e+00   0.0000000e+00  -4.8612497e-01   4.8612497e-01   3.0000000e+00
  -1.8869702e+00  -1.8875190e+00   0.0000000e+00  -4.3282410e-02   4.3282410e-02   0.0000000e+00   0.0000000e+00  -4.3282410e-02   4.3282410e-02   3.0000000e+00
  -1.8869702e+00  -1.8858015e+00   0.0000000e+00   5.8245453e-02  -5.8245453e-02   0.0000000e+00   0.0000000e+00   5.8245453e-02  -5.8245453e-02   3.0000000e+00
  -1.8721665e+00  -1.8722785e+00   0.0000000e+00   2.0304557e-02  -2.0304557e-02   0.0000000e+00   0.0000000e+00   2.0304557e-02  -2.0304557e-02   3.0000000e+00
  -1.8638717e+00  -1.8646180e+00   0.0000000e+00  -5.5863686e-02   5.5863686e-02   0.0000000e+00   0.0000000e+00  -5.5863686e-02   5.5863686e-02   3.0000000e+00
  -1.8638717e+00  -1.8637740e+00   0.0000000e+00  -6.7973535e-02   6.7973535e-02   0.0000000e+00   0.0000000e+00  -6.7973535e-02   6.7973535e-02   3.0000000e+00
  -1.8625878e+00  -1.8595641e+00   0.0000000e+00  -7.7727183e-02   7.7727183e-02   0.0000000e+00   0.0000000e+00  -7.7727183e-02   7.7727183e-02   3.0000000e+00
  -1.8487039e+00  -1.8530421e+00   0.0000000e+00   1.8024954e-01  -1.8024954e-01   0.0000000e+00   0.0000000e+00   1.8024954e-01  -1.8024954e-01   3.0000000e+00
  -1.8482669e+00  -1.8436227e+00   0.0000000e+00  -2.1261082e-01   2.1261082e-01   0.0000000e+00   0.0000000e+00  -2.1261082e-01   2.1261082e-01   3.0000000e+00
  -1.8387015e+00  -1.8416049e+00   0.0000000e+00   3.6111664e-01  -3.6111664e-01   0.0000000e+00   0.0000000e+00   3.6111664e-01  -3.6111664e-01   3.0000000e+00
  -1.8387015e+00  -1.8384169e+00   0.0000000e+00   3.6304998e-02  -3.6304998e-02   0.0000000e+00   0.0000000e+00   3.6304998e-02  -3.6304998e-02   3.0000000e+00
  -1.8364436e+00  -1.8341969e+00   0.0000000e+00  -8.6280911e-02   8.6280911e-02   0.0000000e+00   0.0000000e+00  -8.6280911e-02   8.6280911e-02   3.0000000e+00
  -1.8280994e+00  -1.8286439e+00   0.0000000e+00   2.0274095e-01  -2.0274095e-01   0.0000000e+00   0.0000000e+00   2.0274095e-01  -2.0274095e-01   3.0000000e+00
  -1.8274263e+00  -1.8234876e+00   0.0000000e+00  -3.7970805e-01   3.7970805e-01   0.0000000e+00   0.0000000e+00  -3.7970805e-01   3.7970805e-01   3.0000000e+00
  -1.8152777e+00  -1.8151060e+00   0.0000000e+00  -3.0864856e-02   3.0864856e-02   0.0000000e+00   0.0000000e+00  -3.0864856e-02   3.0864856e-02   3.0000000e+00
  -1.8115495e+00  -1.8125765e+00   0.0000000e+00  -1.0921103e-01   1.0921103e-01   0.0000000e+00   0.0000000e+00  -1.0921103e-01   1.0921103e-01   3.0000000e+00
  -1.8052605e+00  -1.8064489e+00   0.0000000e+00  -9.1123408e-02   9.1123408e-02   0.0000000e+00   0.0000000e+00  -9.1123408e-02   9.1123408e-02   3.0000000e+00
  -1.7982208e+00  -1.8016106e+00   0.0000000e+00   1.2880104e-01  -1.2880104e-01   0.0000000e+00   0.0000000e+00   1.2880104e-01  -1.2880104e-01   3.0000000e+00
  -1.7975665e+00  -1.7948192e+00   0.0000000e+00   3.3469934e-01  -3.3469934e-01   0.0000000e+00   0.0000000e+00   3.3469934e-01  -3.3469934e-01   3.0000000e+00
  -1.7849597e+00  -1.7848582e+00   0.0000000e+00  -3.4654102e-03   3.4654102e-03   0.0000000e+00   0.0000000e+00  -3.4654102e-03   3.4654102e-03   3.0000000e+00
  -1.7795870e+00  -1.7806940e+00   0.0000000e+00   2.6168909e-01  -2.6168909e-01   0.0000000e+00   0.0000000e+00   2.6168909e-01  -2.6168909e-01   3.0000000e+00
  -1.7795870e+00  -1.7791238e+00   0.0000000e+00  -2.2525736e-01   2.2525736e-01   0.0000000e+00   0.0000000e+00  -2.2525736e-01   2.2525736e-01   3.0000000e+00
  -1.7694642e+00  -1.7700191e+00   0.0000000e+00  -1.2405183e-01   1.2405183e-01   0.0000000e+00   0.0000000e+00  -1.2405183e-01   1.2405183e-01   3.0000000e+00
  -1.7620543e+00  -1.7619771e+00   0.0000000e+00  -1.4446165e-02   1.4446165e-02   0.0000000e+00   0.0000000e+00  -1.4446165e-02   1.4446165e-02   3.0000000e+00
  -1.7620543e+00  -1.7614285e+00   0.0000000e+00   7.0902164e-02  -7.0902164e-02   0.0000000e+00   0.0000000e+00   7.0902164e-02  -7.0902164e-02   3.0000000e+00
  -1.7521463e+00  -1.7522711e+00   0.0000000e+00  -9.1394380e-02   9.1394380e-02   0.0000000e+00   0.0000000e+00  -9.1394380e-02   9.1394380e-02   3.0000000e+00
  -1.7521463e+00  -1.7508577e+00   0.0000000e+00  -4.7957725e-01   4.7957725e-01   0.0000000e+00   0.0000000e+00  -4.7957725e-01   4.7957725e-01   3.0000000e+00
  -1.7401325e+00  -1.7443810e+00   0.0000000e+00  -1.7899153e-01   1.7899153e-01   0.0000000e+00   0.0000000e+00  -1.7899153e-01   1.7899153e-01   3.0000000e+00
  -1.7401325e+00  -1.7401736e+00   0.0000000e+00   1.9532078e-02  -1.9532078e-02   0.0000000e+00   0.0000000e+00   1.9532078e-02  -1.9532078e-02   3.0000000e+00
  -1.7373209e+00  -1.7384284e+00   0.0000000e+00   1.5297315e-01  -1.5297315e-01   0.0000000e+00   0.0000000e+00   1.5297315e-01  -1.5297315e-01   3.0000000e+00
  -1.7303880e+00  -1.7291747e+00   0.0000000e+00   1.8532635e-01  -1.8532635e-01   0.0000000e+00   0.0000000e+00   1.8532635e-01  -1.8532635e-01   3.0000000e+00
  -1.7253005e+00  -1.7261894e+00   0.0000000e+00  -3.3064439e-03   3.3064439e-03   0.0000000e+00   0.0000000e+00  -3.3064439e-03   3.3064439e-03   3.0000000e+00
  -1.7239771e+00  -1.7178571e+00   0.0000000e+00  -4.9014296e-02   4.9014296e-02   0.0000000e+00   0.0000000e+00  -4.9014296e-02   4.9014296e-02   3.0000000e+00
  -1.7085862e+00  -1.7077150e+00   0.0000000e+00   1.2574654e-01  -1.2574654e-01   0.0000000e+00   0.0000000e+00   1.2574654e-01  -1.2574654e-01   3.0000000e+00
  -1.7042740e+00  -1.7044420e+00   0.0000000e+00   3.7192506e-02  -3.7192506e-02   0.0000000e+00   0.0000000e+00   3.7192506e-02  -3.7192506e-02   3.0000000e+00
  -1.7042740e+00  -1.7027962e+00   0.0000000e+00   3.7419309e-01  -3.7419309e-01   0.0000000e+00   0.0000000e+00   3.7419309e-01  -3.7419309e-01   3.0000000e+00
  -1.6971896e+00  -1.6983450e+00   0.0000000e+00   2.5377069e-01  -2.5377069e-01   0.0000000e+00   0.0000000e+00   2.5377069e-01  -2.5377069e-01   3.0000000e+00
  -1.6903809e+00  -1.6935087e+00   0.0000000e+00  -9.7370390e-02   9.7370390e-02   0.0000000e+00   0.0000000e+00  -9.7370390e-02   9.7370390e-02   3.0000000e+00
  -1.6903809e+00  -1.6886881e+00   0.0000000e+00   1.0255722e-01  -1.0255722e-01   0.0000000e+00   0.0000000e+00   1.0255722e-01  -1.0255722e-01   3.0000000e+00
  -1.6832876e+00  -1.6834349e+00   0.0000000e+00   5.7759763e-03  -5.7759763e-03   0.0000000e+00   0.0000000e+00   5.7759763e-03  -5.7759763e-03   3.0000000e+00
  -1.6832876e+00  -1.6798295e+00   0.0000000e+00   5.9415936e-03  -5.9415936e-03   0.0000000e+00   0.0000000e+00   5.9415936e-03  -5.9415936e-03   3.0000000e+00
  -1.6684155e+00  -1.6699220e+00   0.0000000e+00   2.6001672e-02  -2.6001672e-02   0.0000000e+00   0.0000000e+00   2.6001672e-02  -2.6001672e-02   3.0000000e+00
  -1.6684155e+00  -1.6678743e+00   0.0000000e+00   8.3120480e-02  -8.3120480e-02   0.0000000e+00   0.0000000e+00   8.3120480e-02  -8.3120480e-02   3.0000000e+00
  -1.6636127e+00  -1.6636067e+00   0.0000000e+00  -2.8744786e-06   2.8744786e-06   0.0000000e+00   0.0000000e+00  -2.8744786e-06   2.8744786e-06   3.0000000e+00
  -1.6527234e+00  -1.6535866e+00   0.0000000e+00  -3.8153450e-01   3.8153450e-01   0.0000000e+00   0.0000000e+00  -3.8153450e-01   3.8153450e-01   3.0000000e+00
  -1.6518123e+00  -1.6491270e+00   0.0000000e+00   1.8273767e-01  -1.8273767e-01   0.0000000e+00   0.0000000e+00   1.8273767e-01  -1.8273767e-01   3.0000000e+00
  -1.6436167e+00  -1.6439443e+00   0.0000000e+00  -9.6545678e-02   9.6545678e-02   0.0000000e+00   0.0000000e+00  -9.6545678e-02   9.6545678e-02   3.0000000e+00
  -1.6415758e+00  -1.6424644e+00   0.0000000e+00   3.7577177e-01  -3.7577177e-01   0.0000000e+00   0.0000000e+00   3.7577177e-01  -3.7577177e-01   3.0000000e+00
  -1.6415758e+00  -1.6399897e+00   0.0000000e+00  -2.9791304e-02   2.9791304e-02   0.0000000e+00   0.0000000e+00  -2.9791304e-02   2.9791304e-02   3.0000000e+00
  -1.6221408e+00  -1.6242638e+00   0.0000000e+00  -2.4953055e-01   2.4953055e-01   0.0000000e+00   0.0000000e+00  -2.4953055e-01   2.4953055e-01   3.0000000e+00
  -1.6221408e+00  -1.6221272e+00   0.0000000e+00  -8.3203151e-04   8.3203151e-04   0.0000000e+00   0.0000000e+00  -8.3203151e-04   8.3203151e-04   3.0000000e+00
  -1.6191359e+00  -1.6157207e+00   0.0000000e+00  -2.1719239e-01   2.1719239e-01   0.0000000e+00   0.0000000e+00  -2.1719239e-01   2.1719239e-01   3.0000000e+00
  -1.6095557e+00  -1.6094686e+00   0.0000000e+00  -2.3440244e-01   2.3440244e-01   0.0000000e+00   0.0000000e+00  -2.3440244e-01   2.3440244e-01   3.0000000e+00
  -1.6095557e+00  -1.6077763e+00   0.0000000e+00  -8.5072351e-02   8.5072351e-02   0.0000000e+00   0.0000000e+00  -8.5072351e-02   8.5072351e-02   3.0000000e+00
  -1.6034688e+00  -1.6034342e+00   0.0000000e+00  -1.3575540e-01   1.3575540e-01   0.0000000e+00   0.0000000e+00  -1.3575540e-01   1.3575540e-01   3.0000000e+00
  -1.6015600e+00  -1.6021391e+00   0.0000000e+00  -4.0903425e-01   4.0903425e-01   0.0000000e+00   0.0000000e+00  -4.0903425e-01   4.0903425e-01   3.0000000e+00
  -1.5942879e+00  -1.5920334e+00   0.0000000e+00   2.5098917e-01  -2.5098917e-01   0.0000000e+00   0.0000000e+00   2.5098917e-01  -2.5098917e-01   3.0000000e+00
  -1.5856662e+00  -1.5860636e+00   0.0000000e+00  -3.5001394e-02   3.5001394e-02   0.0000000e+00   0.0000000e+00  -3.5001394e-02   3.5001394e-02   3.0000000e+00
  -1.5856112e+00  -1.5856110e+00   0.0000000e+00   2.6887633e-05  -2.6887633e-05   0.0000000e+00   0.0000000e+00   2.6887633e-05  -2.6887633e-05   3.0000000e+00
  -1.5827006e+00  -1.5821830e+00   0.0000000e+00  -1.0831380e-01   1.0831380e-01   0.0000000e+00   0.0000000e+00  -1.0831380e-01   1.0831380e-01   3.0000000e+00
  -1.5684082e+00  -1.5719110e+00   0.0000000e+00   3.0341883e-01  -3.0341883e-01   0.0000000e+00   0.0000000e+00   3.0341883e-01  -3.0341883e-01   3.0000000e+00
  -1.5645725e+00  -1.5639249e+00   0.0000000e+00  -1.1919340e-02   1.1919340e-02   0.0000000e+00   0.0000000e+00  -1.1919340e-02   1.1919340e-02   3.0000000e+00
  -1.5598349e+00  -1.5600574e+00   0.0000000e+00   1.2376441e-01  -1.2376441e-01   0.0000000e+00   0.0000000e+00   1.2376441e-01  -1.2376441e-01   3.0000000e+00
  -1.5594914e+00  -1.5579205e+00   0.0000000e+00   5.2007880e-01  -5.2007880e-01   0.0000000e+00   0.0000000e+00   5.2007880e-01  -5.2007880e-01   3.0000000e+00
  -1.5558722e+00  -1.5520586e+00   0.0000000e+00  -7.9280179e-01   7.9280179e-01   0.0000000e+00   0.0000000e+00  -7.9280179e-01   7.9280179e-01   3.0000000e+00
  -1.5558722e+00  -1.5490368e+00   0.0000000e+00   3.0534374e-01  -3.0534374e-01   0.0000000e+00   0.0000000e+00   3.0534374e-01  -3.0534374e-01   3.0000000e+00
  -1.5383314e+00  -1.5383336e+00   0.0000000e+00   1.3869864e-04  -1.3869864e-04   0.0000000e+00   0.0000000e+00   1.3869864e-04  -1.3869864e-04   3.0000000e+00
  -1.5312318e+00  -1.5339372e+00   0.0000000e+00   1.4958662e-02  -1.4958662e-02   0.0000000e+00   0.0000000e+00   1.4958662e-02  -1.4958662e-02   3.0000000e+00
  -1.5225908e+00  -1.5262805e+00   0.0000000e+00  -1.0175219e-01   1.0175219e-01   0.0000000e+00   0.0000000e+00  -1.0175219e-01   1.0175219e-01   3.0000000e+00
  -1.5225908e+00  -1.5235316e+00   0.0000000e+00   6.7592815e-02  -6.7592815e-02   0.0000000e+00   0.0000000e+00   6.7592815e-02  -6.7592815e-02   3.0000000e+00
  -1.5208354e+00  -1.5209160e+00   0.0000000e+00   4.3704070e-03  -4.3704070e-03   0.0000000e+00   0.0000000e+00   4.3704070e-03  -4.3704070e-03   3.0000000e+00
  -1.5149196e+00  -1.5135442e+00   0.0000000e+00   2.8315143e-01  -2.8315143e-01   0.0000000e+00   0.0000000e+00   2.8315143e-01  -2.8315143e-01   3.0000000e+00
  -1.5061102e+00  -1.5061104e+00   0.0000000e+00  -4.6658657e-05   4.6658657e-05   0.0000000e+00   0.0000000e+00  -4.6658657e-05   4.6658657e-05   3.0000000e+00
  -1.5061102e+00  -1.5048650e+00   0.0000000e+00  -6.7649132e-02   6.7649132e-02   0.0000000e+00   0.0000000e+00  -6.7649132e-02   6.7649132e-02   3.0000000e+00
  -1.5010819e+00  -1.5008500e+00   0.0000000e+00   1.5104003e-02  -1.5104003e-02   0.0000000e+00   0.0000000e+00   1.5104003e-02  -1.5104003e-02   3.0000000e+00
  -1.4951638e+00  -1.4955857e+00   0.0000000e+00   1.2537658e-01  -1.2537658e-01   0.0000000e+00   0.0000000e+00   1.2537658e-01  -1.2537658e-01   3.0000000e+00
  -1.4801287e+00  -1.4853419e+00   0.0000000e+00  -2.1350535e-01   2.1350535e-01   0.0000000e+00   0.0000000e+00  -2.1350535e-01   2.1350535e-01   3.0000000e+00
  -1.4801287e+00  -1.4800278e+00   0.0000000e+00   5.5147375e-02  -5.5147375e-02   0.0000000e+00   0.0000000e+00   5.5147375e-02  -5.5147375e-02   3.0000000e+00
  -1.4747389e+00  -1.4745046e+00   0.0000000e+00  -1.3823988e-02   1.3823988e-02   0.0000000e+00   0.0000000e+00  -1.3823988e-02   1.3823988e-02   3.0000000e+00
  -1.4706658e+00  -1.4719447e+00   0.0000000e+00   6.7344606e-01  -6.7344606e-01   0.0000000e+00   0.0000000e+00   6.7344606e-01  -6.7344606e-01   3.0000000e+00
  -1.4706658e+00  -1.4678625e+00   0.0000000e+00  -1.3290854e-01   1.3290854e-01   0.0000000e+00   0.0000000e+00  -1.3290854e-01   1.3290854e-01   3.0000000e+00
  -1.4599291e+00  -1.4597294e+00   0.0000000e+00  -7.5655864e-01   7.5655864e-01   0.0000000e+00   0.0000000e+00  -7.5655864e-01   7.5655864e-01   3.0000000e+00
  -1.4529512e+00  -1.4529513e+00   0.0000000e+00  -8.7626639e-05   8.7626639e-05   0.0000000e+00   0.0000000e+00  -8.7626639e-05   8.7626639e-05   3.0000000e+00
  -1.4487460e+00  -1.4503768e+00   0.0000000e+00  -1.8430745e-01   1.8430745e-01   0.0000000e+00   0.0000000e+00   1.8430745e-01  -1.8430745e-01   3.0000000e+00
  -1.4425471e+00  -1.4455710e+00   0.0000000e+00   1.6134221e-01  -1.6134221e-01   0.0000000e+00   0.0000000e+00   1.6134221e-01  -1.6134221e-01   3.0000000e+00
  -1.4381469e+00  -1.4377910e+00   0.0000000e+00  -3.1067702e-02   3.1067702e-02   0.0000000e+00   0.0000000e+00  -3.1067702e-02   3.1067702e-02   3.0000000e+00
  -1.4364657e+00  -1.4364506e+00   0.0000000e+00  -1.5094658e-03   1.5094658e-03   0.0000000e+00   0.0000000e+00  -1.5094658e-03   1.5094658e-03   3.0000000e+00
  -1.4364657e+00  -1.4330728e+00   0.0000000e+00   1.7654893e-01  -1.7654893e-01   0.0000000e+00   0.0000000e+00   1.7654893e-01  -1.7654893e-01   3.0000000e+00
  -1.4252527e+00  -1.4252529e+00   0.0000000e+00  -6.1622291e-06   6.1622291e-06   0.0000000e+00   0.0000000e+00  -6.1622291e-06   6.1622291e-06   3.0000000e+00
  -1.4164279e+00  -1.4197652e+00   0.0000000e+00  -5.7221008e-01   5.7221008e-01   0.0000000e+00   0.0000000e+00  -5.7221008e-01   5.7221008e-01   3.0000000e+00
  -1.4149140e+00  -1.4150745e+00   0.0000000e+00   1.0756914e-02  -1.0756914e-02   0.0000000e+00   0.0000000e+00   1.0756914e-02  -1.0756914e-02   3.0000000e+00
  -1.4149140e+00  -1.4139216e+00   0.0000000e+00   9.6702440e-01  -9.6702440e-01   0.0000000e+00   0.0000000e+00   9.6702440e-01  -9.6702440e-01   3.0000000e+00
  -1.4076411e+00  -1.4081534e+00   0.0000000e+00  -5.8320182e-01   5.8320182e-01   0.0000000e+00   0.0000000e+00  -5.8320182e-01   5.8320182e-01   3.0000000e+00
  -1.4076411e+00  -1.4041448e+00   0.0000000e+00   4.0240067e-01  -4.0240067e-01   0.0000000e+00   0.0000000e+00   4.0240067e-01  -4.0240067e-01   3.0000000e+00
  -1.3950681e+00  -1.3952281e+00   0.0000000e+00  -2.3477119e-02   2.3477119e-02   0.0000000e+00   0.0000000e+00  -2.3477119e-02   2.3477119e-02   3.0000000e+00
  -1.3881808e+00  -1.3884048e+00   0.0000000e+00   2.0480523e-02  -2.0480523e-02   0.0000000e+00   0.0000000e+00   2.0480523e-02  -2.0480523e-02   3.0000000e+00
  -1.3881808e+00  -1.3867501e+00   0.0000000e+00   9.3415752e-02  -9.3415752e-02   0.0000000e+00   0.0000000e+00   9.3415752e-02  -9.3415752e-02   3.0000000e+00
  -1.3833906e+00  -1.3835398e+00   0.0000000e+00  -1.0415438e+00   1.0415438e+00   0.0000000e+00   0.0000000e+00  -1.0415438e+00   1.0415438e+00   3.0000000e+00
  -1.3661169e+00  -1.3673766e+00   0.0000000e+00   9.8830030e-01  -9.8830030e-01   0.0000000e+00   0.0000000e+00   9.8830030e-01  -9.8830030e-01   3.0000000e+00
  -1.3661169e+00  -1.3661167e+00   0.0000000e+00   3.7555563e-04  -3.7555563e-04   0.0000000e+00   0.0000000e+00   3.7555563e-04  -3.7555563e-04   3.0000000e+00
  -1.3646372e+00  -1.3648016e+00   0.0000000e+00  -2.4429915e-01   2.4429915e-01   0.0000000e+00   0.0000000e+00  -2.4429915e-01   2.4429915e-01   3.0000000e+00
  -1.3603537e+00  -1.3591979e+00   0.0000000e+00  -1.0555999e-01   1.0555999e-01   0.0000000e+00   0.0000000e+00  -1.0555999e-01   1.0555999e-01   3.0000000e+00
  -1.3517328e+00  -1.3519851e+00   0.0000000e+00   2.7299477e-02  -2.7299477e-02   0.0000000e+00   0.0000000e+00   2.7299477e-02  -2.7299477e-02   3.0000000e+00
  -1.3489220e+00  -1.3489301e+00   0.0000000e+00  -9.3370588e-03   9.3370588e-03   0.0000000e+00   0.0000000e+00  -9.3370588e-03   9.3370588e-03   3.0000000e+00
  -1.3489220e+00  -1.3487256e+00   0.0000000e+00  -2.5665213e-01   2.5665213e-01   0.0000000e+00   0.0000000e+00  -2.5665213e-01   2.5665213e-01   3.0000000e+00
  -1.3297202e+00  -1.3342163e+00   0.0000000e+00   3.1919612e-01  -3.1919612e-01   0.0000000e+00   0.0000000e+00   3.1919612e-01  -3.1919612e-01   3.0000000e+00
  -1.3283282e+00  -1.3281852e+00   0.0000000e+00   3.3662828e-04  -3.3662828e-04   0.0000000e+00   0.0000000e+00   3.3662828e-04  -3.3662828e-04   3.0000000e+00
  -1.3193320e+00  -1.3207935e+00   0.0000000e+00   5.3754497e-01  -5.3754497e-01   0.0000000e+00   0.0000000e+00   5.3754497e-01  -5.3754497e-01   3.0000000e+00
  -1.3180784e+00  -1.3179753e+00   0.0000000e+00  -9.3207026e-01   9.3207026e-01   0.0000000e+00   0.0000000e+00  -9.3207026e-01   9.3207026e-01   3.0000000e+00
  -1.3180784e+00  -1.3138185e+00   0.0000000e+00  -3.8900655e-01   3.8900655e-01   0.0000000e+00   0.0000000e+00  -3.8900655e-01   3.8900655e-01   3.0000000e+00
  -1.3091347e+00  -1.3090142e+00   0.0000000e+00   9.7269235e-03  -9.7269235e-03   0.0000000e+00   0.0000000e+00   9.7269235e-03  -9.7269235e-03   3.0000000e+00
  -1.3007252e+00  -1.3008374e+00   0.0000000e+00  -4.4466109e-02   4.4466109e-02   0.0000000e+00   0.0000000e+00  -4.4466109e-02   4.4466109e-02   3.0000000e+00
  -1.3007252e+00  -1.3002185e+00   0.0000000e+00  -2.3939260e-01   2.3939260e-01   0.0000000e+00   0.0000000e+00  -2.3939260e-01   2.3939260e-01   3.0000000e+00
  -1.2946494e+00  -1.2874291e+00   0.0000000e+00   5.5716056e-01  -5.5716056e-01   0.0000000e+00   0.0000000e+00   5.5716056e-01  -5.5716056e-01   3.0000000e+00
  -1.2780031e+00  -1.2780031e+00   0.0000000e+00  -5.2019503e-06   5.2019503e-06   0.0000000e+00   0.0000000e+00  -5.2019503e-06   5.2019503e-06   3.0000000e+00
  -1.2721810e+00  -1.2744429e+00   0.0000000e+00  -1.0872765e+00   1.0872765e+00   0.0000000e+00   0.0000000e+00  -1.0872765e+00   1.0872765e+00   3.0000000e+00
  -1.2721810e+00  -1.2732001e+00   0.0000000e+00   2.7127146e-02  -2.7127146e-02   0.0000000e+00   0.0000000e+00   2.7127146e-02  -2.7127146e-02   3.0000000e+00
  -1.2664382e+00  -1.2691026e+00   0.0000000e+00   6.4105972e-01  -6.4105972e-01   0.0000000e+00   0.0000000e+00   6.4105972e-01  -6.4105972e-01   3.0000000e+00
  -1.2664382e+00  -1.2665806e+00   0.0000000e+00   5.4465907e-01  -5.4465907e-01   0.0000000e+00   0.0000000e+00   5.4465907e-01  -5.4465907e-01   3.0000000e+00
  -1.2634189e+00  -1.2645828e+00   0.0000000e+00  -1.5330555e-02   1.5330555e-02   0.0000000e+00   0.0000000e+00  -1.5330555e-02   1.5330555e-02   3.0000000e+00
  -1.2402818e+00  -1.2455604e+00   0.0000000e+00  -4.3952908e-01   4.3952908e-01   0.0000000e+00   0.0000000e+00  -4.3952908e-01   4.3952908e-01   3.0000000e+00
  -1.2402818e+00  -1.2402874e+00   0.0000000e+00   1.0609243e-03  -1.0609243e-03   0.0000000e+00   0.0000000e+00   1.0609243e-03  -1.0609243e-03   3.0000000e+00
  -1.2391117e+00  -1.2352029e+00   0.0000000e+00   5.5673135e-01  -5.5673135e-01   0.0000000e+00   0.0000000e+00   5.5673135e-01  -5.5673135e-01   3.0000000e+00
  -1.2262459e+00  -1.2308934e+00   0.0000000e+00  -1.3881124e-01   1.3881124e-01   0.0000000e+00   0.0000000e+00  -1.3881124e-01   1.3881124e-01   3.0000000e+00
  -1.2262459e+00  -1.2282001e+00   0.0000000e+00   3.9669578e-01  -3.9669578e-01   0.0000000e+00   0.0000000e+00   3.9669578e-01  -3.9669578e-01   3.0000000e+00
  -1.2218202e+00  -1.2217999e+00   0.0000000e+00   1.6323794e-03  -1.6323794e-03   0.0000000e+00   0.0000000e+00   1.6323794e-03  -1.6323794e-03   3.0000000e+00
  -1.2203069e+00  -1.2165192e+00   0.0000000e+00   1.7316314e-01  -1.7316314e-01   0.0000000e+00   0.0000000e+00   1.7316314e-01  -1.7316314e-01   3.0000000e+00
  -1.2121926e+00  -1.2121890e+00   0.0000000e+00   1.0543864e-04  -1.0543864e-04   0.0000000e+00   0.0000000e+00   1.0543864e-04  -1.0543864e-04   3.0000000e+00
  -1.2076636e+00  -1.2055266e+00   0.0000000e+00   1.0837055e+00  -1.0837055e+00   0.0000000e+00   0.0000000e+00   1.0837055e+00  -1.0837055e+00   3.0000000e+00
  -1.1850966e+00  -1.1953586e+00   0.0000000e+00  -5.8107358e-01   5.8107358e-01   0.0000000e+00   0.0000000e+00  -5.8107358e-01   5.8107358e-01   3.0000000e+00
  -1.1850966e+00  -1.1848134e+00   0.0000000e+00  -3.9017475e-02   3.9017475e-02   0.0000000e+00   0.0000000e+00  -3.9017475e-02   3.9017475e-02   3.0000000e+00
  -1.1825689e+00  -1.1822293e+00   0.0000000e+00  -4.4365882e-02   4.4365882e-02   0.0000000e+00   0.0000000e+00  -4.4365882e-02   4.4365882e-02   3.0000000e+00
  -1.1765380e+00  -1.1766500e+00   0.0000000e+00   7.2966419e-04  -7.2966419e-04   0.0000000e+00   0.0000000e+00   7.2966419e-04  -7.2966419e-04   3.0000000e+00
  -1.1765380e+00  -1.1719168e+00   0.0000000e+00  -1.1724096e+00   1.1724096e+00   0.0000000e+00   0.0000000e+00  -1.1724096e+00   1.1724096e+00   3.0000000e+00
  -1.1765380e+00  -1.1689998e+00   0.0000000e+00   6.3050329e-01  -6.3050329e-01   0.0000000e+00   0.0000000e+00   6.3050329e-01  -6.3050329e-01   3.0000000e+00
  -1.1513301e+00  -1.1518806e+00   0.0000000e+00   1.7551153e-01  -1.7551153e-01   0.0000000e+00   0.0000000e+00   1.7551153e-01  -1.7551153e-01   3.0000000e+00
  -1.1513301e+00  -1.1513267e+00   0.0000000e+00  -3.9028874e-05   3.9028874e-05   0.0000000e+00   0.0000000e+00  -3.9028874e-05   3.9028874e-05   3.0000000e+00
  -1.1401255e+00  -1.1421807e+00   0.0000000e+00  -1.1720504e+00   1.1720504e+00   0.0000000e+00   0.0000000e+00  -1.1720504e+00   1.1720504e+00   3.0000000e+00
  -1.1380156e+00  -1.1380371e+00   0.0000000e+00  -2.9201174e-01   2.9201174e-01   0.0000000e+00   0.0000000e+00  -2.9201174e-01   2.9201174e-01   3.0000000e+00
  -1.1334134e+00  -1.1334402e+00   0.0000000e+00  -5.0758127e-04   5.0758127e-04   0.0000000e+00   0.0000000e+00  -5.0758127e-04   5.0758127e-04   3.0000000e+00
  -1.1280388e+00  -1.1276048e+00   0.0000000e+00  -4.1084248e-01   4.1084248e-01   0.0000000e+00   0.0000000e+00  -4.1084248e-01   4.1084248e-01   3.0000000e+00
  -1.1280388e+00  -1.1242725e+00   0.0000000e+00   1.2470177e+00  -1.2470177e+00   0.0000000e+00   0.0000000e+00   1.2470177e+00  -1.2470177e+00   3.0000000e+00
  -1.1035201e+00  -1.1154994e+00   0.0000000e+00   6.5797877e-01  -6.5797877e-01   0.0000000e+00   0.0000000e+00   6.5797877e-01  -6.5797877e-01   3.0000000e+00
  -1.1035201e+00  -1.1142593e+00   0.0000000e+00  -1.0652505e+00   1.0652505e+00   0.0000000e+00   0.0000000e+00  -1.0652505e+00   1.0652505e+00   3.0000000e+00
  -1.0966074e+00  -1.0962621e+00   0.0000000e+00   1.6194945e-02  -1.6194945e-02   0.0000000e+00   0.0000000e+00   1.6194945e-02  -1.6194945e-02   3.0000000e+00
  -1.0952586e+00  -1.0949053e+00   0.0000000e+00   3.4244726e-03  -3.4244726e-03   0.0000000e+00   0.0000000e+00   3.4244726e-03  -3.4244726e-03   3.0000000e+00
  -1.0875292e+00  -1.0880967e+00   0.0000000e+00   1.1273724e+00  -1.1273724e+00   0.0000000e+00   0.0000000e+00   1.1273724e+00  -1.1273724e+00   3.0000000e+00
  -1.0875292e+00  -1.0875683e+00   0.0000000e+00   1.0678684e-01  -1.0678684e-01   0.0000000e+00   0.0000000e+00   1.0678684e-01  -1.0678684e-01   3.0000000e+00
  -1.0762062e+00  -1.0760180e+00   0.0000000e+00  -8.1330254e-01   8.1330254e-01   0.0000000e+00   0.0000000e+00  -8.1330254e-01   8.1330254e-01   3.0000000e+00
  -1.0651755e+00  -1.0637067e+00   0.0000000e+00  -1.0751867e-01   1.0751867e-01   0.0000000e+00   0.0000000e+00  -1.0751867e-01   1.0751867e-01   3.0000000e+00
  -1.0516439e+00  -1.0524983e+00   0.0000000e+00  -5.4235944e-01   5.4235944e-01   0.0000000e+00   0.0000000e+00   5.4235944e-01  -5.4235944e-01   3.0000000e+00
  -1.0476324e+00  -1.0469231e+00   0.0000000e+00   4.0855740e-01  -4.0855740e-01   0.0000000e+00   0.0000000e+00   4.0855740e-01  -4.0855740e-01   3.0000000e+00
  -1.0439686e+00  -1.0439652e+00   0.0000000e+00  -3.8348865e-04   3.8348865e-04   0.0000000e+00   0.0000000e+00  -3.8348865e-04   3.8348865e-04   3.0000000e+00
  -1.0364189e+00  -1.0389423e+00   0.0000000e+00   3.2304927e-01  -3.2304927e-01   0.0000000e+00   0.0000000e+00   3.2304927e-01  -3.2304927e-01   3.0000000e+00
  -1.0327413e+00  -1.0281552e+00   0.0000000e+00  -1.3420484e+00   1.3420484e+00   0.0000000e+00   0.0000000e+00  -1.3420484e+00   1.3420484e+00   3.0000000e+00
  -1.0211123e+00  -1.0197023e+00   0.0000000e+00  -7.4051797e-01   7.4051797e-01   0.0000000e+00   0.0000000e+00  -7.4051797e-01   7.4051797e-01   3.0000000e+00
  -1.0074493e+00  -1.0078289e+00   0.0000000e+00   4.3804717e-02  -4.3804717e-02   0.0000000e+00   0.0000000e+00   4.3804717e-02  -4.3804717e-02   3.0000000e+00
  -9.9759024e-01  -9.9903572e-01   0.0000000e+00   7.5853855e-01  -7.5853855e-01   0.0000000e+00   0.0000000e+00   7.5853855e-01  -7.5853855e-01   3.0000000e+00
  -9.9759024e-01  -9.9749949e-01   0.0000000e+00   4.5293433e-02  -4.5293433e-02   0.0000000e+00   0.0000000e+00   4.5293433e-02  -4.5293433e-02   3.0000000e+00
  -9.9759024e-01  -9.9431544e-01   0.0000000e+00  -1.3035560e+00   1.3035560e+00   0.0000000e+00   0.0000000e+00  -1.3035560e+00   1.3035560e+00   3.0000000e+00
  -9.8215286e-01  -9.8146514e-01   0.0000000e+00   1.4130219e+00  -1.4130219e+00   0.0000000e+00   0.0000000e+00   1.4130219e+00  -1.4130219e+00   3.0000000e+00
  -9.7851017e-01  -9.7615728e-01   0.0000000e+00   5.2260065e-02  -5.2260065e-02   0.0000000e+00   0.0000000e+00   5.2260065e-02  -5.2260065e-02   3.0000000e+00
  -9.5766810e-01  -9.6076509e-01   0.0000000e+00   1.4266931e+00  -1.4266931e+00   0.0000000e+00   0.0000000e+00   1.4266931e+00  -1.4266931e+00   3.0000000e+00
  -9.5766810e-01  -9.5796275e-01   0.0000000e+00  -4.2118680e-01   4.2118680e-01   0.0000000e+00   0.0000000e+00  -4.2118680e-01   4.2118680e-01   3.0000000e+00
  -9.5766810e-01  -9.5491108e-01   0.0000000e+00  -5.8454112e-01   5.8454112e-01   0.0000000e+00   0.0000000e+00  -5.8454112e-01   5.8454112e-01   3.0000000e+00
  -9.5145896e-01  -9.4734566e-01   0.0000000e+00  -4.7344736e-01   4.7344736e-01   0.0000000e+00   0.0000000e+00  -4.7344736e-01   4.7344736e-01   3.0000000e+00
  -9.3254882e-01  -9.3682203e-01   0.0000000e+00   6.3594786e-01  -6.3594786e-01   0.0000000e+00   0.0000000e+00   6.3594786e-01  -6.3594786e-01   3.0000000e+00
  -9.2401108e-01  -9.2698836e-01   0.0000000e+00   1.2039546e+00  -1.2039546e+00   0.0000000e+00   0.0000000e+00   1.2039546e+00  -1.2039546e+00   3.0000000e+00
  -9.1608665e-01  -9.1790842e-01   0.0000000e+00  -6.0427994e-03   6.0427994e-03   0.0000000e+00   0.0000000e+00   6.0427994e-03  -6.0427994e-03   3.0000000e+00
  -8.9989070e-01  -9.0243310e-01   0.0000000e+00  -9.9427805e-01   9.9427805e-01   0.0000000e+00   0.0000000e+00  -9.9427805e-01   9.9427805e-01   3.0000000e+00
  -8.8640597e-01  -8.8805271e-01   0.0000000e+00  -1.5007877e+00   1.5007877e+00   0.0000000e+00   0.0000000e+00  -1.5007877e+00   1.5007877e+00   3.0000000e+00
  -8.8640597e-01  -8.8648794e-01   0.0000000e+00   1.1049864e-01  -1.1049864e-01   0.0000000e+00   0.0000000e+00   1.1049864e-01  -1.1049864e-01   3.0000000e+00
  -8.8640597e-01  -8.8056465e-01   0.0000000e+00   9.5042737e-01  -9.5042737e-01   0.0000000e+00   0.0000000e+00   9.5042737e-01  -9.5042737e-01   3.0000000e+00
  -8.6090372e-01  -8.6854026e-01   0.0000000e+00  -1.4653091e+00   1.4653091e+00   0.0000000e+00   0.0000000e+00  -1.4653091e+00   1.4653091e+00   3.0000000e+00
  -8.6090372e-01  -8.6118426e-01   0.0000000e+00   2.0215395e-01  -2.0215395e-01   0.0000000e+00   0.0000000e+00   2.0215395e-01  -2.0215395e-01   3.0000000e+00
  -8.4526420e-01  -8.3849664e-01   0.0000000e+00  -7.9613284e-01   7.9613284e-01   0.0000000e+00   0.0000000e+00  -7.9613284e-01   7.9613284e-01   3.0000000e+00
  -8.4526420e-01  -8.3745369e-01   0.0000000e+00   1.5012852e+00  -1.5012852e+00   0.0000000e+00   0.0000000e+00   1.5012852e+00  -1.5012852e+00   3.0000000e+00
  -8.4526420e-01  -8.3150047e-01   0.0000000e+00  -1.2653528e+00   1.2653528e+00   0.0000000e+00   0.0000000e+00  -1.2653528e+00   1.2653528e+00   3.0000000e+00
  -8.0405778e-01  -8.2217827e-01   0.0000000e+00   9.4080944e-01  -9.4080944e-01   0.0000000e+00   0.0000000e+00   9.4080944e-01  -9.4080944e-01   3.0000000e+00
  -8.0405778e-01  -8.0461990e-01   0.0000000e+00   1.4185375e+00  -1.4185375e+00   0.0000000e+00   0.0000000e+00   1.4185375e+00  -1.4185375e+00   3.0000000e+00
  -7.7462430e-01  -7.8312977e-01   0.0000000e+00  -1.2027105e+00   1.2027105e+00   0.0000000e+00   0.0000000e+00  -1.2027105e+00   1.2027105e+00   3.0000000e+00
  -7.7462372e-01  -7.6030652e-01   0.0000000e+00   1.3010083e+00  -1.3010083e+00   0.0000000e+00   0.0000000e+00   1.3010083e+00  -1.3010083e+00   3.0000000e+00
  -7.3544582e-01  -7.4271762e-01   0.0000000e+00  -1.5704079e+00   1.5704079e+00   0.0000000e+00   0.0000000e+00  -1.5704079e+00   1.5704079e+00   3.0000000e+00
  -7.3544485e-01  -7.0853454e-01   0.0000000e+00  -1.4758959e+00   1.4758959e+00   0.0000000e+00   0.0000000e+00  -1.4758959e+00   1.4758959e+00   3.0000000e+00
  -7.3544485e-01  -7.0448502e-01   0.0000000e+00   1.6568857e+00  -1.6568857e+00   0.0000000e+00   0.0000000e+00   1.6568857e+00  -1.6568857e+00   3.0000000e+00
  -6.4810833e-01  -6.7945098e-01   0.0000000e+00   1.5568964e+00  -1.5568964e+00   0.0000000e+00   0.0000000e+00   1.5568964e+00  -1.5568964e+00   3.0000000e+00
  -6.4810833e-01  -6.1304638e-01   0.0000000e+00  -1.7136145e+00   1.7136145e+00   0.0000000e+00   0.0000000e+00  -1.7136145e+00   1.7136145e+00   3.0000000e+00
