  -5.0519677e+00  -5.0519677e+00   0.0000000e+00   5.0269246e-09  -5.0269246e-09   9.4762160e-09  -9.4762160e-09   0.0000000e+00   9.5931309e-01  -4.7965655e-01  -4.7965655e-01   2.7755576e-16  -8.3078951e-01   8.3078951e-01   3.0000000e+00
  -4.7564372e+00  -4.7564372e+00   0.0000000e+00   4.4508299e-09  -4.4508299e-09   8.5713192e-09  -8.5713192e-09   0.0000000e+00   8.9733315e-01  -4.4866657e-01  -4.4866657e-01   3.3306691e-16  -7.7711330e-01   7.7711330e-01   3.0000000e+00
  -4.6838961e+00  -4.6838961e+00   0.0000000e+00   6.0950419e-09  -6.0950419e-09   4.5747716e-09  -4.5747716e-09   0.0000000e+00  -4.4966795e-01   8.9933591e-01  -4.4966795e-01   7.7884774e-01  -5.4123372e-16  -7.7884774e-01   3.0000000e+00
  -4.4834394e+00  -4.4834394e+00   0.0000000e+00   5.0091938e-09  -5.0091938e-09   6.0205393e-09  -6.0205393e-09   0.0000000e+00  -4.1620914e-01  -4.1620914e-01   8.3241828e-01   7.2089538e-01  -7.2089538e-01  -8.2563234e-17   3.0000000e+00
  -4.4176006e+00  -4.4176006e+00   0.0000000e+00   6.2109464e-09  -6.2109464e-09   3.5058324e-09  -3.5058324e-09   0.0000000e+00  -4.1707359e-01  -4.1707359e-01   8.3414718e-01   7.2239265e-01  -7.2239265e-01   1.3110855e-15   3.0000000e+00
  -4.3370159e+00  -4.3370159e+00   0.0000000e+00   5.0795317e-09  -5.0795317e-09   5.5198194e-09  -5.5198194e-09   0.0000000e+00  -4.1866333e-01   8.3732666e-01  -4.1866333e-01   7.2514615e-01  -1.0130785e-15  -7.2514615e-01   3.0000000e+00
  -4.2343264e+00  -4.2343251e+00   0.0000000e+00   5.2154889e-09  -5.2154889e-09   4.4069192e-09  -4.4069192e-09   0.0000000e+00  -3.8138250e-01   7.6276499e-01  -3.8138250e-01   6.6057386e-01  -2.5673907e-16  -6.6057386e-01   3.0000000e+00
  -4.1761896e+00  -4.1761923e+00   0.0000000e+00   5.8848403e-09  -5.8848403e-09   3.5338480e-09  -3.5338480e-09   0.0000000e+00  -3.8177697e-01   7.6355394e-01  -3.8177697e-01   6.6125711e-01  -4.5796700e-16  -6.6125711e-01   3.0000000e+00
  -4.1006837e+00  -4.1006814e+00   0.0000000e+00   5.2083890e-09  -5.2083890e-09   5.4975915e-09  -5.4975915e-09   0.0000000e+00  -3.8343403e-01  -3.8343403e-01   7.6686806e-01   6.6412722e-01  -6.6412722e-01  -9.6380508e-17   3.0000000e+00
  -4.0123335e+00  -4.0123348e+00   0.0000000e+00   5.2804422e-09  -5.2804422e-09   3.1292529e-09  -3.1292529e-09   0.0000000e+00  -3.8595636e-01   7.7191272e-01  -3.8595636e-01   6.6849602e-01  -1.8041124e-16  -6.6849602e-01   3.0000000e+00
  -4.0115650e+00  -4.0114553e+00   0.0000000e+00   4.9431029e-09  -4.9431029e-09   4.3638382e-09  -4.3638382e-09   0.0000000e+00  -3.4212910e-01  -3.4212910e-01   6.8425819e-01   5.9258498e-01  -5.9258498e-01  -7.3010519e-17   3.0000000e+00
  -3.9626035e+00  -3.9628520e+00   0.0000000e+00   5.4082814e-09  -5.4082814e-09   3.5603498e-09  -3.5603498e-09   0.0000000e+00  -3.4101541e-01  -3.4101541e-01   6.8203083e-01   5.9065602e-01  -5.9065602e-01   2.3865897e-16   3.0000000e+00
  -3.8929237e+00  -3.8926148e+00   0.0000000e+00   5.2902074e-09  -5.2902074e-09   4.7890148e-09  -4.7890148e-09   0.0000000e+00  -3.4211894e-01  -3.4211894e-01   6.8423788e-01   5.9256739e-01  -5.9256739e-01  -2.0146862e-16   3.0000000e+00
  -3.8233132e+00  -3.8193547e+00   0.0000000e+00   3.4005637e-09  -3.4005637e-09   3.2322949e-09  -3.2322949e-09   0.0000000e+00  -2.8598795e-01  -2.8598795e-01   5.7197590e-01   4.9534566e-01  -4.9534566e-01   8.0038483e-17   3.0000000e+00
  -3.8083815e+00  -3.8088696e+00   0.0000000e+00   5.1924266e-09  -5.1924266e-09   3.3813172e-09  -3.3813172e-09   0.0000000e+00  -3.3998309e-01  -3.3998309e-01   6.7996619e-01   5.8886799e-01  -5.8886799e-01   4.1925026e-16   3.0000000e+00
  -3.7791909e+00  -3.7873046e+00   0.0000000e+00   4.5768129e-09  -4.5768129e-09   2.9601458e-09  -2.9601458e-09   0.0000000e+00  -2.8009807e-01   5.6019613e-01  -2.8009807e-01   4.8514408e-01  -5.7592819e-16  -4.8514408e-01   3.0000000e+00
  -3.7110200e+00  -3.7198515e+00   0.0000000e+00   4.3238800e-09  -4.3238800e-09   3.7370675e-09  -3.7370675e-09   0.0000000e+00  -1.0551294e-01  -1.0551294e-01   2.1102588e-01  -1.8275377e-01   1.8275377e-01  -5.5288130e-15   3.0000000e+00
  -3.7110200e+00  -3.7105609e+00   0.0000000e+00   5.5476859e-09  -5.5476859e-09   3.8150850e-09  -3.8150850e-09   0.0000000e+00  -3.4229507e-01  -3.4229507e-01   6.8459014e-01   5.9287245e-01  -5.9287245e-01  -3.5200559e-16   3.0000000e+00
  -3.6867118e+00  -3.6795135e+00   0.0000000e+00   4.1222833e-09  -4.1222833e-09   2.6367987e-09  -2.6367987e-09   0.0000000e+00   1.6955008e-01   1.6955008e-01  -3.3910015e-01  -2.9366935e-01   2.9366935e-01   2.1166169e-16   3.0000000e+00
  -3.6364484e+00  -3.6447822e+00   0.0000000e+00   4.3689275e-10  -4.3689275e-10  -6.0770407e-10   6.0770407e-10   0.0000000e+00  -7.8433850e-02   1.5686770e-01  -7.8433850e-02  -1.3585141e-01   7.6761514e-15   1.3585141e-01   3.0000000e+00
  -3.6364484e+00  -3.6316978e+00   0.0000000e+00   1.3957429e-09  -1.3957429e-09   4.7675359e-10  -4.7675359e-10   0.0000000e+00  -1.5413365e-01   3.0826729e-01  -1.5413365e-01   2.6696731e-01   2.7755576e-17  -2.6696731e-01   3.0000000e+00
  -3.5564765e+00  -3.5702817e+00   0.0000000e+00   1.3367809e-09  -1.3367809e-09   1.4053671e-09  -1.4053671e-09   0.0000000e+00  -3.5984752e-04  -3.5984752e-04   7.1969504e-04   6.2327419e-04  -6.2327419e-04  -4.9039249e-15   3.0000000e+00
  -3.5446654e+00  -3.5421594e+00   0.0000000e+00   4.9810397e-09  -4.9810397e-09   3.8837365e-09  -3.8837365e-09   0.0000000e+00  -2.8742388e-01  -2.8742388e-01   5.7484775e-01   4.9783276e-01  -4.9783276e-01  -1.7496752e-16   3.0000000e+00
  -3.5446654e+00  -3.5258437e+00   0.0000000e+00   3.8095046e-09  -3.8095046e-09   2.3070280e-09  -2.3070280e-09   0.0000000e+00   6.3042773e-02  -1.2608555e-01   6.3042773e-02  -1.0919329e-01   3.0262251e-15   1.0919329e-01   3.0000000e+00
  -3.5446654e+00  -3.5195228e+00   0.0000000e+00   2.2712377e-09  -2.2712377e-09   1.4687876e-09  -1.4687876e-09   0.0000000e+00   1.4009852e-02  -2.8019704e-02   1.4009852e-02  -2.4265775e-02  -6.0974446e-15   2.4265775e-02   3.0000000e+00
  -3.4721559e+00  -3.4618665e+00   0.0000000e+00   2.3216520e-09  -2.3216520e-09   1.9075175e-09  -1.9075175e-09   0.0000000e+00  -8.4741207e-02  -8.4741207e-02   1.6948241e-01   1.4677608e-01  -1.4677608e-01   3.3244832e-16   3.0000000e+00
  -3.4368989e+00  -3.4375596e+00   0.0000000e+00   5.0700560e-09  -5.0700560e-09   2.9895873e-09  -2.9895873e-09   0.0000000e+00  -3.0504648e-01  -3.0504648e-01   6.1009296e-01   5.2835601e-01  -5.2835601e-01   1.0504905e-16   3.0000000e+00
  -3.4217932e+00  -3.4186550e+00   0.0000000e+00   1.5436984e-10  -1.5436984e-10   1.9941336e-10  -1.9941336e-10   0.0000000e+00   2.3811082e-02   2.3811082e-02  -4.7622164e-02  -4.1242004e-02   4.1242004e-02   1.6473140e-14   3.0000000e+00
  -3.4217932e+00  -3.4052023e+00   0.0000000e+00   1.4692866e-09  -1.4692866e-09   1.0896671e-09  -1.0896671e-09   0.0000000e+00   1.0745931e-01  -2.1491862e-01   1.0745931e-01  -1.8612498e-01  -1.1032841e-15   1.8612498e-01   3.0000000e+00
  -3.3801726e+00  -3.3647841e+00   0.0000000e+00   2.6113106e-09  -2.6113106e-09   1.9976026e-09  -1.9976026e-09   0.0000000e+00  -4.7726223e-02  -4.7726223e-02   9.5452445e-02   8.2664243e-02  -8.2664243e-02  -1.8924708e-15   3.0000000e+00
  -3.3351274e+00  -3.3383187e+00   0.0000000e+00   3.2157120e-09  -3.2157120e-09   2.0266955e-09  -2.0266955e-09   0.0000000e+00   5.1764700e-02   5.1764700e-02  -1.0352940e-01   8.9659091e-02  -8.9659091e-02   1.4032567e-15   3.0000000e+00
  -3.3133940e+00  -3.3216624e+00   0.0000000e+00   4.3283728e-09  -4.3283728e-09   2.8899686e-09  -2.8899686e-09   0.0000000e+00  -1.1418896e-01  -1.1418896e-01   2.2837792e-01   1.9778108e-01  -1.9778108e-01  -2.3455795e-15   3.0000000e+00
  -3.2785927e+00  -3.2799373e+00   0.0000000e+00   2.7526440e-10  -2.7526440e-10   1.7864283e-10  -1.7864283e-10   0.0000000e+00   1.6988655e-02   1.6988655e-02  -3.3977309e-02  -2.9425213e-02   2.9425213e-02   4.9875886e-15   3.0000000e+00
  -3.2785927e+00  -3.2554369e+00   0.0000000e+00   1.0621418e-09  -1.0621418e-09   1.7326685e-09  -1.7326685e-09   0.0000000e+00  -9.6628974e-02  -9.6628974e-02   1.9325795e-01   1.6736629e-01  -1.6736629e-01  -1.3097534e-15   3.0000000e+00
  -3.2239277e+00  -3.2344760e+00   0.0000000e+00   8.4787612e-10  -8.4787612e-10  -1.1337329e-09   1.1337329e-09   0.0000000e+00   4.3965836e-02  -8.7931671e-02   4.3965836e-02   7.6151061e-02   1.4571677e-16  -7.6151061e-02   3.0000000e+00
  -3.2060902e+00  -3.2071843e+00   0.0000000e+00   1.0194969e-09  -1.0194969e-09   7.8016351e-10  -7.8016351e-10   0.0000000e+00  -6.0471233e-02  -6.0471233e-02   1.2094247e-01   1.0473925e-01  -1.0473925e-01   2.3250136e-15   3.0000000e+00
  -3.1907087e+00  -3.1944724e+00   0.0000000e+00   3.9884339e-09  -3.9884339e-09   2.6999158e-09  -2.6999158e-09   0.0000000e+00  -1.4693738e-01   2.9387476e-01  -1.4693738e-01   2.5450301e-01  -1.4085955e-15  -2.5450301e-01   3.0000000e+00
  -3.1684416e+00  -3.1619370e+00   0.0000000e+00   3.4678034e-09  -3.4678034e-09   2.5438663e-09  -2.5438663e-09   0.0000000e+00   6.8672511e-02  -1.3734502e-01   6.8672511e-02  -1.1894428e-01  -3.5535810e-15   1.1894428e-01   3.0000000e+00
  -3.1415510e+00  -3.1251193e+00   0.0000000e+00   1.0182260e-09  -1.0182260e-09   6.2191117e-10  -6.2191117e-10   0.0000000e+00   1.0145036e-02  -2.0290073e-02   1.0145036e-02  -1.7571719e-02   3.4674954e-15   1.7571719e-02   3.0000000e+00
  -3.1077658e+00  -3.1017766e+00   0.0000000e+00   1.7711936e-09  -1.7711936e-09   1.3992136e-09  -1.3992136e-09   0.0000000e+00   4.3574608e-02   4.3574608e-02  -8.7149216e-02  -7.5473435e-02   7.5473435e-02  -3.7008707e-15   3.0000000e+00
  -3.1077658e+00  -3.0883668e+00   0.0000000e+00   3.1179856e-09  -3.1179856e-09   1.9469979e-09  -1.9469979e-09   0.0000000e+00  -1.1145243e-01  -1.1145243e-01   2.2290485e-01   1.9304127e-01  -1.9304127e-01   4.9913919e-15   3.0000000e+00
  -3.0627531e+00  -3.0467567e+00   0.0000000e+00   2.5903599e-09  -2.5903599e-09   1.7081717e-09  -1.7081717e-09   0.0000000e+00  -2.7834547e-02  -2.7834547e-02   5.5669093e-02   4.8210849e-02  -4.8210849e-02  -4.8096326e-15   3.0000000e+00
  -3.0212126e+00  -3.0412054e+00   0.0000000e+00   2.0508420e-10  -2.0508420e-10  -7.0007925e-10   7.0007925e-10   0.0000000e+00   5.5019271e-02  -2.7509636e-02  -2.7509636e-02   5.4123372e-16  -4.7648086e-02   4.7648086e-02   3.0000000e+00
  -3.0212126e+00  -3.0248332e+00   0.0000000e+00   9.6922727e-10  -9.6922727e-10   4.9583963e-10  -4.9583963e-10   0.0000000e+00   7.3820582e-02   7.3820582e-02  -1.4764116e-01  -1.2786100e-01   1.2786100e-01  -8.1592501e-16   3.0000000e+00
  -3.0013345e+00  -2.9890087e+00   0.0000000e+00   2.2199283e-09  -2.2199283e-09   1.6593915e-09  -1.6593915e-09   0.0000000e+00  -5.5644189e-02  -5.5644189e-02   1.1128838e-01   9.6378563e-02  -9.6378563e-02  -5.3932583e-15   3.0000000e+00
  -2.9633251e+00  -2.9589840e+00   0.0000000e+00   3.3278209e-10  -3.3278209e-10   1.7742709e-10  -1.7742709e-10   0.0000000e+00  -8.2641106e-03  -8.2641106e-03   1.6528221e-02   1.4313859e-02  -1.4313859e-02   2.9491660e-15   3.0000000e+00
  -2.9243843e+00  -2.9241561e+00   0.0000000e+00   4.9785214e-10  -4.9785214e-10  -5.0681868e-10   5.0681868e-10   0.0000000e+00   3.7828356e-02  -7.5656711e-02   3.7828356e-02   6.5520634e-02   9.6528688e-15  -6.5520634e-02   3.0000000e+00
  -2.9243843e+00  -2.9206428e+00   0.0000000e+00   2.4220317e-09  -2.4220317e-09   1.6092429e-09  -1.6092429e-09   0.0000000e+00  -7.1253605e-02  -7.1253605e-02   1.4250721e-01   1.2341486e-01  -1.2341486e-01  -3.2638604e-16   3.0000000e+00
  -2.8781193e+00  -2.8863049e+00   0.0000000e+00   9.9288421e-10  -9.9288421e-10   5.5228567e-10  -5.5228567e-10   0.0000000e+00  -3.6914748e-02  -3.6914748e-02   7.3829496e-02   6.3938219e-02  -6.3938219e-02   1.3894448e-15   3.0000000e+00
  -2.8489588e+00  -2.8581624e+00   0.0000000e+00   3.2285286e-09  -3.2285286e-09   1.9529836e-09  -1.9529836e-09   0.0000000e+00  -4.2852694e-02   8.5705389e-02  -4.2852694e-02   7.4223044e-02  -2.6020852e-15  -7.4223044e-02   3.0000000e+00
  -2.8489588e+00  -2.8431556e+00   0.0000000e+00   1.9019485e-09  -1.9019485e-09   1.3243926e-09  -1.3243926e-09   0.0000000e+00   5.2934377e-02  -1.0586875e-01   5.2934377e-02  -9.1685031e-02   4.6750798e-16   9.1685031e-02   3.0000000e+00
  -2.7984078e+00  -2.8034593e+00   0.0000000e+00   1.0916576e-09  -1.0916576e-09   7.0762094e-10  -7.0762094e-10   0.0000000e+00  -7.7685430e-02  -7.7685430e-02   1.5537086e-01   1.3455511e-01  -1.3455511e-01  -3.5451005e-16   3.0000000e+00
  -2.7984078e+00  -2.7926709e+00   0.0000000e+00   8.2103617e-10  -8.2103617e-10   7.8335055e-10  -7.8335055e-10   0.0000000e+00  -3.7964328e-02  -3.7964328e-02   7.5928656e-02   6.5756145e-02  -6.5756145e-02  -2.2175528e-15   3.0000000e+00
  -2.7789254e+00  -2.7785207e+00   0.0000000e+00   4.6591645e-10  -4.6591645e-10   2.2521641e-11  -2.2521641e-11   0.0000000e+00  -3.3878834e-02   6.7757669e-02  -3.3878834e-02   5.8679863e-02  -6.9909356e-16  -5.8679863e-02   3.0000000e+00
  -2.7519578e+00  -2.7450312e+00   0.0000000e+00   1.6394951e-09  -1.6394951e-09   1.2433900e-09  -1.2433900e-09   0.0000000e+00   7.7316450e-02   7.7316450e-02  -1.5463290e-01  -1.3391602e-01   1.3391602e-01   8.8510508e-16   3.0000000e+00
  -2.7121242e+00  -2.7176698e+00   0.0000000e+00   1.9114269e-09  -1.9114269e-09   1.5266932e-09  -1.5266932e-09   0.0000000e+00  -6.0680345e-02   3.0340172e-02   3.0340172e-02  -4.1459891e-16  -5.2550720e-02   5.2550720e-02   3.0000000e+00
  -2.7121242e+00  -2.7104129e+00   0.0000000e+00   9.1161241e-10  -9.1161241e-10   5.5315366e-10  -5.5315366e-10   0.0000000e+00  -1.8627046e-02  -1.8627046e-02   3.7254091e-02   3.2262989e-02  -3.2262989e-02  -7.8061018e-16   3.0000000e+00
  -2.6753650e+00  -2.6715611e+00   0.0000000e+00   1.8073486e-10  -1.8073486e-10  -2.2505771e-10   2.2505771e-10   0.0000000e+00   1.9438002e-02  -3.8876004e-02   1.9438002e-02   3.3667607e-02  -1.4684434e-15  -3.3667607e-02   3.0000000e+00
  -2.6753650e+00  -2.6522341e+00   0.0000000e+00   5.3106989e-10  -5.3106989e-10   4.7546714e-10  -4.7546714e-10   0.0000000e+00   1.7909876e-02   1.7909876e-02  -3.5819751e-02  -3.1020815e-02   3.1020815e-02   3.6383719e-16   3.0000000e+00
  -2.6140361e+00  -2.6189807e+00   0.0000000e+00   4.6410765e-10  -4.6410765e-10  -1.0767635e-09   1.0767635e-09   0.0000000e+00  -5.3401234e-02   2.6700617e-02   2.6700617e-02  -2.9559688e-15   4.6246825e-02  -4.6246825e-02   3.0000000e+00
  -2.6140361e+00  -2.6131007e+00   0.0000000e+00   7.0148396e-10  -7.0148396e-10   6.1756375e-10  -6.1756375e-10   0.0000000e+00   3.6783845e-02   3.6783845e-02  -7.3567690e-02  -6.3711488e-02   6.3711488e-02  -4.2119122e-15   3.0000000e+00
  -2.5843881e+00  -2.5841567e+00   0.0000000e+00   1.4584014e-09  -1.4584014e-09   9.4204101e-10  -9.4204101e-10   0.0000000e+00  -4.0351596e-02  -4.0351596e-02   8.0703192e-02   6.9891014e-02  -6.9891014e-02   9.4195819e-16   3.0000000e+00
  -2.5744094e+00  -2.5584851e+00   0.0000000e+00   1.2170003e-09  -1.2170003e-09   8.4762069e-10  -8.4762069e-10   0.0000000e+00  -9.2559309e-03   1.8511862e-02  -9.2559309e-03   1.6031743e-02  -1.8997390e-15  -1.6031743e-02   3.0000000e+00
  -2.5346777e+00  -2.5386116e+00   0.0000000e+00   9.7875955e-11  -9.7875955e-11  -6.5230320e-10   6.5230320e-10   0.0000000e+00  -9.0078151e-02   4.5039076e-02   4.5039076e-02  -1.9428903e-16   7.8009967e-02  -7.8009967e-02   3.0000000e+00
  -2.4920622e+00  -2.5039787e+00   0.0000000e+00   1.1985836e-09  -1.1985836e-09   1.2399891e-09  -1.2399891e-09   0.0000000e+00  -7.5787514e-02  -7.5787514e-02   1.5157503e-01   1.3126782e-01  -1.3126782e-01   3.7383368e-15   3.0000000e+00
  -2.4920622e+00  -2.4959858e+00   0.0000000e+00   3.7220360e-10  -3.7220360e-10  -4.8551370e-10   4.8551370e-10   0.0000000e+00   4.2491945e-02  -8.4983891e-02   4.2491945e-02   7.3598208e-02  -1.6271706e-15  -7.3598208e-02   3.0000000e+00
  -2.4694448e+00  -2.4668400e+00   0.0000000e+00   3.0286914e-09  -3.0286914e-09   2.0760118e-09  -2.0760118e-09   0.0000000e+00   9.6885629e-02   9.6885629e-02  -1.9377126e-01  -1.6781083e-01   1.6781083e-01  -1.5599893e-15   3.0000000e+00
  -2.4360629e+00  -2.4484148e+00   0.0000000e+00   9.5971771e-10  -9.5971771e-10   7.8006748e-10  -7.8006748e-10   0.0000000e+00   2.6929892e-02   2.6929892e-02  -5.3859784e-02  -4.6643942e-02   4.6643942e-02  -6.5655719e-16   3.0000000e+00
  -2.4186613e+00  -2.4199309e+00   0.0000000e+00   1.3931278e-09  -1.3931278e-09   8.5544951e-10  -8.5544951e-10   0.0000000e+00   7.0367579e-02   7.0367579e-02  -1.4073516e-01  -1.2188022e-01   1.2188022e-01   2.7416007e-16   3.0000000e+00
  -2.3769772e+00  -2.3859922e+00   0.0000000e+00   3.6443086e-09  -3.6443086e-09   2.5285871e-09  -2.5285871e-09   0.0000000e+00  -1.8796792e-02  -1.8796792e-02   3.7593584e-02   3.2556999e-02  -3.2556999e-02  -6.7469002e-15   3.0000000e+00
  -2.3769772e+00  -2.3800386e+00   0.0000000e+00   1.3909787e-09  -1.3909787e-09   8.7104230e-10  -8.7104230e-10   0.0000000e+00   7.4143516e-02   7.4143516e-02  -1.4828703e-01  -1.2842034e-01   1.2842034e-01  -2.5850964e-16   3.0000000e+00
  -2.3725885e+00  -2.3565983e+00   0.0000000e+00   2.4295324e-12  -2.4295324e-12  -5.5659089e-10   5.5659089e-10   0.0000000e+00  -1.3076552e-01   6.5382760e-02   6.5382760e-02   9.1593400e-16   1.1324626e-01  -1.1324626e-01   3.0000000e+00
  -2.3326953e+00  -2.3235088e+00   0.0000000e+00   2.4618281e-09  -2.4618281e-09   1.5216325e-09  -1.5216325e-09   0.0000000e+00   3.9714819e-02   3.9714819e-02  -7.9429639e-02  -6.8788085e-02   6.8788085e-02   1.8699992e-15   3.0000000e+00
  -2.3326953e+00  -2.3111830e+00   0.0000000e+00   1.1568635e-09  -1.1568635e-09   8.0898965e-10  -8.0898965e-10   0.0000000e+00  -5.5257551e-02  -5.5257551e-02   1.1051510e-01   9.5708886e-02  -9.5708886e-02   8.0290558e-15   3.0000000e+00
  -2.3326953e+00  -2.3055084e+00   0.0000000e+00   3.6202769e-10  -3.6202769e-10   2.3083553e-10  -2.3083553e-10   0.0000000e+00   4.8526775e-02   4.8526775e-02  -9.7053551e-02  -8.4050841e-02   8.4050841e-02   1.8294345e-14   3.0000000e+00
  -2.2701831e+00  -2.2605955e+00   0.0000000e+00   1.3323016e-09  -1.3323016e-09   9.2519071e-10  -9.2519071e-10   0.0000000e+00  -5.0971975e-02  -5.0971975e-02   1.0194395e-01   8.8286050e-02  -8.8286050e-02   9.2128988e-16   3.0000000e+00
  -2.2472518e+00  -2.2402792e+00   0.0000000e+00   3.8096641e-09  -3.8096641e-09   2.5635707e-09  -2.5635707e-09   0.0000000e+00   1.3302127e-01  -2.6604254e-01   1.3302127e-01  -2.3039960e-01   2.0330959e-15   2.3039960e-01   3.0000000e+00
  -2.2472518e+00  -2.2361929e+00   0.0000000e+00   3.3597370e-09  -3.3597370e-09   2.5285240e-09  -2.5285240e-09   0.0000000e+00  -3.3757353e-02  -3.3757353e-02   6.7514706e-02   5.8469451e-02  -5.8469451e-02  -9.2551503e-15   3.0000000e+00
  -2.2035442e+00  -2.2050677e+00   0.0000000e+00   1.3548000e-09  -1.3548000e-09   9.8373442e-10  -9.8373442e-10   0.0000000e+00   5.5123817e-02   5.5123817e-02  -1.1024763e-01  -9.5477252e-02   9.5477252e-02  -8.0525517e-16   3.0000000e+00
  -2.1643952e+00  -2.1830999e+00   0.0000000e+00   3.4548398e-09  -3.4548398e-09   2.2996659e-09  -2.2996659e-09   0.0000000e+00   6.8241175e-03   6.8241175e-03  -1.3648235e-02  -1.1819718e-02   1.1819718e-02  -1.9828371e-14   3.0000000e+00
  -2.1542640e+00  -2.1568768e+00   0.0000000e+00   1.7546118e-09  -1.7546118e-09   1.1445303e-09  -1.1445303e-09   0.0000000e+00   6.8379158e-02   6.8379158e-02  -1.3675832e-01  -1.1843618e-01   1.1843618e-01  -2.5082665e-15   3.0000000e+00
  -2.1387728e+00  -2.1165728e+00   0.0000000e+00   1.0915828e-09  -1.0915828e-09   7.7816017e-10  -7.7816017e-10   0.0000000e+00  -3.9735939e-02  -3.9735939e-02   7.9471877e-02   6.8824665e-02  -6.8824665e-02  -4.4464631e-16   3.0000000e+00
  -2.1056450e+00  -2.1064413e+00   0.0000000e+00   3.3337588e-09  -3.3337588e-09   2.3048563e-09  -2.3048563e-09   0.0000000e+00   1.1421776e-01  -2.2843552e-01   1.1421776e-01  -1.9783096e-01  -2.9490299e-17   1.9783096e-01   3.0000000e+00
  -2.0877128e+00  -2.0936591e+00   0.0000000e+00   2.0339715e-09  -2.0339715e-09   1.2100432e-09  -1.2100432e-09   0.0000000e+00   9.5554315e-02   9.5554315e-02  -1.9110863e-01  -1.6550493e-01   1.6550493e-01  -2.3522831e-15   3.0000000e+00
  -2.0598417e+00  -2.0600857e+00   0.0000000e+00   2.3110432e-09  -2.3110432e-09   1.3293617e-09  -1.3293617e-09   0.0000000e+00  -1.7940569e-02  -1.7940569e-02   3.5881138e-02   3.1073977e-02  -3.1073977e-02   3.9103724e-15   3.0000000e+00
  -2.0390608e+00  -2.0438656e+00   0.0000000e+00   9.6526629e-10  -9.6526629e-10   5.0385843e-10  -5.0385843e-10   0.0000000e+00   5.5752245e-02   5.5752245e-02  -1.1150449e-01  -9.6565721e-02   9.6565721e-02  -4.7350223e-15   3.0000000e+00
  -2.0390608e+00  -2.0265611e+00   0.0000000e+00   2.3588943e-09  -2.3588943e-09   1.6809461e-09  -1.6809461e-09   0.0000000e+00   1.1192089e-01   1.1192089e-01  -2.2384178e-01  -1.9385267e-01   1.9385267e-01  -3.0447616e-15   3.0000000e+00
  -1.9883551e+00  -1.9989530e+00   0.0000000e+00   2.3718914e-09  -2.3718914e-09   1.7610692e-09  -1.7610692e-09   0.0000000e+00   1.0705635e-01   1.0705635e-01  -2.1411270e-01  -1.8542704e-01   1.8542704e-01   2.9627180e-15   3.0000000e+00
  -1.9703399e+00  -1.9758742e+00   0.0000000e+00   4.4409493e-10  -4.4409493e-10   1.9115212e-10  -1.9115212e-10   0.0000000e+00   2.1927401e-02   2.1927401e-02  -4.3854802e-02  -3.7979372e-02   3.7979372e-02  -2.1444523e-16   3.0000000e+00
  -1.9703399e+00  -1.9701146e+00   0.0000000e+00   3.9753265e-09  -3.9753265e-09   2.6659697e-09  -2.6659697e-09   0.0000000e+00   1.5383610e-01   1.5383610e-01  -3.0767220e-01  -2.6645194e-01   2.6645194e-01   1.9720486e-15   3.0000000e+00
  -1.9305321e+00  -1.9457422e+00   0.0000000e+00   2.5871811e-09  -2.5871811e-09   1.7342595e-09  -1.7342595e-09   0.0000000e+00   1.0735695e-01  -2.1471390e-01   1.0735695e-01  -1.8594769e-01  -3.1051550e-15   1.8594769e-01   3.0000000e+00
  -1.9257133e+00  -1.9230506e+00   0.0000000e+00   1.7517454e-09  -1.7517454e-09   1.0518235e-09  -1.0518235e-09   0.0000000e+00  -5.1096616e-02   1.0219323e-01  -5.1096616e-02   8.8501935e-02  -3.5244377e-14  -8.8501935e-02   3.0000000e+00
  -1.8822994e+00  -1.8903967e+00   0.0000000e+00   9.4480036e-11  -9.4480036e-11   1.7768609e-10  -1.7768609e-10   0.0000000e+00  -1.2661706e-02   6.3308530e-03   6.3308530e-03  -4.2856343e-15   1.0965359e-02  -1.0965359e-02   3.0000000e+00
  -1.8791445e+00  -1.8805703e+00   0.0000000e+00   2.6890146e-09  -2.6890146e-09   1.7498445e-09  -1.7498445e-09   0.0000000e+00   1.3155476e-01   1.3155476e-01  -2.6310953e-01  -2.2785953e-01   2.2785953e-01   5.7234091e-16   3.0000000e+00
  -1.8431201e+00  -1.8499634e+00   0.0000000e+00   2.5601177e-09  -2.5601177e-09   1.7088931e-09  -1.7088931e-09   0.0000000e+00  -6.5530725e-02  -6.5530725e-02   1.3106145e-01   1.1350254e-01  -1.1350254e-01  -1.8601003e-15   3.0000000e+00
  -1.8273866e+00  -1.8277168e+00   0.0000000e+00   3.4011336e-09  -3.4011336e-09   2.2275995e-09  -2.2275995e-09   0.0000000e+00  -6.1650772e-02  -6.1650772e-02   1.2330154e-01   1.0678227e-01  -1.0678227e-01   5.7831999e-14   3.0000000e+00
  -1.8273866e+00  -1.8250643e+00   0.0000000e+00   4.8869650e-09  -4.8869650e-09   3.3937057e-09  -3.3937057e-09   0.0000000e+00   1.7244462e-01  -3.4488925e-01   1.7244462e-01  -2.9868285e-01  -3.0531133e-16   2.9868285e-01   3.0000000e+00
  -1.7821907e+00  -1.7904822e+00   0.0000000e+00   2.5205219e-10  -2.5205219e-10   1.0649112e-10  -1.0649112e-10   0.0000000e+00  -1.1046250e-02  -1.1046250e-02   2.2092500e-02   1.9132666e-02  -1.9132666e-02   9.3584347e-16   3.0000000e+00
  -1.7794412e+00  -1.7683834e+00   0.0000000e+00   4.9657330e-09  -4.9657330e-09   3.1047844e-09  -3.1047844e-09   0.0000000e+00   1.5603795e-01   1.5603795e-01  -3.1207590e-01  -2.7026566e-01   2.7026566e-01  -3.6518675e-18   3.0000000e+00
  -1.7506732e+00  -1.7481342e+00   0.0000000e+00   2.0305814e-09  -2.0305814e-09   1.4861507e-09  -1.4861507e-09   0.0000000e+00  -1.8246892e-02  -1.8246892e-02   3.6493784e-02   3.1604544e-02  -3.1604544e-02  -2.5127420e-15   3.0000000e+00
  -1.7230650e+00  -1.7223410e+00   0.0000000e+00   6.0445647e-09  -6.0445647e-09   3.9218872e-09  -3.9218872e-09   0.0000000e+00  -3.6693890e-02   7.3387781e-02  -3.6693890e-02   6.3555683e-02  -4.2578788e-15  -6.3555683e-02   3.0000000e+00
  -1.6912065e+00  -1.6908655e+00   0.0000000e+00   5.5883866e-10  -5.5883866e-10   2.5757523e-10  -2.5757523e-10   0.0000000e+00   3.3503973e-02   3.3503973e-02  -6.7007947e-02  -5.8030584e-02   5.8030584e-02  -2.9964920e-15   3.0000000e+00
  -1.6912065e+00  -1.6847477e+00   0.0000000e+00   1.8313284e-09  -1.8313284e-09   1.3468157e-09  -1.3468157e-09   0.0000000e+00  -6.4480940e-02  -6.4480940e-02   1.2896188e-01   1.1168426e-01  -1.1168426e-01  -1.0433931e-14   3.0000000e+00
  -1.6749346e+00  -1.6764503e+00   0.0000000e+00   5.2520965e-09  -5.2520965e-09   3.4612178e-09  -3.4612178e-09   0.0000000e+00   1.8003381e-01   1.8003381e-01  -3.6006762e-01  -3.1182771e-01   3.1182771e-01  -9.0082916e-17   3.0000000e+00
  -1.6653358e+00  -1.6591889e+00   0.0000000e+00   1.4359128e-09  -1.4359128e-09   9.6855135e-10  -9.6855135e-10   0.0000000e+00   8.1304075e-02   8.1304075e-02  -1.6260815e-01  -1.4082279e-01   1.4082279e-01  -3.0846296e-16   3.0000000e+00
  -1.6106560e+00  -1.6104048e+00   0.0000000e+00   3.3210404e-09  -3.3210404e-09   2.1799221e-09  -2.1799221e-09   0.0000000e+00  -5.8485883e-02   1.1697177e-01  -5.8485883e-02   1.0130052e-01  -1.1673822e-14  -1.0130052e-01   3.0000000e+00
  -1.5944614e+00  -1.5980723e+00   0.0000000e+00   1.0026204e-09  -1.0026204e-09   7.8584332e-10  -7.8584332e-10   0.0000000e+00   4.8169442e-02   4.8169442e-02  -9.6338885e-02  -8.3431922e-02   8.3431922e-02   5.2311090e-16   3.0000000e+00
  -1.5708597e+00  -1.5721264e+00   0.0000000e+00   1.5716696e-09  -1.5716696e-09   1.1821099e-09  -1.1821099e-09   0.0000000e+00   6.8874237e-02   6.8874237e-02  -1.3774847e-01  -1.1929368e-01   1.1929368e-01  -1.2075748e-15   3.0000000e+00
  -1.5581579e+00  -1.5587773e+00   0.0000000e+00   6.2079822e-09  -6.2079822e-09   4.1853450e-09  -4.1853450e-09   0.0000000e+00   2.0815017e-01   2.0815017e-01  -4.1630033e-01  -3.6052666e-01   3.6052666e-01   8.2419007e-16   3.0000000e+00
  -1.5202813e+00  -1.5278348e+00   0.0000000e+00   2.3352791e-09  -2.3352791e-09   1.6993796e-09  -1.6993796e-09   0.0000000e+00   8.2636412e-02   8.2636412e-02  -1.6527282e-01  -1.4313046e-01   1.4313046e-01   5.8259739e-15   3.0000000e+00
  -1.5202813e+00  -1.5192493e+00   0.0000000e+00   5.9623028e-09  -5.9623028e-09   3.9710484e-09  -3.9710484e-09   0.0000000e+00   2.0099016e-01   2.0099016e-01  -4.0198031e-01  -3.4812516e-01   3.4812516e-01   1.2405323e-15   3.0000000e+00
  -1.4986848e+00  -1.5034833e+00   0.0000000e+00   2.7857731e-09  -2.7857731e-09   1.8943133e-09  -1.8943133e-09   0.0000000e+00   8.4557676e-02  -4.2278838e-02  -4.2278838e-02   2.2482016e-15   7.3229096e-02  -7.3229096e-02   3.0000000e+00
  -1.4986848e+00  -1.4944995e+00   0.0000000e+00   1.9556802e-09  -1.9556802e-09   1.1354872e-09  -1.1354872e-09   0.0000000e+00  -2.7338110e-02   5.4676221e-02  -2.7338110e-02   4.7350996e-02   1.6911385e-15  -4.7350996e-02   3.0000000e+00
  -1.4360546e+00  -1.4378657e+00   0.0000000e+00   4.2302030e-09  -4.2302030e-09   2.7031520e-09  -2.7031520e-09   0.0000000e+00   1.5545667e-01   1.5545667e-01  -3.1091334e-01  -2.6925885e-01   2.6925885e-01  -1.1888631e-15   3.0000000e+00
  -1.4360546e+00  -1.4319936e+00   0.0000000e+00   1.0142311e-09  -1.0142311e-09   9.7135695e-10  -9.7135695e-10   0.0000000e+00  -6.0153164e-02  -6.0153164e-02   1.2030633e-01   1.0418834e-01  -1.0418834e-01  -5.8231712e-15   3.0000000e+00
  -1.4126729e+00  -1.4130860e+00   0.0000000e+00   7.6357542e-10  -7.6357542e-10   6.2954094e-10  -6.2954094e-10   0.0000000e+00  -4.3111132e-02  -4.3111132e-02   8.6222264e-02   7.4670671e-02  -7.4670671e-02  -7.8362516e-16   3.0000000e+00
  -1.3880544e+00  -1.3950431e+00   0.0000000e+00   1.4976818e-09  -1.4976818e-09   1.2921340e-09  -1.2921340e-09   0.0000000e+00  -1.5352610e-03   3.0705219e-03  -1.5352610e-03   2.6591500e-03  -3.1755929e-14  -2.6591500e-03   3.0000000e+00
  -1.3880544e+00  -1.3877763e+00   0.0000000e+00   6.6026736e-09  -6.6026736e-09   4.4158763e-09  -4.4158763e-09   0.0000000e+00   2.1385986e-01   2.1385986e-01  -4.2771972e-01  -3.7041614e-01   3.7041614e-01   2.9600453e-17   3.0000000e+00
  -1.3564293e+00  -1.3567377e+00   0.0000000e+00   7.2396260e-09  -7.2396260e-09   4.7593216e-09  -4.7593216e-09   0.0000000e+00   2.2818546e-01   2.2818546e-01  -4.5637092e-01  -3.9522881e-01   3.9522881e-01  -2.1936010e-16   3.0000000e+00
  -1.3564293e+00  -1.3476516e+00   0.0000000e+00   9.5180331e-11  -9.5180331e-11  -1.2024786e-10   1.2024786e-10   0.0000000e+00  -1.0966207e-02   2.1932414e-02  -1.0966207e-02  -1.8994028e-02  -6.6162353e-15   1.8994028e-02   3.0000000e+00
  -1.3317937e+00  -1.3325624e+00   0.0000000e+00   2.5593956e-09  -2.5593956e-09   1.7300883e-09  -1.7300883e-09   0.0000000e+00   1.1717181e-01   1.1717181e-01  -2.3434361e-01  -2.0294752e-01   2.0294752e-01  -3.5759777e-16   3.0000000e+00
  -1.3067979e+00  -1.3035130e+00   0.0000000e+00   1.4823348e-09  -1.4823348e-09   1.0313726e-09  -1.0313726e-09   0.0000000e+00  -2.5209577e-02  -2.5209577e-02   5.0419155e-02  -4.3664269e-02   4.3664269e-02   1.4270628e-15   3.0000000e+00
  -1.2632260e+00  -1.2628560e+00   0.0000000e+00   5.7181613e-09  -5.7181613e-09   3.8389336e-09  -3.8389336e-09   0.0000000e+00   1.8646045e-01  -3.7292090e-01   1.8646045e-01  -3.2295897e-01  -1.5265567e-16   3.2295897e-01   3.0000000e+00
  -1.2450717e+00  -1.2449305e+00   0.0000000e+00   3.6300533e-09  -3.6300533e-09   2.4935564e-09  -2.4935564e-09   0.0000000e+00  -3.5785420e-02  -3.5785420e-02   7.1570840e-02   6.1982166e-02  -6.1982166e-02  -2.4811175e-15   3.0000000e+00
  -1.2307901e+00  -1.2113510e+00   0.0000000e+00   6.0787238e-09  -6.0787238e-09   3.9471099e-09  -3.9471099e-09   0.0000000e+00  -3.0968678e-02  -3.0968678e-02   6.1937356e-02   5.3639323e-02  -5.3639323e-02   1.6163885e-14   3.0000000e+00
  -1.2112159e+00  -1.2101970e+00   0.0000000e+00   4.0777860e-10  -4.0777860e-10   5.4324312e-10  -5.4324312e-10   0.0000000e+00   4.3889106e-02   4.3889106e-02  -8.7778213e-02  -7.6018162e-02   7.6018162e-02   3.2493882e-15   3.0000000e+00
  -1.1680033e+00  -1.1838088e+00   0.0000000e+00   2.0130878e-09  -2.0130878e-09   1.6588027e-09  -1.6588027e-09   0.0000000e+00   8.7892846e-02  -1.7578569e-01   8.7892846e-02  -1.5223488e-01  -2.0487084e-15   1.5223488e-01   3.0000000e+00
  -1.1626234e+00  -1.1576104e+00   0.0000000e+00   4.7838547e-09  -4.7838547e-09   3.3459795e-09  -3.3459795e-09   0.0000000e+00   1.4529027e-01   1.4529027e-01  -2.9058054e-01  -2.5165013e-01   2.5165013e-01   1.5319624e-15   3.0000000e+00
  -1.1428382e+00  -1.1188426e+00   0.0000000e+00   1.0643667e-09  -1.0643667e-09   6.9403861e-10  -6.9403861e-10   0.0000000e+00   4.3782908e-02   4.3782908e-02  -8.7565816e-02  -7.5834222e-02   7.5834222e-02   2.0228844e-15   3.0000000e+00
  -1.1428382e+00  -1.1172828e+00   0.0000000e+00   8.6903049e-10  -8.6903049e-10   5.7860275e-10  -5.7860275e-10   0.0000000e+00  -3.4602941e-02  -3.4602941e-02   6.9205883e-02   5.9934053e-02  -5.9934053e-02  -4.6394259e-15   3.0000000e+00
  -1.0852903e+00  -1.0852841e+00   0.0000000e+00   5.7832580e-09  -5.7832580e-09   3.8318825e-09  -3.8318825e-09   0.0000000e+00   1.8902001e-01   1.8902001e-01  -3.7804001e-01  -3.2739226e-01   3.2739226e-01   3.6131035e-16   3.0000000e+00
  -1.0692968e+00  -1.0740309e+00   0.0000000e+00   2.2729704e-09  -2.2729704e-09   1.7566542e-09  -1.7566542e-09   0.0000000e+00   9.7678809e-02   9.7678809e-02  -1.9535762e-01  -1.6918466e-01   1.6918466e-01   1.2723786e-16   3.0000000e+00
  -1.0692968e+00  -1.0587350e+00   0.0000000e+00   1.5027257e-09  -1.5027257e-09   1.0472000e-09  -1.0472000e-09   0.0000000e+00   6.6396639e-02  -1.3279328e-01   6.6396639e-02  -1.1500235e-01   1.9081958e-17   1.1500235e-01   3.0000000e+00
  -1.0037194e+00  -1.0005988e+00   0.0000000e+00   2.6632837e-09  -2.6632837e-09   1.9122329e-09  -1.9122329e-09   0.0000000e+00   8.5076266e-02   8.5076266e-02  -1.7015253e-01  -1.4735641e-01   1.4735641e-01  -5.2458766e-16   3.0000000e+00
  -9.7860759e-01  -9.7955759e-01   0.0000000e+00   4.8526513e-09  -4.8526513e-09   3.1930826e-09  -3.1930826e-09   0.0000000e+00   1.5743391e-01  -3.1486783e-01   1.5743391e-01  -2.7268354e-01  -1.2143064e-16   2.7268354e-01   3.0000000e+00
  -9.7860759e-01  -9.6138865e-01   0.0000000e+00   1.9446927e-09  -1.9446927e-09   1.4246475e-09  -1.4246475e-09   0.0000000e+00   4.7764973e-02   4.7764973e-02  -9.5529946e-02  -8.2731360e-02   8.2731360e-02  -3.2330989e-16   3.0000000e+00
  -9.2785004e-01  -9.3041731e-01   0.0000000e+00   9.8092036e-11  -9.8092036e-11   2.4015162e-11  -2.4015162e-11   0.0000000e+00  -1.9208086e-03   3.8416172e-03  -1.9208086e-03   3.3269381e-03  -2.2236987e-16  -3.3269381e-03   3.0000000e+00
  -8.8919719e-01  -8.9112915e-01   0.0000000e+00   4.1060719e-09  -4.1060719e-09   2.8391590e-09  -2.8391590e-09   0.0000000e+00   1.2798044e-01   1.2798044e-01  -2.5596088e-01  -2.2166863e-01   2.2166863e-01   2.3823859e-16   3.0000000e+00
  -8.8919719e-01  -8.7533610e-01   0.0000000e+00   3.4559347e-10  -3.4559347e-10   1.3127153e-10  -1.3127153e-10   0.0000000e+00   2.7093893e-02  -5.4187787e-02   2.7093893e-02  -4.6928000e-02   4.8138576e-16   4.6928000e-02   3.0000000e+00
  -8.1794421e-01  -8.2738040e-01   0.0000000e+00   1.8492652e-09  -1.8492652e-09   1.3518345e-09  -1.3518345e-09   0.0000000e+00   7.6613557e-02   7.6613557e-02  -1.5322711e-01  -1.3269857e-01   1.3269857e-01   1.5582799e-16   3.0000000e+00
  -8.1794421e-01  -8.1949597e-01   0.0000000e+00   1.3741591e-09  -1.3741591e-09   1.0441506e-09  -1.0441506e-09   0.0000000e+00   5.7602919e-02  -1.1520584e-01   5.7602919e-02  -9.9771182e-02  -4.6577325e-16   9.9771182e-02   3.0000000e+00
  -7.8672936e-01  -7.6778023e-01   0.0000000e+00   1.1384610e-09  -1.1384610e-09   6.8896039e-10  -6.8896039e-10   0.0000000e+00   5.8248991e-02   5.8248991e-02  -1.1649798e-01  -1.0089021e-01   1.0089021e-01  -5.0142253e-16   3.0000000e+00
  -7.4479667e-01  -7.2976202e-01   0.0000000e+00   3.9787950e-10  -3.9787950e-10   3.1878736e-10  -3.1878736e-10   0.0000000e+00  -4.3830250e-03  -4.3830250e-03   8.7660500e-03   7.5916220e-03  -7.5916220e-03   4.2719379e-16   3.0000000e+00
  -6.8256040e-01  -6.2794184e-01   0.0000000e+00   2.8105890e-11  -2.8105890e-11   3.9283217e-12  -3.9283217e-12   0.0000000e+00   5.6984298e-03  -1.1396860e-02   5.6984298e-03  -9.8699699e-03  -1.6621904e-15   9.8699699e-03   3.0000000e+00
  -6.8256040e-01  -5.5930320e-01   0.0000000e+00   6.8105018e-13  -6.8105018e-13  -5.3132454e-12   5.3132454e-12   0.0000000e+00  -1.1417013e-03   2.2834026e-03  -1.1417013e-03  -1.9774847e-03  -7.8833153e-15   1.9774847e-03   3.0000000e+00
