  -4.9844796e+00  -4.9844796e+00   3.3024165e-01   9.6616216e-02   2.3362543e-01   4.9536247e-01   2.8111609e-02   2.3362543e-01   2.3362543e-01   3.0000000e+00
  -4.5797477e+00  -4.5797475e+00   3.9663124e-01   2.5406693e-01   1.4256431e-01   5.9494805e-01   2.5406859e-01   8.6812528e-02   2.5406693e-01   3.0000000e+00
  -4.4779576e+00  -4.4779578e+00   3.2668791e-01   7.4128048e-02   2.5255986e-01   4.9003084e-01  -1.5087456e-02   2.5255844e-01   2.5255986e-01   3.0000000e+00
  -4.2209912e+00  -4.2209589e+00   4.7709676e-01   1.9403543e-01   2.8306133e-01   7.1583627e-01   2.8333030e-01   1.4944464e-01   2.8306133e-01   3.0000000e+00
  -4.1324050e+00  -4.1324526e+00   4.1119874e-01   1.2724129e-01   2.8395744e-01   6.1652133e-01   4.8983726e-02   2.8358016e-01   2.8395744e-01   3.0000000e+00
  -4.0139715e+00  -4.0139459e+00   3.3564536e-01   5.7363538e-02   2.7828183e-01   5.0362879e-01  -5.3142879e-02   2.7848984e-01   2.7828183e-01   3.0000000e+00
  -3.9160889e+00  -3.9137948e+00   5.8172918e-01   3.2293909e-01   2.5879009e-01   8.8330353e-01   2.2088387e-01   3.3948058e-01   3.2293909e-01   3.0000000e+00
  -3.8406276e+00  -3.8445828e+00   5.4804340e-01   1.9689435e-01   3.5114904e-01   8.0437744e-01   1.2507497e-01   3.2815343e-01   3.5114904e-01   3.0000000e+00
  -3.7371881e+00  -3.7323727e+00   4.6144397e-01   1.3700476e-01   3.2443920e-01   7.2210027e-01   4.1470777e-02   3.2443920e-01   3.5619029e-01   3.0000000e+00
  -3.6984813e+00  -3.6755401e+00   7.4512573e-01   4.4005111e-01   3.0507462e-01   1.1444341e+00   5.2161445e-01   3.1774499e-01   3.0507462e-01   3.0000000e+00
  -3.5978887e+00  -3.6305140e+00   6.2481946e-01   3.3846020e-01   2.8635926e-01   8.1820416e-01   1.7370484e-01   3.0603912e-01   3.3846020e-01   3.0000000e+00
  -3.5978887e+00  -3.5963469e+00   3.7655845e-01   3.1998908e-01   5.6569374e-02   5.6994315e-01  -5.4655516e-02   3.0460959e-01   3.1998908e-01   3.0000000e+00
  -3.5516423e+00  -3.5086995e+00   5.3859441e-01   3.1673505e-01   2.2185936e-01   8.9613684e-01   4.3295581e-01   1.4644598e-01   3.1673505e-01   3.0000000e+00
  -3.5166268e+00  -3.4654313e+00   5.5532299e-01   3.1694013e-01   2.3838286e-01   9.2625441e-01   3.7686373e-01   3.1100782e-01   2.3838286e-01   3.0000000e+00
  -3.3839477e+00  -3.4112242e+00   6.0469711e-01   1.9113777e-01   4.1355934e-01   8.6794438e-01   2.5795995e-01   4.1884666e-01   1.9113777e-01   3.0000000e+00
  -3.3752150e+00  -3.3732328e+00   4.9752725e-01   2.0911335e-01   2.8841390e-01   7.2707772e-01   2.7736033e-01   1.6130349e-01   2.8841390e-01   3.0000000e+00
  -3.3181448e+00  -3.2932682e+00   4.4628804e-01   1.5955043e-01   2.8673761e-01   6.3286915e-01   1.9340931e-01   1.5272222e-01   2.8673761e-01   3.0000000e+00
  -3.2678824e+00  -3.2386930e+00   4.5835384e-01   1.2660581e-01   3.3174803e-01   7.5406272e-01   4.5669472e-02   3.7664522e-01   3.3174803e-01   3.0000000e+00
  -3.2446316e+00  -3.2214054e+00   3.7711524e-01   2.2663934e-01   1.5047590e-01   6.1282279e-01   9.5113855e-02   2.9106959e-01   2.2663934e-01   3.0000000e+00
  -3.1633742e+00  -3.1754072e+00   3.3990332e-01   1.8423974e-01   1.5566358e-01   5.8006192e-01   2.9441964e-01   1.2997870e-01   1.5566358e-01   3.0000000e+00
  -3.1495122e+00  -3.0979320e+00   4.1440002e-01   1.7190814e-01   2.4249188e-01   5.8733018e-01   2.1219715e-01   1.3264115e-01   2.4249188e-01   3.0000000e+00
  -3.1007877e+00  -3.0596650e+00   3.4498832e-01   2.1066252e-01   1.3432580e-01   4.8511028e-01   6.4163970e-02   2.1028379e-01   2.1066252e-01   3.0000000e+00
  -2.9964490e+00  -3.0219876e+00   3.2695554e-01   8.0953221e-02   2.4600232e-01   4.3281032e-01   1.1535283e-01   7.1455167e-02   2.4600232e-01   3.0000000e+00
  -2.9740114e+00  -2.9672234e+00   4.3481755e-01   1.3544810e-01   2.9936945e-01   6.0847211e-01   3.0467322e-01   1.6835078e-01   1.3544810e-01   3.0000000e+00
  -2.9117626e+00  -2.9310906e+00   1.9998452e-01   1.3449663e-01   6.5487886e-02   3.9996258e-01   2.0059263e-01   6.4873323e-02   1.3449663e-01   3.0000000e+00
  -2.9078858e+00  -2.8642223e+00   2.7823340e-01   6.2410076e-02   2.1582332e-01   4.0247690e-01   2.9203592e-01   4.8030899e-02   6.2410076e-02   3.0000000e+00
  -2.8591140e+00  -2.8237622e+00   1.6943125e-01   8.2471181e-02   8.6960066e-02   2.4723757e-01   4.5490107e-02   1.1478740e-01   8.6960066e-02   3.0000000e+00
  -2.8032834e+00  -2.7774972e+00   2.5566908e-01   9.8179310e-02   1.5748977e-01   4.2766934e-01   2.7388069e-01   5.5609347e-02   9.8179310e-02   3.0000000e+00
  -2.7476492e+00  -2.7477497e+00   1.3750832e-01   6.1036143e-02   7.6472178e-02   2.4759221e-01   1.6436485e-01   6.7551876e-03   7.6472178e-02   3.0000000e+00
  -2.6975345e+00  -2.6810915e+00   9.2677004e-02   6.8987746e-02   2.3689258e-02   1.9492818e-01   1.4082344e-01  -1.4883006e-02   6.8987746e-02   3.0000000e+00
  -2.6493412e+00  -2.6440942e+00   3.0661878e-01   1.2872076e-01   1.7789802e-01   3.9182978e-01  -2.6376293e-02   2.8948531e-01   1.2872076e-01   3.0000000e+00
  -2.6321670e+00  -2.5969676e+00   1.4515317e-01   5.2615656e-02   9.2537511e-02   1.7718651e-01   3.0228631e-02   9.4342221e-02   5.2615656e-02   3.0000000e+00
  -2.5802291e+00  -2.5585219e+00   4.5692534e-02   1.0825390e-01  -6.2561367e-02   9.7309723e-02   4.0521369e-02   1.1934972e-01  -6.2561367e-02   3.0000000e+00
  -2.5146892e+00  -2.4937834e+00   1.5866472e-01   9.5741424e-02   6.2923299e-02   1.4717727e-01  -1.9271728e-02   7.0707576e-02   9.5741424e-02   3.0000000e+00
  -2.5021011e+00  -2.4661324e+00   6.6276055e-03   1.9446344e-02  -1.2818738e-02   8.8389997e-02   8.8887246e-02  -1.9943592e-02   1.9446344e-02   3.0000000e+00
  -2.4025218e+00  -2.4445576e+00   1.2343825e-01  -5.5138524e-02   1.7857678e-01   1.3266667e-01   9.3247633e-03  -5.5234868e-02   1.7857678e-01   3.0000000e+00
  -2.4011241e+00  -2.3757146e+00   7.3119331e-03   3.9641226e-03   3.3478104e-03   2.8547743e-02   2.2320971e-02   2.2626488e-03   3.9641226e-03   3.0000000e+00
  -2.3282065e+00  -2.3382989e+00   7.7142548e-03   2.8241288e-02  -2.0527033e-02   1.0182795e-02  -6.1139918e-02   4.3081425e-02   2.8241288e-02   3.0000000e+00
  -2.2942261e+00  -2.3071654e+00  -3.0870823e-02  -2.0293721e-02  -1.0577102e-02   3.7810537e-02   8.5130721e-02  -3.6743082e-02  -1.0577102e-02   3.0000000e+00
  -2.2457813e+00  -2.2490674e+00  -4.5196018e-02  -5.1418301e-02   6.2222822e-03  -7.6425823e-02   1.3811539e-01  -1.6312292e-01  -5.1418301e-02   3.0000000e+00
  -2.2454275e+00  -2.1905962e+00  -6.0516808e-02  -4.9833442e-02  -1.0683366e-02  -8.9710090e-02  -1.8310531e-01   1.0407859e-01  -1.0683366e-02   3.0000000e+00
  -2.1977924e+00  -2.1524240e+00  -8.0148091e-02   1.5124624e-02  -9.5272715e-02  -6.3275413e-02   1.2121734e-01  -8.9220039e-02  -9.5272715e-02   3.0000000e+00
  -2.1469425e+00  -2.1105047e+00  -2.0018294e-02  -6.5455502e-02   4.5437208e-02  -4.6970744e-02  -2.9125787e-02   4.7610546e-02  -6.5455502e-02   3.0000000e+00
  -2.1237499e+00  -2.0816132e+00  -1.3060687e-01  -1.0086611e-01  -2.9740766e-02  -2.1344308e-01  -1.5856888e-01  -2.5133443e-02  -2.9740766e-02   3.0000000e+00
  -2.0372328e+00  -2.0360396e+00  -1.3991697e-01   5.8165742e-02  -1.9808271e-01  -2.4097885e-01  -3.0206221e-01   2.9176183e-03   5.8165742e-02   3.0000000e+00
  -2.0205018e+00  -1.9786585e+00  -1.4129276e-01   2.6098153e-02  -1.6739091e-01  -1.7373276e-01  -3.1680968e-02  -1.6814995e-01   2.6098153e-02   3.0000000e+00
  -1.9531378e+00  -1.9638367e+00  -1.4320310e-01   7.3811708e-02  -2.1701480e-01  -2.3162144e-01  -2.9138460e-01  -1.4048545e-02   7.3811708e-02   3.0000000e+00
  -1.9158604e+00  -1.9263935e+00  -1.1152112e-01  -1.4761797e-01   3.6096849e-02  -2.1385043e-01  -1.2968441e-01   6.3451946e-02  -1.4761797e-01   3.0000000e+00
  -1.9158604e+00  -1.8878981e+00  -1.8815241e-01  -2.3592537e-01   4.7772964e-02  -2.9048172e-01  -3.7435668e-01   3.6101988e-02   4.7772964e-02   3.0000000e+00
  -1.8330890e+00  -1.8178197e+00  -2.8529342e-01   6.3893191e-03  -2.9168274e-01  -4.3588400e-01  -4.5166759e-01   9.3942658e-03   6.3893191e-03   3.0000000e+00
  -1.8036685e+00  -1.7912480e+00  -1.7216607e-01   8.0949790e-02  -2.5311586e-01  -2.5369588e-01   1.7523253e-01  -1.7581254e-01  -2.5311586e-01   3.0000000e+00
  -1.7534058e+00  -1.7486678e+00  -3.0334364e-01  -1.0679723e-02  -2.9266392e-01  -4.5834848e-01  -4.4804097e-01   3.7221325e-04  -1.0679723e-02   3.0000000e+00
  -1.7284406e+00  -1.7060044e+00  -2.2153897e-01  -2.0039213e-01  -2.1146844e-02  -3.2315559e-01  -3.0830085e-01   6.2921056e-03  -2.1146844e-02   3.0000000e+00
  -1.6886721e+00  -1.6694644e+00  -2.9887779e-01  -2.8093728e-01  -1.7940512e-02  -3.6410578e-01   3.8986645e-02  -1.2215515e-01  -2.8093728e-01   3.0000000e+00
  -1.6568736e+00  -1.5954790e+00  -4.0538843e-01  -4.0555690e-01   1.6847098e-04  -5.3954593e-01  -4.5816996e-01  -8.1544438e-02   1.6847098e-04   3.0000000e+00
  -1.5898412e+00  -1.5745810e+00  -2.8646941e-01  -2.1952945e-01  -6.6939955e-02  -4.8769279e-01   9.9065531e-03  -2.7806989e-01  -2.1952945e-01   3.0000000e+00
  -1.5640297e+00  -1.5368292e+00  -3.0329216e-01   1.0053541e-02  -3.1334570e-01  -4.2880301e-01   2.0827217e-01  -3.2372948e-01  -3.1334570e-01   3.0000000e+00
  -1.5319101e+00  -1.5312516e+00  -3.9907974e-01  -5.1827584e-02  -3.4725216e-01  -6.2485139e-01  -5.4972392e-01  -2.3299884e-02  -5.1827584e-02   3.0000000e+00
  -1.4536710e+00  -1.4664451e+00  -2.7295274e-01  -1.7050251e-01  -1.0245023e-01  -4.5274486e-01   9.5960243e-02  -3.7820259e-01  -1.7050251e-01   3.0000000e+00
  -1.4377253e+00  -1.4304242e+00  -3.6375050e-01  -3.4080467e-02  -3.2967003e-01  -5.2694171e-01  -5.0808790e-03  -1.9219080e-01  -3.2967003e-01   3.0000000e+00
  -1.4140178e+00  -1.3538848e+00  -5.1473973e-01  -4.9167233e-01  -2.3067398e-02  -6.8839483e-01  -1.5948018e-01  -5.0584725e-01  -2.3067398e-02   3.0000000e+00
  -1.3539460e+00  -1.3294531e+00  -3.7111511e-01  -3.5444202e-02  -3.3567091e-01  -6.2732568e-01  -2.5780301e-01  -3.3851761e-02  -3.3567091e-01   3.0000000e+00
  -1.3072397e+00  -1.3025899e+00  -6.0713548e-01  -1.7814961e-02  -5.8932052e-01  -7.9851190e-01  -1.9395068e-01  -1.5240692e-02  -5.8932052e-01   3.0000000e+00
  -1.3028576e+00  -1.2948824e+00  -3.3593196e-01  -8.8080290e-02  -2.4785167e-01  -6.3988775e-01  -3.0457480e-01  -8.7461281e-02  -2.4785167e-01   3.0000000e+00
  -1.2578192e+00  -1.2170281e+00  -3.8818018e-01  -2.8639431e-01  -1.0178588e-01  -5.6081259e-01   1.2537633e-01  -3.9979462e-01  -2.8639431e-01   3.0000000e+00
  -1.1943794e+00  -1.1934544e+00  -4.6114345e-01  -3.5031266e-01  -1.1083079e-01  -7.0967382e-01  -5.8111336e-01  -1.7729672e-02  -1.1083079e-01   3.0000000e+00
  -1.1943794e+00  -1.1587613e+00  -4.2039194e-01  -2.6556903e-01  -1.5482291e-01  -6.6892231e-01  -3.4228850e-01  -1.7181089e-01  -1.5482291e-01   3.0000000e+00
  -1.1057097e+00  -1.1057709e+00  -6.1171384e-01  -5.8547874e-01  -2.6235098e-02  -9.1821961e-01  -8.6264476e-01  -2.9339747e-02  -2.6235098e-02   3.0000000e+00
  -1.0841673e+00  -1.0709746e+00  -4.7841340e-01  -3.9484580e-01  -8.3567605e-02  -7.1555584e-01  -6.4816601e-01   1.6177774e-02  -8.3567605e-02   3.0000000e+00
  -1.0348204e+00  -1.0030452e+00  -4.6016738e-01  -4.7428322e-01   1.4115844e-02  -6.7466210e-01   8.0864941e-02  -2.8124382e-01  -4.7428322e-01   3.0000000e+00
  -9.5666199e-01  -9.4589042e-01  -6.0313778e-01  -4.2489237e-02  -5.6064855e-01  -8.4500855e-01  -2.4763125e-01  -3.6728752e-02  -5.6064855e-01   3.0000000e+00
  -9.5500948e-01  -8.8709134e-01  -5.1994525e-01  -2.5079984e-01  -2.6914542e-01  -7.9155264e-01  -9.6798552e-02  -4.2560867e-01  -2.6914542e-01   3.0000000e+00
  -9.3634989e-01  -8.2490219e-01  -5.8541479e-01  -2.6914204e-02  -5.5850059e-01  -8.5132639e-01   6.1891183e-02  -3.5471699e-01  -5.5850059e-01   3.0000000e+00
  -8.1990058e-01  -7.7805008e-01  -5.3693064e-01  -2.6633967e-01  -2.7059097e-01  -8.3417024e-01  -3.3872054e-01  -2.2485872e-01  -2.7059097e-01   3.0000000e+00
  -7.5428097e-01  -7.3259626e-01  -5.8108390e-01  -3.0225644e-01  -2.7882746e-01  -8.6323141e-01  -7.0549153e-01   1.2108757e-01  -2.7882746e-01   3.0000000e+00
  -6.1102195e-01  -6.7767716e-01  -5.9630188e-01  -2.0625949e-01  -3.9004240e-01  -9.1024046e-01  -5.9323594e-01  -1.1074504e-01  -2.0625949e-01   3.0000000e+00
  -6.0964424e-01  -5.1618857e-01  -6.4690076e-01  -3.2318708e-01  -3.2371368e-01  -9.5946960e-01  -1.2394857e-01  -5.1180735e-01  -3.2371368e-01   3.0000000e+00
