  -4.9844796e+00  -4.9844796e+00   0.0000000e+00   1.9214833e-09  -1.9214833e-09   0.0000000e+00   0.0000000e+00   1.9214833e-09  -1.9214833e-09   3.0000000e+00
  -4.5797477e+00  -4.5797475e+00   0.0000000e+00   8.1190098e-07  -8.1190098e-07   0.0000000e+00   0.0000000e+00   8.1190098e-07  -8.1190098e-07   3.0000000e+00
  -4.4779576e+00  -4.4779578e+00   0.0000000e+00  -7.7177426e-07   7.7177426e-07   0.0000000e+00   0.0000000e+00  -7.7177426e-07   7.7177426e-07   3.0000000e+00
  -4.2209912e+00  -4.2209589e+00   0.0000000e+00   1.0688984e-04  -1.0688984e-04   0.0000000e+00   0.0000000e+00   1.0688984e-04  -1.0688984e-04   3.0000000e+00
  -4.1324050e+00  -4.1324526e+00   0.0000000e+00  -1.7792442e-04   1.7792442e-04   0.0000000e+00   0.0000000e+00  -1.7792442e-04   1.7792442e-04   3.0000000e+00
  -4.0139715e+00  -4.0139459e+00   0.0000000e+00   1.0562105e-04  -1.0562105e-04   0.0000000e+00   0.0000000e+00   1.0562105e-04  -1.0562105e-04   3.0000000e+00
  -3.9160889e+00  -3.9137948e+00   0.0000000e+00   4.7655796e-03  -4.7655796e-03   0.0000000e+00   0.0000000e+00   4.7655796e-03  -4.7655796e-03   3.0000000e+00
  -3.8406276e+00  -3.8445828e+00   0.0000000e+00  -9.5965873e-03   9.5965873e-03   0.0000000e+00   0.0000000e+00  -9.5965873e-03   9.5965873e-03   3.0000000e+00
  -3.7371881e+00  -3.7323727e+00   0.0000000e+00   1.2084379e-02  -1.2084379e-02   0.0000000e+00   0.0000000e+00   1.2084379e-02  -1.2084379e-02   3.0000000e+00
  -3.6984813e+00  -3.6755401e+00   0.0000000e+00   2.2562337e-02  -2.2562337e-02   0.0000000e+00   0.0000000e+00   2.2562337e-02  -2.2562337e-02   3.0000000e+00
  -3.5978887e+00  -3.6305140e+00   0.0000000e+00  -4.4561866e-02   4.4561866e-02   0.0000000e+00   0.0000000e+00  -4.4561866e-02   4.4561866e-02   3.0000000e+00
  -3.5978887e+00  -3.5963469e+00   0.0000000e+00  -2.4456861e-03   2.4456861e-03   0.0000000e+00   0.0000000e+00  -2.4456861e-03   2.4456861e-03   3.0000000e+00
  -3.5516423e+00  -3.5086995e+00   0.0000000e+00   6.6716038e-02  -6.6716038e-02   0.0000000e+00   0.0000000e+00   6.6716038e-02  -6.6716038e-02   3.0000000e+00
  -3.5166268e+00  -3.4654313e+00   0.0000000e+00  -7.0327700e-03   7.0327700e-03   0.0000000e+00   0.0000000e+00  -7.0327700e-03   7.0327700e-03   3.0000000e+00
  -3.3839477e+00  -3.4112242e+00   0.0000000e+00  -7.1054440e-02   7.1054440e-02   0.0000000e+00   0.0000000e+00  -7.1054440e-02   7.1054440e-02   3.0000000e+00
  -3.3752150e+00  -3.3732328e+00   0.0000000e+00   1.2063946e-02  -1.2063946e-02   0.0000000e+00   0.0000000e+00   1.2063946e-02  -1.2063946e-02   3.0000000e+00
  -3.3181448e+00  -3.2932682e+00   0.0000000e+00   3.8011855e-02  -3.8011855e-02   0.0000000e+00   0.0000000e+00   3.8011855e-02  -3.8011855e-02   3.0000000e+00
  -3.2678824e+00  -3.2386930e+00   0.0000000e+00   4.1762714e-02  -4.1762714e-02   0.0000000e+00   0.0000000e+00   4.1762714e-02  -4.1762714e-02   3.0000000e+00
  -3.2446316e+00  -3.2214054e+00   0.0000000e+00  -7.1192257e-02   7.1192257e-02   0.0000000e+00   0.0000000e+00  -7.1192257e-02   7.1192257e-02   3.0000000e+00
  -3.1633742e+00  -3.1754072e+00   0.0000000e+00  -3.2677571e-02   3.2677571e-02   0.0000000e+00   0.0000000e+00  -3.2677571e-02   3.2677571e-02   3.0000000e+00
  -3.1495122e+00  -3.0979320e+00   0.0000000e+00   9.4832517e-02  -9.4832517e-02   0.0000000e+00   0.0000000e+00   9.4832517e-02  -9.4832517e-02   3.0000000e+00
  -3.1007877e+00  -3.0596650e+00   0.0000000e+00   9.2904527e-02  -9.2904527e-02   0.0000000e+00   0.0000000e+00   9.2904527e-02  -9.2904527e-02   3.0000000e+00
  -2.9964490e+00  -3.0219876e+00   0.0000000e+00  -3.7246389e-02   3.7246389e-02   0.0000000e+00   0.0000000e+00  -3.7246389e-02   3.7246389e-02   3.0000000e+00
  -2.9740114e+00  -2.9672234e+00   0.0000000e+00  -1.6329781e-01   1.6329781e-01   0.0000000e+00   0.0000000e+00  -1.6329781e-01   1.6329781e-01   3.0000000e+00
  -2.9117626e+00  -2.9310906e+00   0.0000000e+00   1.8696846e-02  -1.8696846e-02   0.0000000e+00   0.0000000e+00   1.8696846e-02  -1.8696846e-02   3.0000000e+00
  -2.9078858e+00  -2.8642223e+00   0.0000000e+00  -6.8623767e-02   6.8623767e-02   0.0000000e+00   0.0000000e+00  -6.8623767e-02   6.8623767e-02   3.0000000e+00
  -2.8591140e+00  -2.8237622e+00   0.0000000e+00  -9.3076298e-03   9.3076298e-03   0.0000000e+00   0.0000000e+00   9.3076298e-03  -9.3076298e-03   3.0000000e+00
  -2.8032834e+00  -2.7774972e+00   0.0000000e+00   1.5582167e-02  -1.5582167e-02   0.0000000e+00   0.0000000e+00   1.5582167e-02  -1.5582167e-02   3.0000000e+00
  -2.7476492e+00  -2.7477497e+00   0.0000000e+00   6.5115185e-02  -6.5115185e-02   0.0000000e+00   0.0000000e+00   6.5115185e-02  -6.5115185e-02   3.0000000e+00
  -2.6975345e+00  -2.6810915e+00   0.0000000e+00   3.9084973e-02  -3.9084973e-02   0.0000000e+00   0.0000000e+00   3.9084973e-02  -3.9084973e-02   3.0000000e+00
  -2.6493412e+00  -2.6440942e+00   0.0000000e+00   2.2365620e-01  -2.2365620e-01   0.0000000e+00   0.0000000e+00   2.2365620e-01  -2.2365620e-01   3.0000000e+00
  -2.6321670e+00  -2.5969676e+00   0.0000000e+00  -4.4061000e-02   4.4061000e-02   0.0000000e+00   0.0000000e+00  -4.4061000e-02   4.4061000e-02   3.0000000e+00
  -2.5802291e+00  -2.5585219e+00   0.0000000e+00  -7.9197932e-02   7.9197932e-02   0.0000000e+00   0.0000000e+00  -7.9197932e-02   7.9197932e-02   3.0000000e+00
  -2.5146892e+00  -2.4937834e+00   0.0000000e+00  -1.1161528e-01   1.1161528e-01   0.0000000e+00   0.0000000e+00  -1.1161528e-01   1.1161528e-01   3.0000000e+00
  -2.5021011e+00  -2.4661324e+00   0.0000000e+00  -8.4334765e-02   8.4334765e-02   0.0000000e+00   0.0000000e+00  -8.4334765e-02   8.4334765e-02   3.0000000e+00
  -2.4025218e+00  -2.4445576e+00   0.0000000e+00  -1.5243115e-01   1.5243115e-01   0.0000000e+00   0.0000000e+00  -1.5243115e-01   1.5243115e-01   3.0000000e+00
  -2.4011241e+00  -2.3757146e+00   0.0000000e+00   1.6065969e-01  -1.6065969e-01   0.0000000e+00   0.0000000e+00   1.6065969e-01  -1.6065969e-01   3.0000000e+00
  -2.3282065e+00  -2.3382989e+00   0.0000000e+00  -1.0807532e-02   1.0807532e-02   0.0000000e+00   0.0000000e+00  -1.0807532e-02   1.0807532e-02   3.0000000e+00
  -2.2942261e+00  -2.3071654e+00   0.0000000e+00   6.5718002e-02  -6.5718002e-02   0.0000000e+00   0.0000000e+00   6.5718002e-02  -6.5718002e-02   3.0000000e+00
  -2.2457813e+00  -2.2490674e+00   0.0000000e+00  -8.5126969e-02   8.5126969e-02   0.0000000e+00   0.0000000e+00  -8.5126969e-02   8.5126969e-02   3.0000000e+00
  -2.2454275e+00  -2.1905962e+00   0.0000000e+00   2.2002027e-01  -2.2002027e-01   0.0000000e+00   0.0000000e+00   2.2002027e-01  -2.2002027e-01   3.0000000e+00
  -2.1977924e+00  -2.1524240e+00   0.0000000e+00  -1.7793018e-01   1.7793018e-01   0.0000000e+00   0.0000000e+00  -1.7793018e-01   1.7793018e-01   3.0000000e+00
  -2.1469425e+00  -2.1105047e+00   0.0000000e+00   2.8221359e-01  -2.8221359e-01   0.0000000e+00   0.0000000e+00   2.8221359e-01  -2.8221359e-01   3.0000000e+00
  -2.1237499e+00  -2.0816132e+00   0.0000000e+00  -2.6001326e-01   2.6001326e-01   0.0000000e+00   0.0000000e+00  -2.6001326e-01   2.6001326e-01   3.0000000e+00
  -2.0372328e+00  -2.0360396e+00   0.0000000e+00   1.3865618e-01  -1.3865618e-01   0.0000000e+00   0.0000000e+00   1.3865618e-01  -1.3865618e-01   3.0000000e+00
  -2.0205018e+00  -1.9786585e+00   0.0000000e+00   1.1046894e-01  -1.1046894e-01   0.0000000e+00   0.0000000e+00   1.1046894e-01  -1.1046894e-01   3.0000000e+00
  -1.9531378e+00  -1.9638367e+00   0.0000000e+00   8.2164562e-02  -8.2164562e-02   0.0000000e+00   0.0000000e+00   8.2164562e-02  -8.2164562e-02   3.0000000e+00
  -1.9158604e+00  -1.9263935e+00   0.0000000e+00  -8.6961212e-02   8.6961212e-02   0.0000000e+00   0.0000000e+00  -8.6961212e-02   8.6961212e-02   3.0000000e+00
  -1.9158604e+00  -1.8878981e+00   0.0000000e+00  -2.3964330e-01   2.3964330e-01   0.0000000e+00   0.0000000e+00  -2.3964330e-01   2.3964330e-01   3.0000000e+00
  -1.8330890e+00  -1.8178197e+00   0.0000000e+00  -1.0016686e-01   1.0016686e-01   0.0000000e+00   0.0000000e+00  -1.0016686e-01   1.0016686e-01   3.0000000e+00
  -1.8036685e+00  -1.7912480e+00   0.0000000e+00   1.9506283e-01  -1.9506283e-01   0.0000000e+00   0.0000000e+00   1.9506283e-01  -1.9506283e-01   3.0000000e+00
  -1.7534058e+00  -1.7486678e+00   0.0000000e+00  -3.2260958e-02   3.2260958e-02   0.0000000e+00   0.0000000e+00  -3.2260958e-02   3.2260958e-02   3.0000000e+00
  -1.7284406e+00  -1.7060044e+00   0.0000000e+00  -4.4894501e-01   4.4894501e-01   0.0000000e+00   0.0000000e+00  -4.4894501e-01   4.4894501e-01   3.0000000e+00
  -1.6886721e+00  -1.6694644e+00   0.0000000e+00  -9.0512682e-02   9.0512682e-02   0.0000000e+00   0.0000000e+00  -9.0512682e-02   9.0512682e-02   3.0000000e+00
  -1.6568736e+00  -1.5954790e+00   0.0000000e+00   1.0428256e-01  -1.0428256e-01   0.0000000e+00   0.0000000e+00   1.0428256e-01  -1.0428256e-01   3.0000000e+00
  -1.5898412e+00  -1.5745810e+00   0.0000000e+00   3.9410861e-01  -3.9410861e-01   0.0000000e+00   0.0000000e+00   3.9410861e-01  -3.9410861e-01   3.0000000e+00
  -1.5640297e+00  -1.5368292e+00   0.0000000e+00  -3.1351962e-02   3.1351962e-02   0.0000000e+00   0.0000000e+00  -3.1351962e-02   3.1351962e-02   3.0000000e+00
  -1.5319101e+00  -1.5312516e+00   0.0000000e+00  -3.2480528e-02   3.2480528e-02   0.0000000e+00   0.0000000e+00  -3.2480528e-02   3.2480528e-02   3.0000000e+00
  -1.4536710e+00  -1.4664451e+00   0.0000000e+00   5.7981900e-01  -5.7981900e-01   0.0000000e+00   0.0000000e+00   5.7981900e-01  -5.7981900e-01   3.0000000e+00
  -1.4377253e+00  -1.4304242e+00   0.0000000e+00   1.9054860e-01  -1.9054860e-01   0.0000000e+00   0.0000000e+00   1.9054860e-01  -1.9054860e-01   3.0000000e+00
  -1.4140178e+00  -1.3538848e+00   0.0000000e+00  -3.1193979e-02   3.1193979e-02   0.0000000e+00   0.0000000e+00  -3.1193979e-02   3.1193979e-02   3.0000000e+00
  -1.3539460e+00  -1.3294531e+00   0.0000000e+00  -4.6697481e-02   4.6697481e-02   0.0000000e+00   0.0000000e+00  -4.6697481e-02   4.6697481e-02   3.0000000e+00
  -1.3072397e+00  -1.3025899e+00   0.0000000e+00  -3.3070843e-03   3.3070843e-03   0.0000000e+00   0.0000000e+00  -3.3070843e-03   3.3070843e-03   3.0000000e+00
  -1.3028576e+00  -1.2948824e+00   0.0000000e+00  -7.4926177e-01   7.4926177e-01   0.0000000e+00   0.0000000e+00  -7.4926177e-01   7.4926177e-01   3.0000000e+00
  -1.2578192e+00  -1.2170281e+00   0.0000000e+00  -7.1397839e-01   7.1397839e-01   0.0000000e+00   0.0000000e+00  -7.1397839e-01   7.1397839e-01   3.0000000e+00
  -1.1943794e+00  -1.1934544e+00   0.0000000e+00  -1.0978608e-01   1.0978608e-01   0.0000000e+00   0.0000000e+00  -1.0978608e-01   1.0978608e-01   3.0000000e+00
  -1.1943794e+00  -1.1587613e+00   0.0000000e+00   9.2122993e-01  -9.2122993e-01   0.0000000e+00   0.0000000e+00   9.2122993e-01  -9.2122993e-01   3.0000000e+00
  -1.1057097e+00  -1.1057709e+00   0.0000000e+00   4.5641834e-03  -4.5641834e-03   0.0000000e+00   0.0000000e+00   4.5641834e-03  -4.5641834e-03   3.0000000e+00
  -1.0841673e+00  -1.0709746e+00   0.0000000e+00  -1.7657508e-01   1.7657508e-01   0.0000000e+00   0.0000000e+00  -1.7657508e-01   1.7657508e-01   3.0000000e+00
  -1.0348204e+00  -1.0030452e+00   0.0000000e+00   5.1547219e-01  -5.1547219e-01   0.0000000e+00   0.0000000e+00   5.1547219e-01  -5.1547219e-01   3.0000000e+00
  -9.5666199e-01  -9.4589042e-01   0.0000000e+00  -9.4091844e-03   9.4091844e-03   0.0000000e+00   0.0000000e+00  -9.4091844e-03   9.4091844e-03   3.0000000e+00
  -9.5500948e-01  -8.8709134e-01   0.0000000e+00  -1.2211753e+00   1.2211753e+00   0.0000000e+00   0.0000000e+00  -1.2211753e+00   1.2211753e+00   3.0000000e+00
  -9.3634989e-01  -8.2490219e-01   0.0000000e+00   1.0530758e-01  -1.0530758e-01   0.0000000e+00   0.0000000e+00   1.0530758e-01  -1.0530758e-01   3.0000000e+00
  -8.1990058e-01  -7.7805008e-01   0.0000000e+00  -1.4738817e+00   1.4738817e+00   0.0000000e+00   0.0000000e+00   1.4738817e+00  -1.4738817e+00   3.0000000e+00
  -7.5428097e-01  -7.3259626e-01   0.0000000e+00  -7.2577084e-01   7.2577084e-01   0.0000000e+00   0.0000000e+00  -7.2577084e-01   7.2577084e-01   3.0000000e+00
  -6.1102195e-01  -6.7767716e-01   0.0000000e+00  -1.1306768e+00   1.1306768e+00   0.0000000e+00   0.0000000e+00   1.1306768e+00  -1.1306768e+00   3.0000000e+00
  -6.0964424e-01  -5.1618857e-01   0.0000000e+00  -1.6755295e+00   1.6755295e+00   0.0000000e+00   0.0000000e+00  -1.6755295e+00   1.6755295e+00   3.0000000e+00
