  -5.0519677e+00  -5.0519677e+00   0.0000000e+00   2.3759962e-13  -2.3759962e-13   0.0000000e+00   0.0000000e+00   2.3759962e-13  -2.3759962e-13   3.0000000e+00
  -4.7564372e+00  -4.7564372e+00   0.0000000e+00  -1.6982920e-10   1.6982920e-10   0.0000000e+00   0.0000000e+00   1.6982920e-10  -1.6982920e-10   3.0000000e+00
  -4.6838961e+00  -4.6838961e+00   0.0000000e+00  -1.5839701e-10   1.5839701e-10   0.0000000e+00   0.0000000e+00  -1.5839701e-10   1.5839701e-10   3.0000000e+00
  -4.4834394e+00  -4.4834394e+00   0.0000000e+00   4.5671798e-08  -4.5671798e-08   0.0000000e+00   0.0000000e+00   4.5671798e-08  -4.5671798e-08   3.0000000e+00
  -4.4176006e+00  -4.4176006e+00   0.0000000e+00  -7.7087331e-08   7.7087331e-08   0.0000000e+00   0.0000000e+00  -7.7087331e-08   7.7087331e-08   3.0000000e+00
  -4.3370159e+00  -4.3370159e+00   0.0000000e+00   3.9245000e-08  -3.9245000e-08   0.0000000e+00   0.0000000e+00   3.9245000e-08  -3.9245000e-08   3.0000000e+00
  -4.2343264e+00  -4.2343251e+00   0.0000000e+00   5.8133556e-06  -5.8133556e-06   0.0000000e+00   0.0000000e+00   5.8133556e-06  -5.8133556e-06   3.0000000e+00
  -4.1761896e+00  -4.1761923e+00   0.0000000e+00  -1.2995473e-05   1.2995473e-05   0.0000000e+00   0.0000000e+00  -1.2995473e-05   1.2995473e-05   3.0000000e+00
  -4.1006837e+00  -4.1006814e+00   0.0000000e+00   1.2454096e-05  -1.2454096e-05   0.0000000e+00   0.0000000e+00   1.2454096e-05  -1.2454096e-05   3.0000000e+00
  -4.0123335e+00  -4.0123348e+00   0.0000000e+00  -1.3638929e-05   1.3638929e-05   0.0000000e+00   0.0000000e+00  -1.3638929e-05   1.3638929e-05   3.0000000e+00
  -4.0115650e+00  -4.0114553e+00   0.0000000e+00   3.6273453e-04  -3.6273453e-04   0.0000000e+00   0.0000000e+00   3.6273453e-04  -3.6273453e-04   3.0000000e+00
  -3.9626035e+00  -3.9628520e+00   0.0000000e+00  -8.9158730e-04   8.9158730e-04   0.0000000e+00   0.0000000e+00  -8.9158730e-04   8.9158730e-04   3.0000000e+00
  -3.8929237e+00  -3.8926148e+00   0.0000000e+00   1.2167731e-03  -1.2167731e-03   0.0000000e+00   0.0000000e+00   1.2167731e-03  -1.2167731e-03   3.0000000e+00
  -3.8233132e+00  -3.8193547e+00   0.0000000e+00   9.0788263e-03  -9.0788263e-03   0.0000000e+00   0.0000000e+00   9.0788263e-03  -9.0788263e-03   3.0000000e+00
  -3.8083815e+00  -3.8088696e+00   0.0000000e+00  -2.0273180e-03   2.0273180e-03   0.0000000e+00   0.0000000e+00  -2.0273180e-03   2.0273180e-03   3.0000000e+00
  -3.7791909e+00  -3.7873046e+00   0.0000000e+00  -1.7862828e-02   1.7862828e-02   0.0000000e+00   0.0000000e+00  -1.7862828e-02   1.7862828e-02   3.0000000e+00
  -3.7110200e+00  -3.7198515e+00   0.0000000e+00   2.8867948e-02  -2.8867948e-02   0.0000000e+00   0.0000000e+00   2.8867948e-02  -2.8867948e-02   3.0000000e+00
  -3.7110200e+00  -3.7105609e+00   0.0000000e+00   2.2207023e-03  -2.2207023e-03   0.0000000e+00   0.0000000e+00   2.2207023e-03  -2.2207023e-03   3.0000000e+00
  -3.6867118e+00  -3.6795135e+00   0.0000000e+00  -1.2717330e-02   1.2717330e-02   0.0000000e+00   0.0000000e+00  -1.2717330e-02   1.2717330e-02   3.0000000e+00
  -3.6364484e+00  -3.6447822e+00   0.0000000e+00  -1.0497469e-02   1.0497469e-02   0.0000000e+00   0.0000000e+00  -1.0497469e-02   1.0497469e-02   3.0000000e+00
  -3.6364484e+00  -3.6316978e+00   0.0000000e+00  -1.5909599e-02   1.5909599e-02   0.0000000e+00   0.0000000e+00  -1.5909599e-02   1.5909599e-02   3.0000000e+00
  -3.5564765e+00  -3.5702817e+00   0.0000000e+00   6.2532517e-02  -6.2532517e-02   0.0000000e+00   0.0000000e+00   6.2532517e-02  -6.2532517e-02   3.0000000e+00
  -3.5446654e+00  -3.5421594e+00   0.0000000e+00   8.3865411e-03  -8.3865411e-03   0.0000000e+00   0.0000000e+00   8.3865411e-03  -8.3865411e-03   3.0000000e+00
  -3.5446654e+00  -3.5258437e+00   0.0000000e+00  -2.1961233e-02   2.1961233e-02   0.0000000e+00   0.0000000e+00  -2.1961233e-02   2.1961233e-02   3.0000000e+00
  -3.5446654e+00  -3.5195228e+00   0.0000000e+00  -5.6951613e-02   5.6951613e-02   0.0000000e+00   0.0000000e+00  -5.6951613e-02   5.6951613e-02   3.0000000e+00
  -3.4721559e+00  -3.4618665e+00   0.0000000e+00  -1.0713882e-02   1.0713882e-02   0.0000000e+00   0.0000000e+00   1.0713882e-02  -1.0713882e-02   3.0000000e+00
  -3.4368989e+00  -3.4375596e+00   0.0000000e+00  -3.7019726e-03   3.7019726e-03   0.0000000e+00   0.0000000e+00  -3.7019726e-03   3.7019726e-03   3.0000000e+00
  -3.4217932e+00  -3.4186550e+00   0.0000000e+00   7.2728329e-02  -7.2728329e-02   0.0000000e+00   0.0000000e+00   7.2728329e-02  -7.2728329e-02   3.0000000e+00
  -3.4217932e+00  -3.4052023e+00   0.0000000e+00   2.0675765e-02  -2.0675765e-02   0.0000000e+00   0.0000000e+00   2.0675765e-02  -2.0675765e-02   3.0000000e+00
  -3.3801726e+00  -3.3647841e+00   0.0000000e+00  -3.9096855e-02   3.9096855e-02   0.0000000e+00   0.0000000e+00  -3.9096855e-02   3.9096855e-02   3.0000000e+00
  -3.3351274e+00  -3.3383187e+00   0.0000000e+00  -7.7095814e-02   7.7095814e-02   0.0000000e+00   0.0000000e+00  -7.7095814e-02   7.7095814e-02   3.0000000e+00
  -3.3133940e+00  -3.3216624e+00   0.0000000e+00  -2.2770418e-02   2.2770418e-02   0.0000000e+00   0.0000000e+00  -2.2770418e-02   2.2770418e-02   3.0000000e+00
  -3.2785927e+00  -3.2799373e+00   0.0000000e+00   6.6748458e-02  -6.6748458e-02   0.0000000e+00   0.0000000e+00   6.6748458e-02  -6.6748458e-02   3.0000000e+00
  -3.2785927e+00  -3.2554369e+00   0.0000000e+00   4.8412174e-02  -4.8412174e-02   0.0000000e+00   0.0000000e+00   4.8412174e-02  -4.8412174e-02   3.0000000e+00
  -3.2239277e+00  -3.2344760e+00   0.0000000e+00  -3.0338489e-02   3.0338489e-02   0.0000000e+00   0.0000000e+00  -3.0338489e-02   3.0338489e-02   3.0000000e+00
  -3.2060902e+00  -3.2071843e+00   0.0000000e+00  -2.1599260e-02   2.1599260e-02   0.0000000e+00   0.0000000e+00  -2.1599260e-02   2.1599260e-02   3.0000000e+00
  -3.1907087e+00  -3.1944724e+00   0.0000000e+00  -1.0845358e-02   1.0845358e-02   0.0000000e+00   0.0000000e+00  -1.0845358e-02   1.0845358e-02   3.0000000e+00
  -3.1684416e+00  -3.1619370e+00   0.0000000e+00   2.5761118e-02  -2.5761118e-02   0.0000000e+00   0.0000000e+00   2.5761118e-02  -2.5761118e-02   3.0000000e+00
  -3.1415510e+00  -3.1251193e+00   0.0000000e+00  -6.1108816e-02   6.1108816e-02   0.0000000e+00   0.0000000e+00  -6.1108816e-02   6.1108816e-02   3.0000000e+00
  -3.1077658e+00  -3.1017766e+00   0.0000000e+00   1.2811985e-01  -1.2811985e-01   0.0000000e+00   0.0000000e+00   1.2811985e-01  -1.2811985e-01   3.0000000e+00
  -3.1077658e+00  -3.0883668e+00   0.0000000e+00   9.5035919e-03  -9.5035919e-03   0.0000000e+00   0.0000000e+00   9.5035919e-03  -9.5035919e-03   3.0000000e+00
  -3.0627531e+00  -3.0467567e+00   0.0000000e+00   7.9187153e-03  -7.9187153e-03   0.0000000e+00   0.0000000e+00   7.9187153e-03  -7.9187153e-03   3.0000000e+00
  -3.0212126e+00  -3.0412054e+00   0.0000000e+00  -4.1952543e-02   4.1952543e-02   0.0000000e+00   0.0000000e+00  -4.1952543e-02   4.1952543e-02   3.0000000e+00
  -3.0212126e+00  -3.0248332e+00   0.0000000e+00  -1.1015881e-01   1.1015881e-01   0.0000000e+00   0.0000000e+00  -1.1015881e-01   1.1015881e-01   3.0000000e+00
  -3.0013345e+00  -2.9890087e+00   0.0000000e+00   6.4886377e-03  -6.4886377e-03   0.0000000e+00   0.0000000e+00   6.4886377e-03  -6.4886377e-03   3.0000000e+00
  -2.9633251e+00  -2.9589840e+00   0.0000000e+00   6.6124052e-02  -6.6124052e-02   0.0000000e+00   0.0000000e+00   6.6124052e-02  -6.6124052e-02   3.0000000e+00
  -2.9243843e+00  -2.9241561e+00   0.0000000e+00  -6.0080481e-02   6.0080481e-02   0.0000000e+00   0.0000000e+00  -6.0080481e-02   6.0080481e-02   3.0000000e+00
  -2.9243843e+00  -2.9206428e+00   0.0000000e+00   3.4371840e-02  -3.4371840e-02   0.0000000e+00   0.0000000e+00   3.4371840e-02  -3.4371840e-02   3.0000000e+00
  -2.8781193e+00  -2.8863049e+00   0.0000000e+00  -7.1260178e-02   7.1260178e-02   0.0000000e+00   0.0000000e+00  -7.1260178e-02   7.1260178e-02   3.0000000e+00
  -2.8489588e+00  -2.8581624e+00   0.0000000e+00  -4.7878036e-02   4.7878036e-02   0.0000000e+00   0.0000000e+00  -4.7878036e-02   4.7878036e-02   3.0000000e+00
  -2.8489588e+00  -2.8431556e+00   0.0000000e+00   9.6090768e-02  -9.6090768e-02   0.0000000e+00   0.0000000e+00   9.6090768e-02  -9.6090768e-02   3.0000000e+00
  -2.7984078e+00  -2.8034593e+00   0.0000000e+00   1.7104235e-03  -1.7104235e-03   0.0000000e+00   0.0000000e+00   1.7104235e-03  -1.7104235e-03   3.0000000e+00
  -2.7984078e+00  -2.7926709e+00   0.0000000e+00   1.3799082e-01  -1.3799082e-01   0.0000000e+00   0.0000000e+00   1.3799082e-01  -1.3799082e-01   3.0000000e+00
  -2.7789254e+00  -2.7785207e+00   0.0000000e+00   5.7571656e-02  -5.7571656e-02   0.0000000e+00   0.0000000e+00   5.7571656e-02  -5.7571656e-02   3.0000000e+00
  -2.7519578e+00  -2.7450312e+00   0.0000000e+00   4.0757348e-02  -4.0757348e-02   0.0000000e+00   0.0000000e+00   4.0757348e-02  -4.0757348e-02   3.0000000e+00
  -2.7121242e+00  -2.7176698e+00   0.0000000e+00  -1.5969394e-02   1.5969394e-02   0.0000000e+00   0.0000000e+00  -1.5969394e-02   1.5969394e-02   3.0000000e+00
  -2.7121242e+00  -2.7104129e+00   0.0000000e+00  -1.5796680e-01   1.5796680e-01   0.0000000e+00   0.0000000e+00  -1.5796680e-01   1.5796680e-01   3.0000000e+00
  -2.6753650e+00  -2.6715611e+00   0.0000000e+00  -4.7205891e-02   4.7205891e-02   0.0000000e+00   0.0000000e+00  -4.7205891e-02   4.7205891e-02   3.0000000e+00
  -2.6753650e+00  -2.6522341e+00   0.0000000e+00  -1.3166537e-03   1.3166537e-03   0.0000000e+00   0.0000000e+00  -1.3166537e-03   1.3166537e-03   3.0000000e+00
  -2.6140361e+00  -2.6189807e+00   0.0000000e+00  -8.0654917e-02   8.0654917e-02   0.0000000e+00   0.0000000e+00  -8.0654917e-02   8.0654917e-02   3.0000000e+00
  -2.6140361e+00  -2.6131007e+00   0.0000000e+00  -8.9687359e-02   8.9687359e-02   0.0000000e+00   0.0000000e+00  -8.9687359e-02   8.9687359e-02   3.0000000e+00
  -2.5843881e+00  -2.5841567e+00   0.0000000e+00  -1.6784132e-03   1.6784132e-03   0.0000000e+00   0.0000000e+00  -1.6784132e-03   1.6784132e-03   3.0000000e+00
  -2.5744094e+00  -2.5584851e+00   0.0000000e+00  -1.4606242e-02   1.4606242e-02   0.0000000e+00   0.0000000e+00  -1.4606242e-02   1.4606242e-02   3.0000000e+00
  -2.5346777e+00  -2.5386116e+00   0.0000000e+00   1.5755950e-01  -1.5755950e-01   0.0000000e+00   0.0000000e+00   1.5755950e-01  -1.5755950e-01   3.0000000e+00
  -2.4920622e+00  -2.5039787e+00   0.0000000e+00   9.8916069e-02  -9.8916069e-02   0.0000000e+00   0.0000000e+00   9.8916069e-02  -9.8916069e-02   3.0000000e+00
  -2.4920622e+00  -2.4959858e+00   0.0000000e+00  -8.5885648e-02   8.5885648e-02   0.0000000e+00   0.0000000e+00  -8.5885648e-02   8.5885648e-02   3.0000000e+00
  -2.4694448e+00  -2.4668400e+00   0.0000000e+00   2.7067900e-02  -2.7067900e-02   0.0000000e+00   0.0000000e+00   2.7067900e-02  -2.7067900e-02   3.0000000e+00
  -2.4360629e+00  -2.4484148e+00   0.0000000e+00   2.7090199e-01  -2.7090199e-01   0.0000000e+00   0.0000000e+00   2.7090199e-01  -2.7090199e-01   3.0000000e+00
  -2.4186613e+00  -2.4199309e+00   0.0000000e+00  -7.0129706e-02   7.0129706e-02   0.0000000e+00   0.0000000e+00  -7.0129706e-02   7.0129706e-02   3.0000000e+00
  -2.3769772e+00  -2.3859922e+00   0.0000000e+00   2.1484415e-02  -2.1484415e-02   0.0000000e+00   0.0000000e+00   2.1484415e-02  -2.1484415e-02   3.0000000e+00
  -2.3769772e+00  -2.3800386e+00   0.0000000e+00  -4.7850290e-03   4.7850290e-03   0.0000000e+00   0.0000000e+00  -4.7850290e-03   4.7850290e-03   3.0000000e+00
  -2.3725885e+00  -2.3565983e+00   0.0000000e+00  -7.9876530e-02   7.9876530e-02   0.0000000e+00   0.0000000e+00  -7.9876530e-02   7.9876530e-02   3.0000000e+00
  -2.3326953e+00  -2.3235088e+00   0.0000000e+00  -1.8806549e-01   1.8806549e-01   0.0000000e+00   0.0000000e+00  -1.8806549e-01   1.8806549e-01   3.0000000e+00
  -2.3326953e+00  -2.3111830e+00   0.0000000e+00   1.0740262e-01  -1.0740262e-01   0.0000000e+00   0.0000000e+00   1.0740262e-01  -1.0740262e-01   3.0000000e+00
  -2.3326953e+00  -2.3055084e+00   0.0000000e+00  -2.6849032e-01   2.6849032e-01   0.0000000e+00   0.0000000e+00  -2.6849032e-01   2.6849032e-01   3.0000000e+00
  -2.2701831e+00  -2.2605955e+00   0.0000000e+00   2.1179273e-01  -2.1179273e-01   0.0000000e+00   0.0000000e+00   2.1179273e-01  -2.1179273e-01   3.0000000e+00
  -2.2472518e+00  -2.2402792e+00   0.0000000e+00  -5.8788811e-02   5.8788811e-02   0.0000000e+00   0.0000000e+00  -5.8788811e-02   5.8788811e-02   3.0000000e+00
  -2.2472518e+00  -2.2361929e+00   0.0000000e+00  -1.5862619e-02   1.5862619e-02   0.0000000e+00   0.0000000e+00   1.5862619e-02  -1.5862619e-02   3.0000000e+00
  -2.2035442e+00  -2.2050677e+00   0.0000000e+00  -2.8907448e-02   2.8907448e-02   0.0000000e+00   0.0000000e+00  -2.8907448e-02   2.8907448e-02   3.0000000e+00
  -2.1643952e+00  -2.1830999e+00   0.0000000e+00   1.0198855e-01  -1.0198855e-01   0.0000000e+00   0.0000000e+00   1.0198855e-01  -1.0198855e-01   3.0000000e+00
  -2.1542640e+00  -2.1568768e+00   0.0000000e+00  -1.3980835e-01   1.3980835e-01   0.0000000e+00   0.0000000e+00  -1.3980835e-01   1.3980835e-01   3.0000000e+00
  -2.1387728e+00  -2.1165728e+00   0.0000000e+00   1.6106293e-01  -1.6106293e-01   0.0000000e+00   0.0000000e+00   1.6106293e-01  -1.6106293e-01   3.0000000e+00
  -2.1056450e+00  -2.1064413e+00   0.0000000e+00   5.9179659e-02  -5.9179659e-02   0.0000000e+00   0.0000000e+00   5.9179659e-02  -5.9179659e-02   3.0000000e+00
  -2.0877128e+00  -2.0936591e+00   0.0000000e+00  -2.3744517e-01   2.3744517e-01   0.0000000e+00   0.0000000e+00  -2.3744517e-01   2.3744517e-01   3.0000000e+00
  -2.0598417e+00  -2.0600857e+00   0.0000000e+00  -1.2243848e-02   1.2243848e-02   0.0000000e+00   0.0000000e+00   1.2243848e-02  -1.2243848e-02   3.0000000e+00
  -2.0390608e+00  -2.0438656e+00   0.0000000e+00  -3.7515709e-02   3.7515709e-02   0.0000000e+00   0.0000000e+00  -3.7515709e-02   3.7515709e-02   3.0000000e+00
  -2.0390608e+00  -2.0265611e+00   0.0000000e+00   1.4884930e-02  -1.4884930e-02   0.0000000e+00   0.0000000e+00   1.4884930e-02  -1.4884930e-02   3.0000000e+00
  -1.9883551e+00  -1.9989530e+00   0.0000000e+00   2.4713823e-01  -2.4713823e-01   0.0000000e+00   0.0000000e+00   2.4713823e-01  -2.4713823e-01   3.0000000e+00
  -1.9703399e+00  -1.9758742e+00   0.0000000e+00  -3.8885338e-01   3.8885338e-01   0.0000000e+00   0.0000000e+00   3.8885338e-01  -3.8885338e-01   3.0000000e+00
  -1.9703399e+00  -1.9701146e+00   0.0000000e+00   2.6987115e-02  -2.6987115e-02   0.0000000e+00   0.0000000e+00   2.6987115e-02  -2.6987115e-02   3.0000000e+00
  -1.9305321e+00  -1.9457422e+00   0.0000000e+00  -2.0433668e-01   2.0433668e-01   0.0000000e+00   0.0000000e+00  -2.0433668e-01   2.0433668e-01   3.0000000e+00
  -1.9257133e+00  -1.9230506e+00   0.0000000e+00  -1.2288375e-02   1.2288375e-02   0.0000000e+00   0.0000000e+00  -1.2288375e-02   1.2288375e-02   3.0000000e+00
  -1.8822994e+00  -1.8903967e+00   0.0000000e+00  -2.9624459e-01   2.9624459e-01   0.0000000e+00   0.0000000e+00  -2.9624459e-01   2.9624459e-01   3.0000000e+00
  -1.8791445e+00  -1.8805703e+00   0.0000000e+00   6.9953966e-02  -6.9953966e-02   0.0000000e+00   0.0000000e+00   6.9953966e-02  -6.9953966e-02   3.0000000e+00
  -1.8431201e+00  -1.8499634e+00   0.0000000e+00   2.4074658e-03  -2.4074658e-03   0.0000000e+00   0.0000000e+00   2.4074658e-03  -2.4074658e-03   3.0000000e+00
  -1.8273866e+00  -1.8277168e+00   0.0000000e+00  -4.4725588e-02   4.4725588e-02   0.0000000e+00   0.0000000e+00  -4.4725588e-02   4.4725588e-02   3.0000000e+00
  -1.8273866e+00  -1.8250643e+00   0.0000000e+00   2.2485236e-02  -2.2485236e-02   0.0000000e+00   0.0000000e+00   2.2485236e-02  -2.2485236e-02   3.0000000e+00
  -1.7821907e+00  -1.7904822e+00   0.0000000e+00  -5.1201095e-01   5.1201095e-01   0.0000000e+00   0.0000000e+00  -5.1201095e-01   5.1201095e-01   3.0000000e+00
  -1.7794412e+00  -1.7683834e+00   0.0000000e+00  -2.4664744e-03   2.4664744e-03   0.0000000e+00   0.0000000e+00  -2.4664744e-03   2.4664744e-03   3.0000000e+00
  -1.7506732e+00  -1.7481342e+00   0.0000000e+00   5.8926806e-02  -5.8926806e-02   0.0000000e+00   0.0000000e+00   5.8926806e-02  -5.8926806e-02   3.0000000e+00
  -1.7230650e+00  -1.7223410e+00   0.0000000e+00  -2.2842544e-02   2.2842544e-02   0.0000000e+00   0.0000000e+00  -2.2842544e-02   2.2842544e-02   3.0000000e+00
  -1.6912065e+00  -1.6908655e+00   0.0000000e+00   3.2606211e-01  -3.2606211e-01   0.0000000e+00   0.0000000e+00   3.2606211e-01  -3.2606211e-01   3.0000000e+00
  -1.6912065e+00  -1.6847477e+00   0.0000000e+00   1.2535235e-01  -1.2535235e-01   0.0000000e+00   0.0000000e+00   1.2535235e-01  -1.2535235e-01   3.0000000e+00
  -1.6749346e+00  -1.6764503e+00   0.0000000e+00   3.0572893e-02  -3.0572893e-02   0.0000000e+00   0.0000000e+00   3.0572893e-02  -3.0572893e-02   3.0000000e+00
  -1.6653358e+00  -1.6591889e+00   0.0000000e+00  -2.5413189e-01   2.5413189e-01   0.0000000e+00   0.0000000e+00  -2.5413189e-01   2.5413189e-01   3.0000000e+00
  -1.6106560e+00  -1.6104048e+00   0.0000000e+00   2.5612139e-01  -2.5612139e-01   0.0000000e+00   0.0000000e+00   2.5612139e-01  -2.5612139e-01   3.0000000e+00
  -1.5944614e+00  -1.5980723e+00   0.0000000e+00   2.0687735e-01  -2.0687735e-01   0.0000000e+00   0.0000000e+00   2.0687735e-01  -2.0687735e-01   3.0000000e+00
  -1.5708597e+00  -1.5721264e+00   0.0000000e+00   1.9833089e-01  -1.9833089e-01   0.0000000e+00   0.0000000e+00   1.9833089e-01  -1.9833089e-01   3.0000000e+00
  -1.5581579e+00  -1.5587773e+00   0.0000000e+00   1.9891405e-02  -1.9891405e-02   0.0000000e+00   0.0000000e+00   1.9891405e-02  -1.9891405e-02   3.0000000e+00
  -1.5202813e+00  -1.5278348e+00   0.0000000e+00   2.8752997e-01  -2.8752997e-01   0.0000000e+00   0.0000000e+00   2.8752997e-01  -2.8752997e-01   3.0000000e+00
  -1.5202813e+00  -1.5192493e+00   0.0000000e+00   1.2339087e-02  -1.2339087e-02   0.0000000e+00   0.0000000e+00   1.2339087e-02  -1.2339087e-02   3.0000000e+00
  -1.4986848e+00  -1.5034833e+00   0.0000000e+00  -3.1541275e-01   3.1541275e-01   0.0000000e+00   0.0000000e+00  -3.1541275e-01   3.1541275e-01   3.0000000e+00
  -1.4986848e+00  -1.4944995e+00   0.0000000e+00  -4.4198705e-01   4.4198705e-01   0.0000000e+00   0.0000000e+00  -4.4198705e-01   4.4198705e-01   3.0000000e+00
  -1.4360546e+00  -1.4378657e+00   0.0000000e+00  -1.7003794e-01   1.7003794e-01   0.0000000e+00   0.0000000e+00  -1.7003794e-01   1.7003794e-01   3.0000000e+00
  -1.4360546e+00  -1.4319936e+00   0.0000000e+00  -1.2432684e-01   1.2432684e-01   0.0000000e+00   0.0000000e+00  -1.2432684e-01   1.2432684e-01   3.0000000e+00
  -1.4126729e+00  -1.4130860e+00   0.0000000e+00  -1.4858836e-01   1.4858836e-01   0.0000000e+00   0.0000000e+00  -1.4858836e-01   1.4858836e-01   3.0000000e+00
  -1.3880544e+00  -1.3950431e+00   0.0000000e+00  -4.4484711e-01   4.4484711e-01   0.0000000e+00   0.0000000e+00   4.4484711e-01  -4.4484711e-01   3.0000000e+00
  -1.3880544e+00  -1.3877763e+00   0.0000000e+00  -3.9099311e-03   3.9099311e-03   0.0000000e+00   0.0000000e+00  -3.9099311e-03   3.9099311e-03   3.0000000e+00
  -1.3564293e+00  -1.3567377e+00   0.0000000e+00  -7.4062614e-03   7.4062614e-03   0.0000000e+00   0.0000000e+00  -7.4062614e-03   7.4062614e-03   3.0000000e+00
  -1.3564293e+00  -1.3476516e+00   0.0000000e+00  -4.0354159e-01   4.0354159e-01   0.0000000e+00   0.0000000e+00  -4.0354159e-01   4.0354159e-01   3.0000000e+00
  -1.3317937e+00  -1.3325624e+00   0.0000000e+00   1.7024535e-02  -1.7024535e-02   0.0000000e+00   0.0000000e+00   1.7024535e-02  -1.7024535e-02   3.0000000e+00
  -1.3067979e+00  -1.3035130e+00   0.0000000e+00   6.4149685e-01  -6.4149685e-01   0.0000000e+00   0.0000000e+00   6.4149685e-01  -6.4149685e-01   3.0000000e+00
  -1.2632260e+00  -1.2628560e+00   0.0000000e+00   2.0685578e-03  -2.0685578e-03   0.0000000e+00   0.0000000e+00   2.0685578e-03  -2.0685578e-03   3.0000000e+00
  -1.2450717e+00  -1.2449305e+00   0.0000000e+00  -1.0173651e-01   1.0173651e-01   0.0000000e+00   0.0000000e+00  -1.0173651e-01   1.0173651e-01   3.0000000e+00
  -1.2307901e+00  -1.2113510e+00   0.0000000e+00  -6.5801575e-02   6.5801575e-02   0.0000000e+00   0.0000000e+00  -6.5801575e-02   6.5801575e-02   3.0000000e+00
  -1.2112159e+00  -1.2101970e+00   0.0000000e+00  -8.5863826e-01   8.5863826e-01   0.0000000e+00   0.0000000e+00  -8.5863826e-01   8.5863826e-01   3.0000000e+00
  -1.1680033e+00  -1.1838088e+00   0.0000000e+00  -1.6283381e-01   1.6283381e-01   0.0000000e+00   0.0000000e+00   1.6283381e-01  -1.6283381e-01   3.0000000e+00
  -1.1626234e+00  -1.1576104e+00   0.0000000e+00  -1.7310392e-02   1.7310392e-02   0.0000000e+00   0.0000000e+00  -1.7310392e-02   1.7310392e-02   3.0000000e+00
  -1.1428382e+00  -1.1188426e+00   0.0000000e+00   4.4766336e-02  -4.4766336e-02   0.0000000e+00   0.0000000e+00   4.4766336e-02  -4.4766336e-02   3.0000000e+00
  -1.1428382e+00  -1.1172828e+00   0.0000000e+00  -3.1353665e-01   3.1353665e-01   0.0000000e+00   0.0000000e+00   3.1353665e-01  -3.1353665e-01   3.0000000e+00
  -1.0852903e+00  -1.0852841e+00   0.0000000e+00   2.1852499e-03  -2.1852499e-03   0.0000000e+00   0.0000000e+00   2.1852499e-03  -2.1852499e-03   3.0000000e+00
  -1.0692968e+00  -1.0740309e+00   0.0000000e+00   4.2435937e-01  -4.2435937e-01   0.0000000e+00   0.0000000e+00   4.2435937e-01  -4.2435937e-01   3.0000000e+00
  -1.0692968e+00  -1.0587350e+00   0.0000000e+00   7.7377660e-01  -7.7377660e-01   0.0000000e+00   0.0000000e+00   7.7377660e-01  -7.7377660e-01   3.0000000e+00
  -1.0037194e+00  -1.0005988e+00   0.0000000e+00  -3.3639902e-01   3.3639902e-01   0.0000000e+00   0.0000000e+00  -3.3639902e-01   3.3639902e-01   3.0000000e+00
  -9.7860759e-01  -9.7955759e-01   0.0000000e+00   6.2132938e-02  -6.2132938e-02   0.0000000e+00   0.0000000e+00   6.2132938e-02  -6.2132938e-02   3.0000000e+00
  -9.7860759e-01  -9.6138865e-01   0.0000000e+00   6.0808919e-01  -6.0808919e-01   0.0000000e+00   0.0000000e+00   6.0808919e-01  -6.0808919e-01   3.0000000e+00
  -9.2785004e-01  -9.3041731e-01   0.0000000e+00  -1.4218953e+00   1.4218953e+00   0.0000000e+00   0.0000000e+00  -1.4218953e+00   1.4218953e+00   3.0000000e+00
  -8.8919719e-01  -8.9112915e-01   0.0000000e+00  -1.2189931e-01   1.2189931e-01   0.0000000e+00   0.0000000e+00  -1.2189931e-01   1.2189931e-01   3.0000000e+00
  -8.8919719e-01  -8.7533610e-01   0.0000000e+00  -1.1575363e+00   1.1575363e+00   0.0000000e+00   0.0000000e+00  -1.1575363e+00   1.1575363e+00   3.0000000e+00
  -8.1794421e-01  -8.2738040e-01   0.0000000e+00   6.4103109e-01  -6.4103109e-01   0.0000000e+00   0.0000000e+00   6.4103109e-01  -6.4103109e-01   3.0000000e+00
  -8.1794421e-01  -8.1949597e-01   0.0000000e+00   9.2233978e-01  -9.2233978e-01   0.0000000e+00   0.0000000e+00   9.2233978e-01  -9.2233978e-01   3.0000000e+00
  -7.8672936e-01  -7.6778023e-01   0.0000000e+00  -8.4752565e-01   8.4752565e-01   0.0000000e+00   0.0000000e+00  -8.4752565e-01   8.4752565e-01   3.0000000e+00
  -7.4479667e-01  -7.2976202e-01   0.0000000e+00   1.1430913e+00  -1.1430913e+00   0.0000000e+00   0.0000000e+00   1.1430913e+00  -1.1430913e+00   3.0000000e+00
  -6.8256040e-01  -6.2794184e-01   0.0000000e+00  -1.5244086e+00   1.5244086e+00   0.0000000e+00   0.0000000e+00  -1.5244086e+00   1.5244086e+00   3.0000000e+00
  -6.8256040e-01  -5.5930320e-01   0.0000000e+00   1.6933862e+00  -1.6933862e+00   0.0000000e+00   0.0000000e+00   1.6933862e+00  -1.6933862e+00   3.0000000e+00
