-5.13652 0.224859
-5.13652 0.0259633
-5.13652 0.224859
-4.98485 0.230668
-4.98485 0.0462494
-4.98485 0.230668
-4.94868 0.00993899
-4.94868 0.230297
-4.94868 0.230297
-4.8386 0.237103
-4.8386 0.0668407
-4.8386 0.237103
-4.8041 0.236875
-4.8041 0.0305733
-4.8041 0.236875
-4.76604 -0.00579006
-4.76604 0.236226
-4.76604 0.236226
-4.69787 0.244273
-4.69787 0.0877948
-4.69787 0.244273
-4.66516 0.244248
-4.66516 0.0515231
-4.66516 0.244248
-4.62859 0.0153744
-4.62859 0.243696
-4.62859 0.243696
-4.58868 -0.0211792
-4.58868 0.242729
-4.58868 0.242729
-4.56279 0.252319
-4.56279 0.109184
-4.56279 0.252319
-4.532 0.252581
-4.532 0.0728518
-4.532 0.252581
-4.49699 0.0369538
-4.49699 0.25217
-4.49699 0.25217
-4.45842 0.251254
-4.45842 0.000699364
-4.45842 0.251254
-4.4335 0.261428
-4.4335 0.131099
-4.4335 0.261428
-4.41668 -0.0361614
-4.41668 0.249913
-4.41668 0.249913
-4.4048 0.262098
-4.4048 0.094641
-4.4048 0.262098
-4.37144 0.0590666
-4.37144 0.26189
-4.37144 0.26189
-4.33426 0.261062
-4.33426 0.0231774
-4.33426 0.261062
-4.31023 0.271858
-4.31023 0.153656
-4.31023 0.271858
-4.29373 -0.0133511
-4.29373 0.259715
-4.29373 0.259715
-4.28381 0.116998
-4.28381 0.273119
-4.28381 0.273119
-4.25218 0.273197
-4.25218 0.0818874
-4.25218 0.273197
-4.25016 -0.0506378
-4.25016 0.257914
-4.25016 0.257914
-4.21645 0.0464734
-4.21645 0.272518
-4.21645 0.272518
-4.19322 0.283986
-4.19322 0.176995
-4.19322 0.283986
-4.17716 0.271203
-4.17716 0.010375
-4.17716 0.271203
-4.16937 0.140069
-4.16937 0.286124
-4.16937 0.286124
-4.13957 0.10569
-4.13957 0.286604
-4.13957 0.286604
-4.13467 -0.026584
-4.13467 0.269319
-4.13467 0.269319
-4.10535 0.286176
-4.10535 0.0709287
-4.10535 0.286176
-4.08925 -0.0644434
-4.08925 0.266931
-4.08925 0.266931
-4.08286 0.298414
-4.08286 0.201276
-4.08286 0.298413
-4.06736 0.0354553
-4.06736 0.284977
-4.06736 0.284977
-4.06195 0.164057
-4.06195 0.301901
-4.06195 0.301903
-4.03409 0.130936
-4.03409 0.302938
-4.03409 0.302933
-4.02598 0.283084
-4.02598 -0.000946819
-4.02598 0.283084
-4.00149 0.302956
-4.00149 0.0970911
-4.00149 0.302964
-3.9815 -0.0383928
-3.9815 0.280524
-3.9815 0.280524
-3.97975 0.316282
-3.97975 0.226577
-3.97975 0.316239
-3.96487 0.0626459
-3.96487 0.302074
-3.96487 0.302062
-3.9623 0.189276
-3.9623 0.321881
-3.9623 0.32201
-3.93647 0.323835
-3.93647 0.15848
-3.93647 0.323565
-3.93415 -0.0769581
-3.93415 0.277358
-3.93415 0.277358
-3.9247 0.300505
-3.9247 0.0275
-3.9247 0.30052
-3.90563 0.125769
-3.90563 0.324418
-3.90563 0.324933
-3.88503 0.341603
-3.88503 0.252263
-3.88503 0.339325
-3.8813 -0.00638637
-3.8813 0.298763
-3.8813 0.298738
-3.87157 0.216501
-3.87157 0.347709
-3.87157 0.352145
-3.87054 0.0928143
-3.87054 0.324363
-3.87054 0.323931
-3.84831 0.190312
-3.84831 0.357064
-3.84831 0.34849
-3.83513 -0.0224587
-3.83513 0.301884
-3.83513 0.302557
-3.83154 0.043746
-3.83154 0.318922
-3.83154 0.320969
-3.81863 0.157361
-3.81863 0.347763
-3.81863 0.366984
-3.80397 0.443136
-3.80397 0.278438
-3.80397 0.340025
-3.79192 0.264216
-3.79192 0.37829
-3.79192 0.317796
-3.79192 0.0854372
-3.79192 0.345801
-3.79192 0.334292
-3.78456 0.0166968
-3.78456 0.251269
-3.78456 0.304387
-3.78456 0.0316737
-3.78456 0.293052
-3.78456 0.322011
-3.77405 0.229732
-3.77405 0.407648
-3.77405 0.348267
-3.75194 0.194328
-3.75194 0.357218
-3.75194 0.385273
-3.74255 0.283334
-3.74255 0.132137
-3.74255 0.363496
-3.74212 0.36598
-3.74212 0.309607
-3.74212 0.119546
-3.73753 0.205934
-3.73753 0.334905
-3.73753 0.398857
-3.72421 0.387203
-3.72421 0.307761
-3.72421 0.371385
-3.71318 0.318751
-3.71318 0.361626
-3.71318 0.278417
-3.70729 0.148298
-3.70729 0.365242
-3.70729 0.337127
-3.69898 0.233238
-3.69898 0.368489
-3.69898 0.316737
-3.69328 -0.0466065
-3.69328 0.310338
-3.69328 0.309426
-3.69328 0.188508
-3.69328 0.339716
-3.69328 0.327833
-3.67433 0.407974
-3.67433 0.328233
-3.67433 0.266676
-3.66813 0.329859
-3.66813 0.415524
-3.66813 0.264711
-3.65735 0.0511943
-3.65735 0.343572
-3.65735 0.347664
-3.64448 0.401646
-3.64448 0.275776
-3.64448 0.318275
-3.64212 0.168157
-3.64212 0.350696
-3.64212 0.33117
-3.64212 -0.09768
-3.64212 0.303322
-3.64212 0.30337
-3.63278 0.294666
-3.63278 0.33421
-3.63278 0.240406
-3.63047 0.379679
-3.63047 0.256439
-3.63047 0.303489
-3.63047 0.410629
-3.63047 0.297484
-3.63047 0.318928
-3.61095 -0.0169565
-3.61095 0.336633
-3.61095 0.336268
-3.60619 0.256948
-3.60619 0.330084
-3.60619 0.325497
-3.58815 0.246722
-3.58815 0.29666
-3.58815 0.317738
-3.58815 0.32202
-3.58815 0.140835
-3.58815 0.388765
-3.58485 0.297881
-3.58485 0.264319
-3.58485 0.279576
-3.57097 0.281323
-3.57097 0.323909
-3.57097 0.349528
-3.56015 0.198221
-3.56015 0.293518
-3.56015 0.28251
-3.56015 -0.0626242
-3.56015 0.328926
-3.56015 0.328938
-3.56015 0.198279
-3.56015 0.264801
-3.56015 0.279021
-3.5437 0.246863
-3.5437 0.270663
-3.5437 0.316901
-3.5417 0.0632518
-3.5417 0.389199
-3.5417 0.369464
-3.5417 0.383765
-3.5417 0.277944
-3.5417 0.269764
-3.52319 0.304215
-3.52319 0.256145
-3.52319 0.256775
-3.50622 0.178389
-3.50622 0.280788
-3.50622 0.253875
-3.50622 -0.106814
-3.50622 0.320915
-3.50622 0.320864
-3.49982 0.377242
-3.49982 0.281846
-3.49982 0.260664
-3.48935 0.205775
-3.48935 0.260021
-3.48935 0.269518
-3.48935 0.0017844
-3.48935 0.366603
-3.48935 0.374009
-3.48935 0.230077
-3.48935 0.353768
-3.48935 0.274369
-3.47989 0.219269
-3.47989 0.263282
-3.47989 0.267021
-3.47989 0.289551
-3.47989 0.231002
-3.47989 0.252089
-3.46071 0.311565
-3.46071 0.182729
-3.46071 0.255556
-3.45201 0.237263
-3.45201 0.291829
-3.45201 0.217144
-3.44815 0.221129
-3.44815 0.253536
-3.44815 0.395906
-3.43553 -0.056714
-3.43553 0.359987
-3.43553 0.35733
-3.43149 0.157565
-3.43149 0.324486
-3.43149 0.295891
-3.43149 0.312093
-3.43149 0.220488
-3.43149 0.229542
-3.42213 0.249547
-3.42213 0.215187
-3.42213 0.216702
-3.42213 0.194511
-3.42213 0.249951
-3.42213 0.24306
-3.40163 0.362619
-3.40163 0.206078
-3.40163 0.223546
-3.40163 0.354666
-3.40163 0.268297
-3.40163 0.226779
-3.40163 0.330044
-3.40163 0.219078
-3.40163 0.186063
-3.38531 0.333955
-3.38531 0.187691
-3.38531 0.267873
-3.3781 0.338999
-3.3781 0.180702
-3.3781 0.183724
-3.3781 -0.0923306
-3.3781 0.345919
-3.3781 0.333826
-3.37199 0.22925
-3.37199 0.208045
-3.37199 0.182995
-3.36018 0.243816
-3.36018 0.329692
-3.36018 0.196077
-3.35226 0.229101
-3.35226 0.195792
-3.35226 0.192433
-3.34426 0.244449
-3.34426 0.191062
-3.34426 0.206346
-3.34074 0.18861
-3.34074 0.245533
-3.34074 0.257693
-3.32203 0.100725
-3.32203 0.340694
-3.32203 0.332414
-3.32203 0.271722
-3.32203 0.175209
-3.32203 0.214383
-3.32203 0.36881
-3.32203 0.0571437
-3.32203 0.294038
-3.31432 0.240579
-3.31432 0.165456
-3.31432 0.203063
-3.30959 0.194253
-3.30959 0.22431
-3.30959 0.22853
-3.29737 0.177799
-3.29737 0.193419
-3.29737 0.305661
-3.29348 0.208333
-3.29348 0.183611
-3.29348 0.156376
-3.28559 0.151445
-3.28559 0.204468
-3.28559 0.242399
-3.27533 0.267891
-3.27533 0.213813
-3.27533 0.195434
-3.2663 0.28714
-3.2663 0.234354
-3.2663 0.181094
-3.2663 0.273463
-3.2663 0.157609
-3.2663 0.183751
-3.25799 -0.0399198
-3.25799 0.322936
-3.25799 0.37748
-3.25799 0.230653
-3.25799 0.165803
-3.25799 0.173505
-3.24156 0.303145
-3.24156 0.209928
-3.24156 0.153812
-3.24156 0.249008
-3.24156 0.202458
-3.24156 0.195119
-3.24156 0.275276
-3.24156 0.133728
-3.24156 0.170748
-3.23018 0.16286
-3.23018 0.231947
-3.23018 0.220389
-3.22711 0.116253
-3.22711 0.26943
-3.22711 0.277704
-3.21334 0.156043
-3.21334 0.164877
-3.21334 0.1978
-3.20632 0.178482
-3.20632 0.199106
-3.20632 0.146889
-3.2028 0.0987631
-3.2028 0.245539
-3.2028 0.213441
-3.18702 0.25418
-3.18702 0.175954
-3.18702 0.182307
-3.18702 0.208436
-3.18702 0.164887
-3.18702 0.168378
-3.17989 0.128067
-3.17989 0.190359
-3.17989 0.242123
-3.17989 0.103419
-3.17989 0.160237
-3.17989 0.231028
-3.16217 0.265475
-3.16217 0.120831
-3.16217 0.172784
-3.16129 0.159523
-3.16129 0.211006
-3.16129 0.205017
-3.15362 0.127761
-3.15362 0.199546
-3.15362 0.184656
-3.1531 0.260079
-3.1531 0.0983773
-3.1531 0.181831
-3.1531 0.0904086
-3.1531 0.260755
-3.1531 0.235013
-3.14074 0.157914
-3.14074 0.110083
-3.14074 0.243341
-3.13313 0.262647
-3.13313 0.132084
-3.13313 0.158874
-3.12327 0.0975623
-3.12327 0.143373
-3.12327 0.154578
-3.11865 0.149438
-3.11865 0.206244
-3.11865 0.130717
-3.10927 0.217009
-3.10927 0.119805
-3.10927 0.13263
-3.10927 0.189269
-3.10927 0.126434
-3.10927 0.131374
-3.0947 0.105694
-3.0947 0.175051
-3.0947 0.126174
-3.08638 0.228365
-3.08638 0.180354
-3.08638 0.126436
-3.08638 0.230052
-3.08638 0.157007
-3.08638 0.172747
-3.08638 0.300909
-3.08638 0.0978548
-3.08638 0.190473
-3.07435 0.159606
-3.07435 0.103995
-3.07435 0.173992
-3.07435 0.153652
-3.07435 0.19694
-3.07435 0.170089
-3.06478 0.169498
-3.06478 0.126122
-3.06478 0.138246
-3.06478 0.108803
-3.06478 0.244366
-3.06478 0.184794
-3.0511 0.187971
-3.0511 0.124962
-3.0511 0.138454
-3.04168 0.0784364
-3.04168 0.161823
-3.04168 0.207798
-3.03821 0.124667
-3.03821 0.113815
-3.03821 0.0978148
-3.0255 0.195849
-3.0255 0.1251
-3.0255 0.123764
-3.0255 0.25195
-3.0255 0.127949
-3.0255 0.165896
-3.01695 0.0556655
-3.01695 0.152454
-3.01695 0.188089
-3.01695 0.0930915
-3.01695 0.129818
-3.01695 0.167506
-3.00699 0.221451
-3.00699 0.078441
-3.00699 0.11146
-2.99946 0.113706
-2.99946 0.177036
-2.99946 0.166136
-2.99946 0.162589
-2.99946 0.103697
-2.99946 0.093852
-2.97945 0.0729658
-2.97945 0.150933
-2.97945 0.130448
-2.97854 0.193318
-2.97854 0.0880153
-2.97854 0.128549
-2.97313 0.260663
-2.97313 0.0789698
-2.97313 0.0964883
-2.96953 0.229969
-2.96953 0.0725581
-2.96953 0.120721
-2.95939 0.0845607
-2.95939 0.185519
-2.95939 0.124833
-2.95435 0.183495
-2.95435 0.121359
-2.95435 0.104465
-2.94813 0.0721935
-2.94813 0.1357
-2.94813 0.105777
-2.94078 0.233295
-2.94078 0.053271
-2.94078 0.0888409
-2.93417 0.0452797
-2.93417 0.165037
-2.93417 0.191655
-2.93417 0.0555803
-2.93417 0.19593
-2.93417 0.125999
-2.92788 0.081935
-2.92788 0.175017
-2.92788 0.11578
-2.91684 0.144327
-2.91684 0.122262
-2.91684 0.113752
-2.91654 0.152008
-2.91654 0.0629154
-2.91654 0.112681
-2.90179 0.0227689
-2.90179 0.0952351
-2.90179 0.141798
-2.90136 0.123589
-2.90136 0.0918205
-2.90136 0.168352
-2.89548 0.0609888
-2.89548 0.164399
-2.89548 0.189164
-2.8913 0.0942326
-2.8913 0.175904
-2.8913 0.0835323
-2.88112 0.15723
-2.88112 0.0285286
-2.88112 0.105605
-2.87452 0.0984443
-2.87452 0.159853
-2.87452 0.12014
-2.87452 0.116397
-2.87452 0.0914944
-2.87452 0.101347
-2.85374 0.159938
-2.85374 0.0419321
-2.85374 0.0816003
-2.85374 0.0884815
-2.85374 0.116699
-2.85374 0.0948349
-2.85374 0.0569436
-2.85374 0.199203
-2.85374 0.124752
-2.84795 0.0421089
-2.84795 0.0767629
-2.84795 0.101415
-2.83625 0.124525
-2.83625 0.0941888
-2.83625 0.0954478
-2.82718 0.14246
-2.82718 0.0521164
-2.82718 0.0727615
-2.82718 0.0505894
-2.82718 0.0856898
-2.82718 0.121568
-2.82144 0.159435
-2.82144 0.0998535
-2.82144 0.0801169
-2.82144 0.00832569
-2.82144 0.160684
-2.82144 0.117379
-2.81203 0.163189
-2.81203 0.0303207
-2.81203 0.0691054
-2.80064 0.155463
-2.80064 0.0362846
-2.80064 0.0560415
-2.798 0.177631
-2.798 0.0581527
-2.798 0.116991
-2.78799 0.0551349
-2.78799 0.15542
-2.78799 0.0976216
-2.78799 0.108611
-2.78799 0.0550493
-2.78799 0.0410165
-2.78314 0.167383
-2.78314 0.0441561
-2.78314 0.0329527
-2.77157 0.13722
-2.77157 0.029314
-2.77157 0.0656752
-2.76535 0.156947
-2.76535 0.0150463
-2.76535 0.0575493
-2.75999 0.136143
-2.75999 0.209049
-2.75999 0.0281615
-2.75999 0.183407
-2.75999 0.0700631
-2.75999 0.0334476
-2.75032 0.0311196
-2.75032 0.140261
-2.75032 0.135029
-2.747 0.0363716
-2.747 0.0990966
-2.747 0.0831967
-2.73258 0.0611981
-2.73258 0.0682576
-2.73258 0.0803498
-2.72847 0.112514
-2.72847 0.0661292
-2.72847 0.030704
-2.72509 0.158794
-2.72509 0.0183018
-2.72509 0.0639456
-2.71609 0.131389
-2.71609 0.0193478
-2.71609 0.0396067
-2.71189 0.0293878
-2.71189 0.0729144
-2.71189 0.0819993
-2.71189 0.0259001
-2.71189 0.0941911
-2.71189 0.0487445
-2.69698 0.114685
-2.69698 0.0894562
-2.69698 0.017806
-2.69611 0.0234831
-2.69611 0.12809
-2.69611 0.108554
-2.69611 0.0981844
-2.69611 0.0245161
-2.69611 0.0276544
-2.68228 0.0912133
-2.68228 0.0392422
-2.68228 0.041244
-2.6762 0.0366819
-2.6762 0.0833551
-2.6762 0.0555065
-2.6762 -0.020008
-2.6762 0.108686
-2.6762 0.121189
-2.66689 -0.0100808
-2.66689 0.106512
-2.66689 0.0927917
-2.66689 0.16954
-2.66689 0.0197223
-2.66689 0.00101159
-2.6505 0.0706066
-2.6505 0.041165
-2.6505 0.0376592
-2.6505 0.00625269
-2.6505 0.0732256
-2.6505 0.127215
-2.64423 0.0130647
-2.64423 0.0879947
-2.64423 0.0769584
-2.6389 0.0246162
-2.6389 0.0750962
-2.6389 0.0329712
-2.63187 0.10832
-2.63187 -0.000731868
-2.63187 0.00829884
-2.62483 0.0759943
-2.62483 0.180511
-2.62483 -0.0296283
-2.61877 -0.0240546
-2.61877 0.0393565
-2.61877 0.0535148
-2.60955 0.0580584
-2.60955 0.0378154
-2.60955 0.0112691
-2.60864 0.00568779
-2.60864 0.104711
-2.60864 0.0993262
-2.59327 0.0667951
-2.59327 0.00338096
-2.59327 0.0128183
-2.59327 0.14578
-2.59327 1.33694e-05
-2.59327 -0.0308969
-2.59042 0.0820582
-2.59042 0.126586
-2.59042 0.00834371
-2.58167 0.0203926
-2.58167 0.0651132
-2.58167 0.0295229
-2.58167 0.0629388
-2.58167 0.00320628
-2.58167 -0.00324342
-2.57633 0.0684413
-2.57633 0.0122337
-2.57633 0.012807
-2.55891 0.0159427
-2.55891 0.0571922
-2.55891 0.0660016
-2.55891 -0.0327009
-2.55891 0.0528994
-2.55891 0.025669
-2.55643 0.108138
-2.55643 -0.0132275
-2.55643 0.0269957
-2.55138 0.0817192
-2.55138 0.041475
-2.55138 0.000767401
-2.54355 -0.00795903
-2.54355 0.0513057
-2.54355 0.0306342
-2.53771 0.0232259
-2.53771 0.0416749
-2.53771 0.03151
-2.53092 0.152924
-2.53092 0.0150144
-2.53092 -0.0219975
-2.53092 -0.0255726
-2.53092 0.0983228
-2.53092 0.0939408
-2.52069 0.0523914
-2.52069 -0.021273
-2.52069 0.0220218
-2.51733 0.0209183
-2.51733 0.0034698
-2.51733 -0.0170452
-2.5054 -0.0286159
-2.5054 0.0258256
-2.5054 0.0665102
-2.50188 0.0755888
-2.50188 -0.0167676
-2.50188 0.01434
-2.50115 -0.0461229
-2.50115 0.031535
-2.50115 0.0810645
-2.48888 -0.0198351
-2.48888 0.0271014
-2.48888 0.0315946
-2.48411 0.00158154
-2.48411 -0.0537085
-2.48411 0.0637183
-2.47929 -0.0181243
-2.47929 0.0471934
-2.47929 0.0362159
-2.47665 0.0525685
-2.47665 -0.0107876
-2.47665 0.0203913
-2.47665 0.102517
-2.47665 0.00395113
-2.47665 0.0157499
-2.4609 -0.0139302
-2.4609 0.0540173
-2.4609 0.00676815
-2.45939 0.0503634
-2.45939 -0.00391261
-2.45939 -0.0230254
-2.45235 -0.0157384
-2.45235 0.0284836
-2.45235 0.015384
-2.44943 0.0108138
-2.44943 -0.0300441
-2.44943 -0.0125651
-2.4371 0.070559
-2.4371 -0.0190922
-2.4371 -0.0123812
-2.4371 0.0416695
-2.4371 -0.00497766
-2.4371 -0.00061024
-2.42671 0.0338257
-2.42671 -0.00714339
-2.42671 -0.0472405
-2.41712 0.117747
-2.41712 -0.0139347
-2.41712 0.00842
-2.41712 0.0714409
-2.41712 0.0134798
-2.41712 -0.0280599
-2.41043 -0.00663915
-2.41043 -0.0183936
-2.41043 -0.0176864
-2.40295 -0.052339
-2.40295 0.0193527
-2.40295 -0.00131287
-2.40244 0.0404883
-2.40244 0.0213787
-2.40244 -0.0369525
-2.39147 -0.0327015
-2.39147 0.0230479
-2.39147 0.0512029
-2.38719 0.0246876
-2.38719 -0.0114198
-2.38719 -0.023898
-2.38719 0.0151985
-2.38719 -0.0219106
-2.38719 -0.0358585
-2.37297 -0.0391133
-2.37297 -0.0532308
-2.37297 0.0259476
-2.37297 0.0387781
-2.37297 -0.0447225
-2.37297 -0.0551524
-2.36645 -0.0325975
-2.36645 0.0216888
-2.36645 0.0263476
-2.35453 0.0165786
-2.35453 -0.0532893
-2.35453 -0.0126198
-2.35453 -0.0296476
-2.35453 0.0650326
-2.35453 0.0531451
-2.34753 -0.0282063
-2.34753 -0.0321184
-2.34753 -0.0330364
-2.34753 -0.052966
-2.34753 0.000501155
-2.34753 -0.0166712
-2.33841 0.153919
-2.33841 -0.14844
-2.33841 -0.0416832
-2.32994 -0.0388198
-2.32994 0.0201124
-2.32994 0.00489186
-2.32395 0.0332507
-2.32395 -0.0918605
-2.32395 -0.0245491
-2.319 0.0796861
-2.319 -0.062699
-2.319 -0.0579032
-2.319 0.0856705
-2.319 -0.0945597
-2.319 -0.0526829
-2.30543 -0.100771
-2.30543 0.0323416
-2.30543 0.0193731
-2.30155 -0.122165
-2.30155 0.0568715
-2.30155 -0.0317265
-2.29593 -0.0902116
-2.29593 0.0516256
-2.29593 -0.0245205
-2.29258 0.00687514
-2.29258 -0.0486206
-2.29258 -0.0604812
-2.29258 0.0045381
-2.29258 0.0589823
-2.29258 -0.0640954
-2.27648 -0.0313525
-2.27648 0.0663273
-2.27648 -0.0807835
-2.27648 -0.0526817
-2.27648 -0.0232595
-2.27648 -0.0238388
-2.27202 0.0777877
-2.27202 -0.0812245
-2.27202 -0.104027
-2.26273 -0.139872
-2.26273 0.00184967
-2.26273 0.0325154
-2.26259 -0.122254
-2.26259 -0.0311434
-2.26259 0.0204613
-2.25279 0.148368
-2.25279 -0.107196
-2.25279 -0.0815687
-2.2415 -0.0144033
-2.2415 -0.078796
-2.2415 -0.0569382
-2.2415 -0.16997
-2.2415 0.00417165
-2.2415 0.0419327
-2.23548 -0.131639
-2.23548 -0.00422517
-2.23548 0.0535535
-2.23144 0.0746883
-2.23144 -0.130996
-2.23144 -0.050436
-2.22797 0.022659
-2.22797 -0.0667957
-2.22797 -0.0671691
-2.22073 0.0211506
-2.22073 -0.053432
-2.22073 -0.105809
-2.21377 0.029971
-2.21377 -0.0447314
-2.21377 -0.0781008
-2.20874 0.0109993
-2.20874 -0.074061
-2.20874 -0.109524
-2.19747 0.0574847
-2.19747 -0.0949348
-2.19747 -0.117507
-2.19168 0.0817776
-2.19168 -0.151621
-2.19168 -0.12579
-2.19168 -0.0869155
-2.19168 -0.0470295
-2.19168 -0.0396199
-2.18148 -0.0188019
-2.18148 -0.150841
-2.18148 0.0255331
-2.18148 0.146548
-2.18148 -0.13102
-2.18148 -0.0859827
-2.18148 0.0719717
-2.18148 -0.0730079
-2.18148 -0.142728
-2.16617 0.0551036
-2.16617 -0.15535
-2.16617 -0.0674686
-2.16324 0.05731
-2.16324 -0.162169
-2.16324 -0.0801058
-2.15475 -0.0992615
-2.15475 -0.0539966
-2.15475 0.0272582
-2.15438 -0.189285
-2.15438 0.0261713
-2.15438 -0.0160348
-2.14399 -0.0178552
-2.14399 -0.0689092
-2.14399 -0.0644111
-2.14399 -0.0208742
-2.14399 -0.0590334
-2.14399 -0.0616272
-2.13509 -0.0231033
-2.13509 -0.0860691
-2.13509 -0.0974859
-2.13349 -0.163138
-2.13349 -0.0497188
-2.13349 0.0192612
-2.125 -0.0564596
-2.125 -0.0258393
-2.125 -0.0931017
-2.11447 -0.277931
-2.11447 0.0356287
-2.11447 0.0150402
-2.11447 0.0391484
-2.11447 -0.135789
-2.11447 -0.132144
-2.11447 -0.0237332
-2.11447 -0.0938361
-2.11447 -0.0674909
-2.10306 0.0530328
-2.10306 -0.127532
-2.10306 -0.12869
-2.09831 -0.173413
-2.09831 -0.0177966
-2.09831 0.0101883
-2.09422 -0.020509
-2.09422 -0.101779
-2.09422 -0.107254
-2.08732 0.0411277
-2.08732 -0.113308
-2.08732 -0.0856279
-2.08463 -0.0988944
-2.08463 0.0210793
-2.08463 -0.198508
-2.07392 -0.129303
-2.07392 -0.0238609
-2.07392 -0.0379701
-2.06908 -0.107477
-2.06908 -0.0556635
-2.06908 -0.0572578
-2.05982 -0.00839032
-2.05982 -0.22252
-2.05982 -0.0262488
-2.05982 -0.199984
-2.05982 0.0206011
-2.05982 -0.0591983
-2.05319 -0.15884
-2.05319 0.01291
-2.05319 -0.0791327
-2.04274 -0.00256571
-2.04274 -0.138192
-2.04274 -0.141587
-2.04274 -0.293996
-2.04274 0.00815569
-2.04274 0.00652866
-2.03586 0.0377977
-2.03586 -0.149814
-2.03586 -0.129933
-2.02956 -0.259587
-2.02956 -0.00419217
-2.02956 -0.00878373
-2.02956 -0.0370795
-2.02956 -0.10005
-2.02956 -0.112695
-2.02092 0.0480775
-2.02092 -0.11582
-2.02092 -0.130983
-2.02092 -0.257721
-2.02092 -0.0281384
-2.02092 0.0209958
-2.01131 -0.0183793
-2.01131 -0.157006
-2.01131 -0.103039
-2.00799 0.1277
-2.00799 -0.184354
-2.00799 -0.105631
-1.99485 -0.00811658
-1.99485 -0.183285
-1.99485 -0.0935017
-1.98798 0.0213535
-1.98798 -0.162798
-1.98798 -0.170059
-1.98798 -0.348289
-1.98798 0.000964987
-1.98798 0.0123524
-1.98184 0.0357804
-1.98184 -0.135901
-1.98184 -0.14492
-1.97424 -0.10047
-1.97424 -0.000676107
-1.97424 -0.166211
-1.964 -0.222734
-1.964 -0.00977363
-1.964 -0.117682
-1.964 -0.169612
-1.964 -0.0393486
-1.964 -0.0740291
-1.96056 -0.011791
-1.96056 -0.142743
-1.96056 -0.165878
-1.96056 -0.265188
-1.96056 -0.036276
-1.96056 -0.0261569
-1.94555 -0.110458
-1.94555 0.0765719
-1.94555 -0.249992
-1.94416 -0.120185
-1.94416 -0.0487615
-1.94416 -0.130371
-1.93897 -0.337863
-1.93897 -0.0135407
-1.93897 -0.0316808
-1.9351 -0.191243
-1.9351 -0.00898071
-1.9351 -0.0853724
-1.9264 0.131877
-1.9264 -0.240383
-1.9264 -0.0987533
-1.91946 0.00932655
-1.91946 -0.171151
-1.91946 -0.145981
-1.91946 -0.303431
-1.91946 -0.0309743
-1.91946 -0.0246265
-1.91404 -0.404861
-1.91404 0.00986121
-1.91404 -0.0115421
-1.90908 0.0702404
-1.90908 -0.20108
-1.90908 -0.176003
-1.8915 -0.335097
-1.8915 -0.00231708
-1.8915 -0.0277135
-1.8915 -0.0120735
-1.8915 -0.164324
-1.8915 -0.184291
-1.88928 -0.168984
-1.88928 -0.0560652
-1.88928 -0.0824568
-1.88697 -0.321634
-1.88697 -0.0373584
-1.88697 -0.0197058
-1.88697 -0.115967
-1.88697 0.00913316
-1.88697 -0.301048
-1.87217 0.0721045
-1.87217 -0.176376
-1.87217 -0.187136
-1.86387 -0.394212
-1.86387 -0.0190477
-1.86387 -0.0276652
-1.86387 0.0553384
-1.86387 -0.299717
-1.86387 -0.212018
-1.86259 0.01337
-1.86259 -0.140509
-1.86259 -0.201921
-1.8487 0.128179
-1.8487 -0.196075
-1.8487 -0.230593
-1.84827 -0.127604
-1.84827 -0.00118639
-1.84827 -0.188741
-1.8387 -0.259797
-1.8387 -0.0933029
-1.8387 -0.027866
-1.8387 -0.453987
-1.8387 -0.00708791
-1.8387 -0.000198758
-1.83644 -0.453916
-1.83644 0.0194994
-1.83644 0.0124633
-1.8281 -0.00928246
-1.8281 -0.191078
-1.8281 -0.162749
-1.82743 -0.179037
-1.82743 -0.0488151
-1.82743 -0.0783081
-1.81528 -0.4455
-1.81528 -0.0080473
-1.81528 -0.0304681
-1.81155 0.0463367
-1.81155 -0.25234
-1.81155 -0.218489
-1.80526 -0.307437
-1.80526 -0.0319201
-1.80526 -0.102619
-1.79822 -0.136346
-1.79822 -0.0998318
-1.79822 -0.104685
-1.79757 0.0407201
-1.79757 -0.158346
-1.79757 -0.225571
-1.78496 -0.577974
-1.78496 0.00779872
-1.78496 0.00782113
-1.77959 -0.0374971
-1.77959 -0.143668
-1.77959 -0.189507
-1.77959 -0.211379
-1.77959 -0.0494823
-1.77959 -0.11969
-1.76946 -0.35372
-1.76946 0.0295714
-1.76946 -0.0151691
-1.76205 -0.530971
-1.76205 0.00681342
-1.76205 -0.0307347
-1.76205 -0.19541
-1.76205 0.00316096
-1.76205 -0.245954
-1.75215 -0.462113
-1.75215 0.000345331
-1.75215 0.00244759
-1.75215 -0.303622
-1.75215 -0.0569755
-1.75215 -0.0938193
-1.74013 -0.196742
-1.74013 0.0163995
-1.74013 -0.262874
-1.74013 -0.522181
-1.74013 -0.0223277
-1.74013 -0.0177199
-1.73732 -0.118763
-1.73732 -0.262684
-1.73732 -0.00828347
-1.73039 0.0638364
-1.73039 -0.2554
-1.73039 -0.244957
-1.7253 0.0404454
-1.7253 -0.180374
-1.7253 -0.374362
-1.72398 -0.317896
-1.72398 -0.0696608
-1.72398 -0.0249924
-1.70859 -0.343918
-1.70859 0.000104124
-1.70859 -0.0389989
-1.70427 -0.62024
-1.70427 -0.00825917
-1.70427 0.00351305
-1.70427 -0.306707
-1.70427 -0.112108
-1.70427 -0.0825282
-1.69719 -0.416912
-1.69719 0.000911844
-1.69719 -0.0652917
-1.69038 0.0138015
-1.69038 -0.238748
-1.69038 -0.171081
-1.69038 -0.345984
-1.69038 -0.0679777
-1.69038 -0.0100219
-1.68329 -0.617986
-1.68329 -0.00734631
-1.68329 -0.0120857
-1.68329 -0.209376
-1.68329 -0.086766
-1.68329 -0.164254
-1.66842 -0.442712
-1.66842 -0.0150879
-1.66842 -0.0619454
-1.66842 0.0246808
-1.66842 -0.286232
-1.66842 -0.215146
-1.66361 -0.614375
-1.66361 -0.0188846
-1.66361 -0.0186933
-1.65272 -0.274449
-1.65272 -0.0767509
-1.65272 -0.075842
-1.65181 -0.431699
-1.65181 -0.0285178
-1.65181 -0.00986332
-1.64362 -0.595971
-1.64362 0.000148429
-1.64362 -0.0224784
-1.64158 0.0105168
-1.64158 -0.274311
-1.64158 -0.147402
-1.64158 -0.140812
-1.64158 -0.100437
-1.64158 -0.192406
-1.62214 -0.0191043
-1.62214 -0.236933
-1.62214 -0.247582
-1.62214 -0.703303
-1.62214 -0.00257902
-1.62214 -0.00369387
-1.61914 -0.465944
-1.61914 -0.0373655
-1.61914 -0.0322584
-1.60956 -0.245664
-1.60956 -0.0907157
-1.60956 -0.120846
-1.60956 0.00550093
-1.60956 -0.206141
-1.60956 -0.290847
-1.60347 -0.635883
-1.60347 -0.0238792
-1.60347 -0.0292506
-1.60156 -0.36902
-1.60156 -0.0526801
-1.60156 -0.0603222
-1.59429 -0.329812
-1.59429 -0.021442
-1.59429 -0.0689825
-1.58567 -0.602285
-1.58567 -0.0111623
-1.58567 0.000873316
-1.58561 -0.697111
-1.58561 -0.0191993
-1.58561 -0.0191415
-1.5827 0.185603
-1.5827 -0.318367
-1.5827 -0.32587
-1.56841 0.0446814
-1.56841 -0.312138
-1.56841 -0.228623
-1.56457 -0.511958
-1.56457 0.00621843
-1.56457 -0.0242464
-1.55983 -0.147254
-1.55983 -0.0184774
-1.55983 -0.424802
-1.55949 -0.38665
-1.55949 -0.103702
-1.55949 -0.0892497
-1.55587 -0.219165
-1.55587 -0.0734176
-1.55587 -0.138415
-1.55587 -0.310677
-1.55587 -0.0237791
-1.55587 -0.114112
-1.53833 -0.758389
-1.53833 -0.00783314
-1.53833 -0.00762626
-1.53123 -0.539982
-1.53123 -0.0380914
-1.53123 -0.0205049
-1.52259 -0.197102
-1.52259 -0.0403701
-1.52259 -0.312566
-1.52259 -0.55915
-1.52259 -0.0129037
-1.52259 0.0254278
-1.52084 -0.0138384
-1.52084 -0.777656
-1.52084 -0.0104918
-1.51492 -0.155062
-1.51492 -0.048487
-1.51492 -0.283908
-1.50611 -0.786448
-1.50611 -0.0180881
-1.50611 -0.0180947
-1.50611 -0.274246
-1.50611 -0.0234358
-1.50611 -0.286967
-1.50108 -0.675591
-1.50108 -0.00493029
-1.50108 -0.00890513
-1.49516 0.215496
-1.49516 -0.347964
-1.49516 -0.345999
-1.48013 -0.0125638
-1.48013 -0.242878
-1.48013 -0.312918
-1.48013 -0.570097
-1.48013 -0.0215871
-1.48013 -0.00861931
-1.47474 -0.72933
-1.47474 -0.0148738
-1.47474 -0.0160344
-1.47067 -0.0327382
-1.47067 -0.220348
-1.47067 -0.236322
-1.47067 -0.344767
-1.47067 -0.0591421
-1.47067 -0.110122
-1.45993 -0.0378011
-1.45993 -0.279483
-1.45993 -0.193909
-1.45295 -0.806198
-1.45295 -0.0124636
-1.45295 -0.0125857
-1.44875 -0.386242
-1.44875 -0.0485944
-1.44875 -0.130839
-1.44255 -0.523665
-1.44255 -0.0696671
-1.44255 -0.0462992
-1.43815 -0.60456
-1.43815 0.00233401
-1.43815 -0.0054459
-1.43647 -0.860784
-1.43647 -0.0123968
-1.43647 -0.0120716
-1.43647 -0.297671
-1.43647 -0.0744138
-1.43647 -0.272737
-1.42525 -0.887593
-1.42525 -0.0148637
-1.42525 -0.0148553
-1.41643 -0.30025
-1.41643 -0.100623
-1.41643 -0.130551
-1.41491 -0.700337
-1.41491 -0.0200093
-1.41491 -0.0221115
-1.41491 -0.269152
-1.41491 -0.161057
-1.41491 -0.18797
-1.40764 0.0956313
-1.40764 -0.399404
-1.40764 -0.212242
-1.40764 -0.10029
-1.40764 -0.217977
-1.40764 -0.231098
-1.39507 -0.639999
-1.39507 -0.0110459
-1.39507 -0.0183447
-1.38818 -0.752592
-1.38818 -0.0320029
-1.38818 -0.0186971
-1.38818 -0.458358
-1.38818 -0.182143
-1.38818 -0.0362128
-1.38339 -0.283
-1.38339 -0.0621225
-1.38339 -0.165322
-1.36612 -0.29537
-1.36612 -0.180446
-1.36612 -0.18315
-1.36612 -0.848178
-1.36612 -0.0178554
-1.36612 -0.017799
-1.36464 -0.35351
-1.36464 -0.151141
-1.36464 -0.0936349
-1.36035 -0.644055
-1.36035 -0.0442062
-1.36035 -0.0378
-1.35173 -0.198641
-1.35173 -0.0364508
-1.35173 -0.394386
-1.34892 -0.880214
-1.34892 -0.02029
-1.34892 -0.0256069
-1.34892 -0.353714
-1.34892 -0.166747
-1.34892 -0.190876
-1.32972 -0.355085
-1.32972 -0.103141
-1.32972 -0.124402
-1.32833 -0.758184
-1.32833 -0.0294491
-1.32833 -0.0197295
-1.31933 -0.409147
-1.31933 -0.0879078
-1.31933 -0.0690382
-1.31808 -0.290259
-1.31808 -0.132937
-1.31808 -0.179926
-1.31808 -0.499117
-1.31808 -0.0433387
-1.31808 -0.076438
-1.30913 -0.693557
-1.30913 -0.0223519
-1.30913 -0.0181328
-1.30073 -0.764035
-1.30073 -0.0370833
-1.30073 -0.053097
-1.30073 -0.410228
-1.30073 -0.0850201
-1.30073 -0.226911
-1.29465 -0.256413
-1.29465 -0.158684
-1.29465 -0.180336
-1.278 -0.0229495
-1.278 -0.890857
-1.278 -0.0229472
-1.27218 -0.264771
-1.27218 -0.1981
-1.27218 -0.200274
-1.27218 -0.698387
-1.27218 -0.0617855
-1.27218 -0.0292819
-1.26644 -0.217255
-1.26644 -0.138052
-1.26644 -0.298208
-1.26644 -0.217972
-1.26644 -0.120853
-1.26644 -0.302901
-1.26342 -0.610061
-1.26342 -0.0779066
-1.26342 -0.0270791
-1.24028 -0.291127
-1.24028 -0.160327
-1.24028 -0.268933
-1.24028 -0.819259
-1.24028 -0.0260255
-1.24028 -0.0266032
-1.23911 -0.211271
-1.23911 -0.162885
-1.23911 -0.259049
-1.22625 -0.23634
-1.22625 -0.127763
-1.22625 -0.284101
-1.22625 -0.540949
-1.22625 -0.0898761
-1.22625 -0.0400342
-1.22182 -0.74195
-1.22182 -0.0282861
-1.22182 -0.0264444
-1.22031 -0.203109
-1.22031 -0.433504
-1.22031 -0.0338999
-1.21219 -0.878674
-1.21219 -0.0278337
-1.21219 -0.0277187
-1.20766 -0.302531
-1.20766 -0.15261
-1.20766 -0.178233
-1.1851 -0.381867
-1.1851 -0.199436
-1.1851 -0.151205
-1.1851 -0.747523
-1.1851 -0.0387096
-1.1851 -0.0509082
-1.18257 -0.515526
-1.18257 -0.0734944
-1.18257 -0.136637
-1.17654 -0.718252
-1.17654 -0.0399333
-1.17654 -0.0272416
-1.17654 -0.262069
-1.17654 -0.237576
-1.17654 -0.216412
-1.17654 -0.16063
-1.17654 -0.304042
-1.17654 -0.25118
-1.15133 -0.310061
-1.15133 -0.0409159
-1.15133 -0.422542
-1.15133 -0.86513
-1.15133 -0.0324632
-1.15133 -0.0323572
-1.14013 -0.17466
-1.14013 -0.265775
-1.14013 -0.229319
-1.13802 -0.611807
-1.13802 -0.0480134
-1.13802 -0.0797846
-1.13341 -0.788858
-1.13341 -0.0345665
-1.13341 -0.0345031
-1.12804 -0.544421
-1.12804 0.056107
-1.12804 -0.230701
-1.12804 -0.250241
-1.12804 -0.227899
-1.12804 -0.235582
-1.10352 -0.461223
-1.10352 -0.0395934
-1.10352 -0.228384
-1.10352 -0.27136
-1.10352 -0.243532
-1.10352 -0.192734
-1.09661 -0.254242
-1.09661 -0.0365115
-1.09661 -0.489655
-1.09526 -0.774471
-1.09526 -0.0796798
-1.09526 -0.0427688
-1.08753 -0.381861
-1.08753 -0.159476
-1.08753 -0.222661
-1.08753 -0.736978
-1.08753 -0.0452899
-1.08753 -0.0579742
-1.07621 -0.203365
-1.07621 -0.25971
-1.07621 -0.27524
-1.06518 -0.591007
-1.06518 -0.0602349
-1.06518 -0.108555
-1.05164 -0.404163
-1.05164 -0.209184
-1.05164 -0.12735
-1.04763 -0.623188
-1.04763 -0.0619139
-1.04763 -0.125061
-1.04397 -0.834425
-1.04397 -0.0413115
-1.04397 -0.0425328
-1.03642 -0.607622
-1.03642 -0.129489
-1.03642 -0.0361262
-1.03274 -0.201209
-1.03274 -0.302117
-1.03274 -0.253452
-1.02111 -0.397566
-1.02111 -0.151137
-1.02111 -0.219341
-1.00745 -0.643607
-1.00745 -0.034319
-1.00745 -0.146448
-0.99759 -0.359088
-0.99759 -0.196372
-0.99759 -0.277882
-0.99759 -0.798064
-0.99759 -0.048311
-0.99759 -0.060715
-0.99759 -0.303965
-0.99759 -0.254441
-0.99759 -0.256942
-0.982153 -0.289184
-0.982153 -0.240689
-0.982153 -0.257902
-0.97851 -0.264839
-0.97851 -0.0509277
-0.97851 -0.497772
-0.957668 -0.295372
-0.957668 -0.251817
-0.957668 -0.254673
-0.957668 -0.659228
-0.957668 -0.0451517
-0.957668 -0.151965
-0.957668 -0.51788
-0.957668 -0.170432
-0.957668 -0.169921
-0.951459 -0.636117
-0.951459 -0.025652
-0.951459 -0.164297
-0.932549 -0.266452
-0.932549 -0.454509
-0.932549 -0.0918969
-0.924011 -0.378625
-0.924011 -0.19369
-0.924011 -0.254917
-0.916087 -0.731555
-0.916087 -0.0987382
-0.916087 -0.0580772
-0.899891 -0.246593
-0.899891 -0.307054
-0.899891 -0.286007
-0.886406 -0.312369
-0.886406 -0.25835
-0.886406 -0.272019
-0.886406 -0.704323
-0.886406 -0.0650845
-0.886406 -0.114611
-0.886406 -0.438162
-0.886406 -0.170532
-0.886406 -0.258512
-0.860904 -0.308644
-0.860904 -0.26354
-0.860904 -0.278912
-0.860904 -0.658214
-0.860904 -0.188682
-0.860904 -0.0255233
-0.845264 -0.633152
-0.845264 0.048814
-0.845264 -0.286682
-0.845264 -0.277596
-0.845264 -0.295405
-0.845264 -0.289112
-0.845264 -0.454864
-0.845264 -0.129466
-0.845264 -0.28612
-0.804058 -0.620822
-0.804058 -0.0403822
-0.804058 -0.233848
-0.804058 -0.324031
-0.804058 -0.275206
-0.804058 -0.296747
-0.774624 -0.291049
-0.774624 -0.315956
-0.774624 -0.305161
-0.774624 -0.285129
-0.774624 -0.325225
-0.774624 -0.309955
-0.735446 -0.32664
-0.735446 -0.29406
-0.735446 -0.306961
-0.735445 -0.0965001
-0.735445 -0.535071
-0.735445 -0.317836
-0.735445 -0.317455
-0.735445 -0.30601
-0.735445 -0.30973
-0.648108 -0.482111
-0.648108 -0.16626
-0.648108 -0.321933
-0.648108 -0.211818
-0.648108 -0.444511
-0.648108 -0.32989
