  -5.1026752e+00  -5.1026752e+00   0.0000000e+00   5.5461619e-09  -5.5461619e-09   9.2160810e-09  -9.2160810e-09   0.0000000e+00  -4.8018612e-01  -4.8018612e-01   9.6037223e-01   8.3170675e-01  -8.3170675e-01  -3.3506251e-16   3.0000000e+00
  -4.8925018e+00  -4.8925018e+00   0.0000000e+00   5.1978539e-09  -5.1978539e-09   9.0590784e-09  -9.0590784e-09   0.0000000e+00   9.1746114e-01  -4.5873057e-01  -4.5873057e-01   5.5511151e-17  -7.9454465e-01   7.9454465e-01   3.0000000e+00
  -4.8418068e+00  -4.8418068e+00   0.0000000e+00   5.6664379e-09  -5.6664379e-09   5.4476466e-09  -5.4476466e-09   0.0000000e+00  -4.5939142e-01  -4.5939142e-01   9.1878284e-01   7.9568928e-01  -7.9568928e-01  -1.4594708e-16   3.0000000e+00
  -4.6931076e+00  -4.6931076e+00   0.0000000e+00   5.3337283e-09  -5.3337283e-09   7.8309034e-09  -7.8309034e-09   0.0000000e+00  -4.3668672e-01  -4.3668672e-01   8.7337344e-01   7.5636359e-01  -7.5636359e-01   1.0301690e-16   3.0000000e+00
  -4.6456975e+00  -4.6456975e+00   0.0000000e+00   5.9725439e-09  -5.9725439e-09   5.4163472e-09  -5.4163472e-09   0.0000000e+00  -4.3730209e-01  -4.3730209e-01   8.7460419e-01   7.5742945e-01  -7.5742945e-01   1.6443830e-16   3.0000000e+00
  -4.5912032e+00  -4.5912032e+00   0.0000000e+00   5.2147561e-09  -5.2147561e-09   6.4788452e-09  -6.4788452e-09   0.0000000e+00  -4.3819657e-01  -4.3819657e-01   8.7639313e-01   7.5897872e-01  -7.5897872e-01  -1.7725325e-16   3.0000000e+00
  -4.5048269e+00  -4.5048269e+00   0.0000000e+00   5.2807066e-09  -5.2807066e-09   6.0410477e-09  -6.0410477e-09   0.0000000e+00  -4.1385370e-01  -4.1385370e-01   8.2770739e-01   7.1681563e-01  -7.1681563e-01  -5.7645685e-17   3.0000000e+00
  -4.4610101e+00  -4.4610101e+00   0.0000000e+00   5.9136160e-09  -5.9136160e-09   4.7366429e-09  -4.7366429e-09   0.0000000e+00  -4.1435666e-01  -4.1435666e-01   8.2871332e-01   7.1768679e-01  -7.1768679e-01  -1.3858745e-16   3.0000000e+00
  -4.4092778e+00  -4.4092778e+00   0.0000000e+00   5.4905842e-09  -5.4905842e-09   6.4602780e-09  -6.4602780e-09   0.0000000e+00  -4.1525766e-01  -4.1525766e-01   8.3051532e-01   7.1924737e-01  -7.1924737e-01   3.1994204e-16   3.0000000e+00
  -4.3511083e+00  -4.3511083e+00   0.0000000e+00   5.6584542e-09  -5.6584542e-09   5.2211013e-09  -5.2211013e-09   0.0000000e+00  -4.1646691e-01   8.3293381e-01  -4.1646691e-01   7.2134184e-01   2.1510571e-16  -7.2134184e-01   3.0000000e+00
  -4.3281239e+00  -4.3281239e+00   0.0000000e+00   5.1562592e-09  -5.1562592e-09   5.3823602e-09  -5.3823602e-09   0.0000000e+00  -3.8991950e-01  -3.8991950e-01   7.7983900e-01   6.7536038e-01  -6.7536038e-01  -1.8340461e-17   3.0000000e+00
  -4.2883143e+00  -4.2883144e+00   0.0000000e+00   5.6787198e-09  -5.6787198e-09   4.3540633e-09  -4.3540633e-09   0.0000000e+00  -3.9018257e-01  -3.9018257e-01   7.8036513e-01   6.7581603e-01  -6.7581603e-01   7.2818032e-17   3.0000000e+00
  -4.2394942e+00  -4.2394942e+00   0.0000000e+00   5.2923870e-09  -5.2923870e-09   5.6881856e-09  -5.6881856e-09   0.0000000e+00  -3.9103705e-01  -3.9103705e-01   7.8207410e-01   6.7729603e-01  -6.7729603e-01   1.2013328e-16   3.0000000e+00
  -4.1836876e+00  -4.1836876e+00   0.0000000e+00   5.5243618e-09  -5.5243618e-09   4.4352066e-09  -4.4352066e-09   0.0000000e+00  -3.9232315e-01  -3.9232315e-01   7.8464629e-01   6.7952362e-01  -6.7952362e-01  -5.7444346e-16   3.0000000e+00
  -4.1636803e+00  -4.1636802e+00   0.0000000e+00   5.0090160e-09  -5.0090160e-09   5.0490412e-09  -5.0490412e-09   0.0000000e+00  -3.6435620e-01  -3.6435620e-01   7.2871239e-01   6.3108345e-01  -6.3108345e-01  -1.0400252e-16   3.0000000e+00
  -4.1284630e+00  -4.1284634e+00   0.0000000e+00   5.5536862e-09  -5.5536862e-09   4.0109686e-09  -4.0109686e-09   0.0000000e+00  -3.6411965e-01  -3.6411965e-01   7.2823929e-01   6.3067373e-01  -6.3067373e-01   2.5564805e-16   3.0000000e+00
  -4.1218468e+00  -4.1218468e+00   0.0000000e+00   5.6591885e-09  -5.6591885e-09   5.5148102e-09  -5.5148102e-09   0.0000000e+00  -3.9398605e-01  -3.9398605e-01   7.8797210e-01   6.8240386e-01  -6.8240386e-01   7.8330158e-17   3.0000000e+00
  -4.0827341e+00  -4.0827335e+00   0.0000000e+00   5.2974119e-09  -5.2974119e-09   4.9903472e-09  -4.9903472e-09   0.0000000e+00  -3.6481286e-01  -3.6481286e-01   7.2962572e-01   6.3187441e-01  -6.3187441e-01  -2.5050945e-16   3.0000000e+00
  -4.0294084e+00  -4.0294090e+00   0.0000000e+00   5.3694384e-09  -5.3694384e-09   4.2433060e-09  -4.2433060e-09   0.0000000e+00  -3.6607576e-01  -3.6607576e-01   7.3215153e-01   6.3406182e-01  -6.3406182e-01  -6.0515317e-16   3.0000000e+00
  -4.0125961e+00  -4.0125861e+00   0.0000000e+00   4.9839739e-09  -4.9839739e-09   4.1581903e-09  -4.1581903e-09   0.0000000e+00  -3.3612944e-01   6.7225888e-01  -3.3612944e-01   5.8219327e-01  -1.4571677e-16  -5.8219327e-01   3.0000000e+00
  -3.9828397e+00  -3.9828695e+00   0.0000000e+00   5.5495489e-09  -5.5495489e-09   3.7516621e-09  -3.7516621e-09   0.0000000e+00  -3.3479513e-01  -3.3479513e-01   6.6959026e-01   5.7988217e-01  -5.7988217e-01  -3.2764944e-18   3.0000000e+00
  -3.9695676e+00  -3.9695671e+00   0.0000000e+00   5.1837392e-09  -5.1837392e-09   5.2139727e-09  -5.2139727e-09   0.0000000e+00  -3.6789139e-01  -3.6789139e-01   7.3578279e-01   6.3720658e-01  -6.3720658e-01   2.4190708e-16   3.0000000e+00
  -3.9404657e+00  -3.9404165e+00   0.0000000e+00   5.2990469e-09  -5.2990469e-09   4.3227079e-09  -4.3227079e-09   0.0000000e+00  -3.3506047e-01  -3.3506047e-01   6.7012095e-01   5.8034177e-01  -5.8034177e-01  -6.7243933e-17   3.0000000e+00
  -3.9039249e+00  -3.9039254e+00   0.0000000e+00   5.9183559e-09  -5.9183559e-09   4.1096166e-09  -4.1096166e-09   0.0000000e+00  -3.7016385e-01  -3.7016385e-01   7.4032770e-01   6.4114260e-01  -6.4114260e-01   3.2910525e-17   3.0000000e+00
  -3.8898248e+00  -3.8899014e+00   0.0000000e+00   5.3999622e-09  -5.3999622e-09   4.0396447e-09  -4.0396447e-09   0.0000000e+00  -3.3575787e-01  -3.3575787e-01   6.7151574e-01   5.8154969e-01  -5.8154969e-01  -1.5809781e-16   3.0000000e+00
  -3.8772701e+00  -3.8768068e+00   0.0000000e+00   4.5480152e-09  -4.5480152e-09   3.6590878e-09  -3.6590878e-09   0.0000000e+00  -3.0225172e-01  -3.0225172e-01   6.0450344e-01   5.2351533e-01  -5.2351533e-01   7.8936916e-17   3.0000000e+00
  -3.8534819e+00  -3.8546911e+00   0.0000000e+00   5.1845634e-09  -5.1845634e-09   3.6043410e-09  -3.6043410e-09   0.0000000e+00  -2.9780374e-01   5.9560749e-01  -2.9780374e-01   5.1581122e-01   1.6653345e-16  -5.1581122e-01   3.0000000e+00
  -3.8325759e+00  -3.8324142e+00   0.0000000e+00   5.1702837e-09  -5.1702837e-09   5.0513071e-09  -5.0513071e-09   0.0000000e+00  -3.3545971e-01  -3.3545971e-01   6.7091941e-01   5.8103326e-01  -5.8103326e-01  -3.6418687e-17   3.0000000e+00
  -3.8166973e+00  -3.8147611e+00   0.0000000e+00   4.9616567e-09  -4.9616567e-09   3.8104225e-09  -3.8104225e-09   0.0000000e+00  -2.9645416e-01  -2.9645416e-01   5.9290833e-01   5.1347368e-01  -5.1347368e-01  -2.3468034e-16   3.0000000e+00
  -3.7704187e+00  -3.7744998e+00   0.0000000e+00   5.3754461e-09  -5.3754461e-09   3.7769553e-09  -3.7769553e-09   0.0000000e+00  -2.5344249e-01   5.0688498e-01  -2.5344249e-01   4.3897527e-01  -1.6653345e-15  -4.3897527e-01   3.0000000e+00
  -3.7686802e+00  -3.7670722e+00   0.0000000e+00   5.4841190e-09  -5.4841190e-09   3.9562886e-09  -3.9562886e-09   0.0000000e+00  -2.5453207e-01   1.2726604e-01   1.2726604e-01  -3.2820968e-15  -2.2043124e-01   2.2043124e-01   3.0000000e+00
  -3.7648123e+00  -3.7604782e+00   0.0000000e+00   6.0941345e-10  -6.0941345e-10  -9.1234687e-10   9.1234687e-10   0.0000000e+00   8.5667343e-02  -1.7133469e-01   8.5667343e-02   1.4838019e-01  -6.2796990e-15  -1.4838019e-01   3.0000000e+00
  -3.7383395e+00  -3.7493653e+00   0.0000000e+00   1.1690574e-09  -1.1690574e-09  -1.2720994e-09   1.2720994e-09   0.0000000e+00  -1.5720156e-01   3.1440312e-01  -1.5720156e-01  -2.7228109e-01  -1.7243151e-15   2.7228109e-01   3.0000000e+00
  -3.7085091e+00  -3.7165064e+00   0.0000000e+00   3.9418509e-09  -3.9418509e-09   3.7207160e-09  -3.7207160e-09   0.0000000e+00  -1.7404642e-01  -1.7404642e-01   3.4809283e-01   3.0145724e-01  -3.0145724e-01   4.8260999e-16   3.0000000e+00
  -3.7085091e+00  -3.7041602e+00   0.0000000e+00   3.0852011e-09  -3.0852011e-09   2.3785194e-09  -2.3785194e-09   0.0000000e+00  -2.3463632e-01  -2.3463632e-01   4.6927264e-01   4.0640203e-01  -4.0640203e-01   5.0506614e-16   3.0000000e+00
  -3.6975564e+00  -3.6975151e+00   0.0000000e+00   5.3179265e-09  -5.3179265e-09   4.2579223e-09  -4.2579223e-09   0.0000000e+00  -3.4310347e-01  -3.4310347e-01   6.8620694e-01   5.9427264e-01  -5.9427264e-01  -1.7933773e-16   3.0000000e+00
  -3.6783084e+00  -3.6829432e+00   0.0000000e+00   2.5766537e-09  -2.5766537e-09   1.6719004e-09  -1.6719004e-09   0.0000000e+00   1.2862437e-01   1.2862437e-01  -2.5724874e-01  -2.2278395e-01   2.2278395e-01   2.0428541e-15   3.0000000e+00
  -3.6610195e+00  -3.6663403e+00   0.0000000e+00   4.5160599e-09  -4.5160599e-09   2.9869132e-09  -2.9869132e-09   0.0000000e+00  -1.6845060e-01  -1.6845060e-01   3.3690120e-01   2.9176500e-01  -2.9176500e-01   1.5769703e-15   3.0000000e+00
  -3.6459648e+00  -3.6469742e+00   0.0000000e+00   4.6939941e-09  -4.6939941e-09   3.1269024e-09  -3.1269024e-09   0.0000000e+00  -2.7743212e-01  -2.7743212e-01   5.5486424e-01   4.8052652e-01  -4.8052652e-01   2.4179669e-15   3.0000000e+00
  -3.6441176e+00  -3.6396261e+00   0.0000000e+00   2.9012913e-09  -2.9012913e-09   2.1635987e-09  -2.1635987e-09   0.0000000e+00  -8.3218399e-02  -8.3218399e-02   1.6643680e-01   1.4413850e-01  -1.4413850e-01  -7.1348586e-15   3.0000000e+00
  -3.6141208e+00  -3.6183546e+00   0.0000000e+00   1.4146627e-09  -1.4146627e-09   1.3810883e-09  -1.3810883e-09   0.0000000e+00  -9.1799480e-02   1.8359896e-01  -9.1799480e-02   1.5900136e-01  -8.2575263e-16  -1.5900136e-01   3.0000000e+00
  -3.6141208e+00  -3.6001844e+00   0.0000000e+00   5.4743639e-10  -5.4743639e-10   1.2070379e-09  -1.2070379e-09   0.0000000e+00   3.5644904e-01  -1.7822452e-01  -1.7822452e-01   1.8041124e-15  -3.0869392e-01   3.0869392e-01   3.0000000e+00
  -3.5852653e+00  -3.5842087e+00   0.0000000e+00   1.0600019e-09  -1.0600019e-09   8.6824574e-10  -8.6824574e-10   0.0000000e+00  -3.8260410e-02  -3.8260410e-02   7.6520819e-02   6.6268973e-02  -6.6268973e-02   2.7967267e-16   3.0000000e+00
  -3.5789518e+00  -3.5787711e+00   0.0000000e+00   5.2571305e-09  -5.2571305e-09   4.0447376e-09  -4.0447376e-09   0.0000000e+00  -3.0931148e-01  -3.0931148e-01   6.1862296e-01   5.3574320e-01  -5.3574320e-01  -1.7043645e-16   3.0000000e+00
  -3.5535351e+00  -3.5646485e+00   0.0000000e+00   4.5906773e-09  -4.5906773e-09   3.0961585e-09  -3.0961585e-09   0.0000000e+00   4.7550050e-03  -9.5100100e-03   4.7550050e-03  -8.2359103e-03   1.0019004e-14   8.2359103e-03   3.0000000e+00
  -3.5534688e+00  -3.5533457e+00   0.0000000e+00   3.7340494e-09  -3.7340494e-09   2.6543942e-09  -2.6543942e-09   0.0000000e+00  -1.0857638e-01  -1.0857638e-01   2.1715276e-01   1.8805981e-01  -1.8805981e-01  -7.4652823e-17   3.0000000e+00
  -3.5331822e+00  -3.5244078e+00   0.0000000e+00   1.7533508e-09  -1.7533508e-09   1.5702910e-09  -1.5702910e-09   0.0000000e+00  -7.4452953e-02  -7.4452953e-02   1.4890591e-01   1.2895630e-01  -1.2895630e-01   2.3524517e-15   3.0000000e+00
  -3.5047436e+00  -3.5176573e+00   0.0000000e+00   9.4713063e-10  -9.4713063e-10   1.1279662e-09  -1.1279662e-09   0.0000000e+00   9.2544303e-03  -1.8508861e-02   9.2544303e-03  -1.6029143e-02   9.3862635e-15   1.6029143e-02   3.0000000e+00
  -3.5047436e+00  -3.5047633e+00   0.0000000e+00   5.4789285e-09  -5.4789285e-09   3.3970376e-09  -3.3970376e-09   0.0000000e+00  -3.1643983e-01   6.3287966e-01  -3.1643983e-01   5.4808986e-01   3.6082248e-16  -5.4808986e-01   3.0000000e+00
  -3.4962104e+00  -3.4957659e+00   0.0000000e+00   1.2985738e-09  -1.2985738e-09   8.8972171e-10  -8.8972171e-10   0.0000000e+00  -8.6056391e-02  -8.6056391e-02   1.7211278e-01   1.4905404e-01  -1.4905404e-01  -3.6622056e-16   3.0000000e+00
  -3.4891961e+00  -3.4834672e+00   0.0000000e+00   1.4392732e-09  -1.4392732e-09   1.0524479e-09  -1.0524479e-09   0.0000000e+00  -9.0589398e-02  -9.0589398e-02   1.8117880e-01   1.5690544e-01  -1.5690544e-01   5.7885064e-15   3.0000000e+00
  -3.4891961e+00  -3.4800771e+00   0.0000000e+00   2.1816988e-09  -2.1816988e-09   2.0098371e-09  -2.0098371e-09   0.0000000e+00  -1.7471990e-01  -1.7471990e-01   3.4943980e-01   3.0262375e-01  -3.0262375e-01   6.7956919e-16   3.0000000e+00
  -3.4700183e+00  -3.4614109e+00   0.0000000e+00   3.0270337e-09  -3.0270337e-09   2.2653022e-09  -2.2653022e-09   0.0000000e+00   7.2542596e-02  -3.6271298e-02  -3.6271298e-02   5.7419347e-16   6.2823731e-02  -6.2823731e-02   3.0000000e+00
  -3.4366183e+00  -3.4342316e+00   0.0000000e+00   3.9211605e-09  -3.9211605e-09   2.5885077e-09  -2.5885077e-09   0.0000000e+00   4.6742546e-02   4.6742546e-02  -9.3485092e-02   8.0960465e-02  -8.0960465e-02  -1.2975043e-15   3.0000000e+00
  -3.4074790e+00  -3.4148383e+00   0.0000000e+00   2.1685273e-09  -2.1685273e-09   1.4600112e-09  -1.4600112e-09   0.0000000e+00  -1.1751040e-01  -1.1751040e-01   2.3502080e-01   2.0353398e-01  -2.0353398e-01  -1.2975568e-15   3.0000000e+00
  -3.4074790e+00  -3.4099778e+00   0.0000000e+00   2.4364097e-09  -2.4364097e-09   1.4503265e-09  -1.4503265e-09   0.0000000e+00  -1.5202984e-01   3.0405969e-01  -1.5202984e-01   2.6332341e-01  -1.9637070e-15  -2.6332341e-01   3.0000000e+00
  -3.4007437e+00  -3.4035986e+00   0.0000000e+00   4.9877173e-10  -4.9877173e-10   5.5998378e-10  -5.5998378e-10   0.0000000e+00  -1.7864655e-02   3.5729311e-02  -1.7864655e-02   3.0942491e-02  -3.5054425e-15  -3.0942491e-02   3.0000000e+00
  -3.4007437e+00  -3.3885781e+00   0.0000000e+00   7.7009766e-10  -7.7009766e-10   9.9228585e-10  -9.9228585e-10   0.0000000e+00  -9.8346370e-02  -9.8346370e-02   1.9669274e-01   1.7034091e-01  -1.7034091e-01   3.2311194e-15   3.0000000e+00
  -3.3594221e+00  -3.3784375e+00   0.0000000e+00   1.4651992e-09  -1.4651992e-09   1.0878842e-09  -1.0878842e-09   0.0000000e+00  -5.1802775e-02  -5.1802775e-02   1.0360555e-01   8.9725039e-02  -8.9725039e-02   7.4231138e-15   3.0000000e+00
  -3.3594221e+00  -3.3610469e+00   0.0000000e+00   1.1998523e-09  -1.1998523e-09   6.1775510e-10  -6.1775510e-10   0.0000000e+00   4.5553909e-02   4.5553909e-02  -9.1107819e-02  -7.8901685e-02   7.8901685e-02   3.0429301e-15   3.0000000e+00
  -3.3545683e+00  -3.3530383e+00   0.0000000e+00   2.7546956e-09  -2.7546956e-09   1.7914084e-09  -1.7914084e-09   0.0000000e+00  -4.6645391e-02  -4.6645391e-02   9.3290782e-02  -8.0792187e-02   8.0792187e-02   5.9996011e-15   3.0000000e+00
  -3.3283713e+00  -3.3278311e+00   0.0000000e+00   4.8231505e-09  -4.8231505e-09   3.2590217e-09  -3.2590217e-09   0.0000000e+00  -2.5571271e-01   5.1142543e-01  -2.5571271e-01   4.4290741e-01   2.9282132e-15  -4.4290741e-01   3.0000000e+00
  -3.3262500e+00  -3.3252471e+00   0.0000000e+00   3.0328391e-09  -3.0328391e-09   2.0965109e-09  -2.0965109e-09   0.0000000e+00   8.3731708e-02  -1.6746342e-01   8.3731708e-02  -1.4502757e-01   1.5999355e-14   1.4502757e-01   3.0000000e+00
  -3.3149758e+00  -3.3066403e+00   0.0000000e+00   1.3263348e-10  -1.3263348e-10  -3.1950964e-10   3.1950964e-10   0.0000000e+00   3.2679510e-02  -1.6339755e-02  -1.6339755e-02   2.4893282e-15  -2.8301286e-02   2.8301286e-02   3.0000000e+00
  -3.2916925e+00  -3.2982120e+00   0.0000000e+00   2.3152735e-10  -2.3152735e-10   1.3380790e-11  -1.3380790e-11   0.0000000e+00   1.8405566e-02  -3.6811132e-02   1.8405566e-02  -3.1879376e-02   2.5994831e-15   3.1879376e-02   3.0000000e+00
  -3.2877264e+00  -3.2798618e+00   0.0000000e+00   3.0981419e-09  -3.0981419e-09   1.9991381e-09  -1.9991381e-09   0.0000000e+00  -8.3661581e-02  -8.3661581e-02   1.6732316e-01   1.4490611e-01  -1.4490611e-01   2.3920883e-15   3.0000000e+00
  -3.2595015e+00  -3.2716063e+00   0.0000000e+00   1.3909309e-10  -1.3909309e-10  -2.8705665e-10   2.8705665e-10   0.0000000e+00  -6.0031433e-02   3.0015716e-02   3.0015716e-02   7.8409501e-16   5.1988746e-02  -5.1988746e-02   3.0000000e+00
  -3.2595015e+00  -3.2560587e+00   0.0000000e+00   1.3015951e-10  -1.3015951e-10   9.5171583e-10  -9.5171583e-10   0.0000000e+00   2.2891745e-02  -1.1445872e-02  -1.1445872e-02   3.6273068e-15  -1.9824833e-02   1.9824833e-02   3.0000000e+00
  -3.2595015e+00  -3.2505323e+00   0.0000000e+00   2.7493943e-09  -2.7493943e-09   2.0155174e-09  -2.0155174e-09   0.0000000e+00  -1.0397815e-01  -1.0397815e-01   2.0795629e-01   1.8009543e-01  -1.8009543e-01   1.4701033e-15   3.0000000e+00
  -3.2368122e+00  -3.2420716e+00   0.0000000e+00   1.1751482e-09  -1.1751482e-09   1.2378183e-09  -1.2378183e-09   0.0000000e+00   1.3121111e-03   1.3121111e-03  -2.6242221e-03  -2.2726430e-03   2.2726430e-03  -8.6542729e-15   3.0000000e+00
  -3.2175184e+00  -3.2157329e+00   0.0000000e+00   1.0554083e-10  -1.0554083e-10  -3.1496758e-10   3.1496758e-10   0.0000000e+00   1.4106624e-02  -7.0533121e-03  -7.0533121e-03   2.9575301e-14   1.2216695e-02  -1.2216695e-02   3.0000000e+00
  -3.2106827e+00  -3.2059844e+00   0.0000000e+00   1.7218956e-09  -1.7218956e-09   1.1137503e-09  -1.1137503e-09   0.0000000e+00  -5.3699728e-02  -5.3699728e-02   1.0739946e-01   9.3010657e-02  -9.3010657e-02   2.1593879e-14   3.0000000e+00
  -3.1952895e+00  -3.1880761e+00   0.0000000e+00   1.2325433e-09  -1.2325433e-09   8.2991980e-10  -8.2991980e-10   0.0000000e+00  -3.0851972e-02   6.1703944e-02  -3.0851972e-02   5.3437183e-02   2.6346113e-15  -5.3437183e-02   3.0000000e+00
  -3.1697578e+00  -3.1782087e+00   0.0000000e+00   5.9661783e-10  -5.9661783e-10  -6.7606456e-10   6.7606456e-10   0.0000000e+00  -9.5397528e-02   1.9079506e-01  -9.5397528e-02  -1.6523337e-01   3.6672054e-15   1.6523337e-01   3.0000000e+00
  -3.1667313e+00  -3.1657489e+00   0.0000000e+00   2.1189700e-09  -2.1189700e-09   1.6741568e-09  -1.6741568e-09   0.0000000e+00  -8.6906607e-02  -8.6906607e-02   1.7381321e-01   1.5052666e-01  -1.5052666e-01   8.3031269e-16   3.0000000e+00
  -3.1667313e+00  -3.1631516e+00   0.0000000e+00   3.7865208e-10  -3.7865208e-10  -2.2909284e-10   2.2909284e-10   0.0000000e+00   2.6292404e-02  -5.2584808e-02   2.6292404e-02   4.5539780e-02  -3.3996243e-15  -4.5539780e-02   3.0000000e+00
  -3.1464803e+00  -3.1439566e+00   0.0000000e+00   3.2709605e-10  -3.2709605e-10   6.1616722e-10  -6.1616722e-10   0.0000000e+00   6.5077635e-02  -3.2538818e-02  -3.2538818e-02   2.7755576e-16  -5.6358885e-02   5.6358885e-02   3.0000000e+00
  -3.1383470e+00  -3.1391886e+00   0.0000000e+00   2.7730595e-09  -2.7730595e-09   1.6384164e-09  -1.6384164e-09   0.0000000e+00  -2.9704893e-02  -2.9704893e-02   5.9409786e-02   5.1450384e-02  -5.1450384e-02  -2.6202584e-15   3.0000000e+00
  -3.1201505e+00  -3.1229162e+00   0.0000000e+00   3.4004301e-09  -3.4004301e-09   2.1483167e-09  -2.1483167e-09   0.0000000e+00  -7.7109271e-02   1.5421854e-01  -7.7109271e-02   1.3355717e-01  -1.3634927e-15  -1.3355717e-01   3.0000000e+00
  -3.1201505e+00  -3.1130647e+00   0.0000000e+00   1.3758888e-09  -1.3758888e-09   1.0111360e-09  -1.0111360e-09   0.0000000e+00   5.5161636e-02  -1.1032327e-01   5.5161636e-02  -9.5542757e-02   1.5664553e-15   9.5542757e-02   3.0000000e+00
  -3.0883166e+00  -3.0873401e+00   0.0000000e+00   1.8032211e-10  -1.8032211e-10   1.7558011e-10  -1.7558011e-10   0.0000000e+00  -1.5333663e-02  -1.5333663e-02   3.0667326e-02   2.6558683e-02  -2.6558683e-02  -7.2648021e-15   3.0000000e+00
  -3.0812515e+00  -3.0812019e+00   0.0000000e+00   7.9331618e-10  -7.9331618e-10   1.0485328e-09  -1.0485328e-09   0.0000000e+00  -2.8026723e-02  -2.8026723e-02   5.6053446e-02   4.8543708e-02  -4.8543708e-02  -1.0845467e-15   3.0000000e+00
  -3.0812515e+00  -3.0746422e+00   0.0000000e+00   3.2275805e-10  -3.2275805e-10  -4.0615605e-10   4.0615605e-10   0.0000000e+00   2.5847934e-02  -5.1695869e-02   2.5847934e-02   4.4769935e-02  -2.6411165e-15  -4.4769935e-02   3.0000000e+00
  -3.0508937e+00  -3.0516056e+00   0.0000000e+00   9.9095742e-10  -9.9095742e-10   5.4796511e-10  -5.4796511e-10   0.0000000e+00   5.8142517e-02  -1.1628503e-01   5.8142517e-02  -1.0070579e-01  -2.3210600e-15   1.0070579e-01   3.0000000e+00
  -3.0508937e+00  -3.0457607e+00   0.0000000e+00   2.1758150e-09  -2.1758150e-09   1.4025594e-09  -1.4025594e-09   0.0000000e+00   5.5890378e-02   5.5890378e-02  -1.1178076e-01  -9.6804975e-02   9.6804975e-02  -3.2400934e-15   3.0000000e+00
  -3.0328398e+00  -3.0327411e+00   0.0000000e+00   5.0711216e-10  -5.0711216e-10  -1.0521354e-09   1.0521354e-09   0.0000000e+00  -7.4836352e-02   3.7418176e-02   3.7418176e-02  -4.6317117e-15   6.4810182e-02  -6.4810182e-02   3.0000000e+00
  -3.0181550e+00  -3.0237711e+00   0.0000000e+00   2.5931972e-09  -2.5931972e-09   1.7544396e-09  -1.7544396e-09   0.0000000e+00   8.6447434e-02   8.6447434e-02  -1.7289487e-01  -1.4973135e-01   1.4973135e-01   1.0018043e-14   3.0000000e+00
  -3.0156252e+00  -3.0144800e+00   0.0000000e+00   1.8704569e-10  -1.8704569e-10  -3.2031237e-10   3.2031237e-10   0.0000000e+00  -1.4463692e-02   2.8927385e-02  -1.4463692e-02  -2.5051850e-02   2.6064220e-15   2.5051850e-02   3.0000000e+00
  -2.9907894e+00  -2.9941611e+00   0.0000000e+00   3.1801732e-09  -3.1801732e-09   2.2439253e-09  -2.2439253e-09   0.0000000e+00  -7.3703739e-04  -7.3703739e-04   1.4740748e-03  -1.2765862e-03   1.2765862e-03  -4.0275165e-14   3.0000000e+00
  -2.9835695e+00  -2.9840972e+00   0.0000000e+00   3.3428421e-10  -3.3428421e-10   1.9649610e-10  -1.9649610e-10   0.0000000e+00  -3.2431780e-02  -3.2431780e-02   6.4863559e-02   5.6173490e-02  -5.6173490e-02  -4.9199120e-15   3.0000000e+00
  -2.9668855e+00  -2.9648419e+00   0.0000000e+00   1.2863033e-09  -1.2863033e-09   7.9410280e-10  -7.9410280e-10   0.0000000e+00   7.2265495e-02   7.2265495e-02  -1.4453099e-01  -1.2516751e-01   1.2516751e-01  -1.0521723e-14   3.0000000e+00
  -2.9605519e+00  -2.9634923e+00   0.0000000e+00   2.7470403e-09  -2.7470403e-09   1.6890623e-09  -1.6890623e-09   0.0000000e+00  -4.7650218e-02  -4.7650218e-02   9.5300436e-02   8.2532598e-02  -8.2532598e-02   2.0255510e-15   3.0000000e+00
  -2.9605519e+00  -2.9525128e+00   0.0000000e+00   2.3483834e-09  -2.3483834e-09   1.5748798e-09  -1.5748798e-09   0.0000000e+00   5.9900695e-02   5.9900695e-02  -1.1980139e-01  -1.0375105e-01   1.0375105e-01  -5.9897369e-15   3.0000000e+00
  -2.9333697e+00  -2.9395234e+00   0.0000000e+00   8.5426734e-10  -8.5426734e-10   8.0508066e-10  -8.0508066e-10   0.0000000e+00  -2.5270834e-02  -2.5270834e-02   5.0541668e-02   4.3770368e-02  -4.3770368e-02   1.0805832e-15   3.0000000e+00
  -2.9205737e+00  -2.9256019e+00   0.0000000e+00   5.6019417e-11  -5.6019417e-11   2.3220789e-10  -2.3220789e-10   0.0000000e+00  -3.8189282e-02   1.9094641e-02   1.9094641e-02  -5.9639793e-15   3.3072889e-02  -3.3072889e-02   3.0000000e+00
  -2.9136673e+00  -2.9160368e+00   0.0000000e+00   1.4269053e-09  -1.4269053e-09   1.1616449e-09  -1.1616449e-09   0.0000000e+00  -7.5720475e-02  -7.5720475e-02   1.5144095e-01   1.3115171e-01  -1.3115171e-01   1.4241508e-15   3.0000000e+00
  -2.9136673e+00  -2.9075957e+00   0.0000000e+00   1.1857361e-09  -1.1857361e-09   6.9176771e-10  -6.9176771e-10   0.0000000e+00   9.5693386e-03   9.5693386e-03  -1.9138677e-02  -1.6574581e-02   1.6574581e-02   4.2915191e-15   3.0000000e+00
  -2.8855604e+00  -2.8882978e+00   0.0000000e+00   1.7579866e-10  -1.7579866e-10  -6.4284857e-10   6.4284857e-10   0.0000000e+00   2.4869329e-02  -1.2434665e-02  -1.2434665e-02  -1.5690574e-15  -2.1537471e-02   2.1537471e-02   3.0000000e+00
  -2.8813857e+00  -2.8803604e+00   0.0000000e+00   1.2031317e-09  -1.2031317e-09   7.0395888e-10  -7.0395888e-10   0.0000000e+00  -4.9927265e-02  -4.9927265e-02   9.9854530e-02   8.6476560e-02  -8.6476560e-02   1.5639086e-15   3.0000000e+00
  -2.8626643e+00  -2.8615385e+00   0.0000000e+00   1.7592998e-09  -1.7592998e-09   1.0214741e-09  -1.0214741e-09   0.0000000e+00  -2.3296869e-02   4.6593737e-02  -2.3296869e-02   4.0351360e-02  -6.8009834e-15  -4.0351360e-02   3.0000000e+00
  -2.8596251e+00  -2.8534393e+00   0.0000000e+00   2.0659814e-09  -2.0659814e-09   1.3676223e-09  -1.3676223e-09   0.0000000e+00  -6.8606633e-02  -6.8606633e-02   1.3721327e-01   1.1883017e-01  -1.1883017e-01   7.9066758e-16   3.0000000e+00
  -2.8348821e+00  -2.8425989e+00   0.0000000e+00   8.5218487e-10  -8.5218487e-10   4.3466599e-10  -4.3466599e-10   0.0000000e+00  -4.2558114e-03  -4.2558114e-03   8.5116228e-03   7.3712816e-03  -7.3712816e-03   2.4781078e-15   3.0000000e+00
  -2.8080786e+00  -2.8202427e+00   0.0000000e+00   1.0854843e-09  -1.0854843e-09   8.3656556e-10  -8.3656556e-10   0.0000000e+00  -4.7685876e-02  -4.7685876e-02   9.5371753e-02   8.2594361e-02  -8.2594361e-02  -3.7346428e-15   3.0000000e+00
  -2.8080786e+00  -2.8155809e+00   0.0000000e+00   1.6073228e-09  -1.6073228e-09   1.0093927e-09  -1.0093927e-09   0.0000000e+00   4.0295977e-02   4.0295977e-02  -8.0591953e-02  -6.9794679e-02   6.9794679e-02  -1.3271231e-14   3.0000000e+00
  -2.8080786e+00  -2.8109793e+00   0.0000000e+00   4.5933637e-10  -4.5933637e-10  -8.0194973e-10   8.0194973e-10   0.0000000e+00   7.2453010e-02  -3.6226505e-02  -3.6226505e-02   2.2482016e-15  -6.2746147e-02   6.2746147e-02   3.0000000e+00
  -2.7871793e+00  -2.7902316e+00   0.0000000e+00   1.4543331e-09  -1.4543331e-09   8.6074482e-10  -8.6074482e-10   0.0000000e+00  -4.1863434e-02   8.3726867e-02  -4.1863434e-02   7.2509594e-02  -2.9516320e-15  -7.2509594e-02   3.0000000e+00
  -2.7871793e+00  -2.7854268e+00   0.0000000e+00   2.0988604e-09  -2.0988604e-09   1.5654581e-09  -1.5654581e-09   0.0000000e+00   1.5211641e-02   1.5211641e-02  -3.0423283e-02  -2.6347336e-02   2.6347336e-02   3.6123540e-15   3.0000000e+00
  -2.7743021e+00  -2.7704217e+00   0.0000000e+00   4.7570588e-10  -4.7570588e-10   2.0119809e-10  -2.0119809e-10   0.0000000e+00   1.4470267e-02  -2.8940535e-02   1.4470267e-02  -2.5063238e-02   1.1041515e-15   2.5063238e-02   3.0000000e+00
  -2.7665061e+00  -2.7630583e+00   0.0000000e+00   2.1650811e-09  -2.1650811e-09   1.4657074e-09  -1.4657074e-09   0.0000000e+00  -1.3713653e-02   2.7427306e-02  -1.3713653e-02   2.3752743e-02  -8.3062592e-16  -2.3752743e-02   3.0000000e+00
  -2.7585200e+00  -2.7462984e+00   0.0000000e+00   2.6080534e-09  -2.6080534e-09   1.5522311e-09  -1.5522311e-09   0.0000000e+00  -7.2221670e-02   1.4444334e-01  -7.2221670e-02   1.2509160e-01  -3.0999509e-15  -1.2509160e-01   3.0000000e+00
  -2.7291991e+00  -2.7373184e+00   0.0000000e+00   2.6126683e-10  -2.6126683e-10   4.6916335e-10  -4.6916335e-10   0.0000000e+00   8.8671377e-02  -4.4335689e-02  -4.4335689e-02   5.4296845e-15  -7.6791665e-02   7.6791665e-02   3.0000000e+00
  -2.7264295e+00  -2.7239261e+00   0.0000000e+00   2.8219758e-09  -2.8219758e-09   2.0114125e-09  -2.0114125e-09   0.0000000e+00   5.6565949e-02   5.6565949e-02  -1.1313190e-01  -9.7975097e-02   9.7975097e-02  -1.3107146e-16   3.0000000e+00
  -2.7264295e+00  -2.7181902e+00   0.0000000e+00   6.7557658e-10  -6.7557658e-10   3.1801779e-10  -3.1801779e-10   0.0000000e+00  -2.7356378e-02   5.4712756e-02  -2.7356378e-02   4.7382636e-02  -1.5569143e-15  -4.7382636e-02   3.0000000e+00
  -2.6995046e+00  -2.7030503e+00   0.0000000e+00   2.2658411e-09  -2.2658411e-09   1.3422135e-09  -1.3422135e-09   0.0000000e+00   1.1500551e-02  -2.3001102e-02   1.1500551e-02  -1.9919538e-02   2.8848451e-15   1.9919538e-02   3.0000000e+00
  -2.6974002e+00  -2.6975220e+00   0.0000000e+00   1.7424817e-09  -1.7424817e-09   1.2529441e-09  -1.2529441e-09   0.0000000e+00   4.2644675e-02   4.2644675e-02  -8.5289350e-02  -7.3862744e-02   7.3862744e-02   8.4735282e-16   3.0000000e+00
  -2.6822327e+00  -2.6751695e+00   0.0000000e+00   1.3361887e-09  -1.3361887e-09   8.4674727e-10  -8.4674727e-10   0.0000000e+00  -1.9915277e-02   3.9830555e-02  -1.9915277e-02   3.4494272e-02   9.4650850e-15  -3.4494272e-02   3.0000000e+00
  -2.6645976e+00  -2.6708762e+00   0.0000000e+00   5.8040881e-10  -5.8040881e-10   3.2086196e-10  -3.2086196e-10   0.0000000e+00   1.8043593e-02   1.8043593e-02  -3.6087187e-02  -3.1252421e-02   3.1252421e-02  -3.2542664e-15   3.0000000e+00
  -2.6541344e+00  -2.6548414e+00   0.0000000e+00   5.6100586e-10  -5.6100586e-10   4.6576055e-10  -4.6576055e-10   0.0000000e+00  -3.1649355e-02  -3.1649355e-02   6.3298710e-02   5.4818291e-02  -5.4818291e-02   1.6071893e-15   3.0000000e+00
  -2.6359402e+00  -2.6388582e+00   0.0000000e+00   3.1068245e-09  -3.1068245e-09   2.1176515e-09  -2.1176515e-09   0.0000000e+00  -1.4766083e-02  -1.4766083e-02   2.9532167e-02   2.5575607e-02  -2.5575607e-02   1.2968438e-14   3.0000000e+00
  -2.6292002e+00  -2.6325495e+00   0.0000000e+00   4.2328686e-10  -4.2328686e-10   2.1312868e-10  -2.1312868e-10   0.0000000e+00  -1.3230815e-02  -1.3230815e-02   2.6461630e-02   2.2916444e-02  -2.2916444e-02   4.4337162e-15   3.0000000e+00
  -2.6139197e+00  -2.6182031e+00   0.0000000e+00   1.2073208e-10  -1.2073208e-10  -2.8014976e-10   2.8014976e-10   0.0000000e+00  -3.0209194e-02   1.5104597e-02   1.5104597e-02  -4.1893572e-15   2.6161929e-02  -2.6161929e-02   3.0000000e+00
  -2.6139197e+00  -2.6147271e+00   0.0000000e+00   1.6627673e-09  -1.6627673e-09   8.8221840e-10  -8.8221840e-10   0.0000000e+00  -4.3960682e-02   8.7921363e-02  -4.3960682e-02   7.6142134e-02  -2.3479482e-15  -7.6142134e-02   3.0000000e+00
  -2.5922209e+00  -2.5969074e+00   0.0000000e+00   4.7618329e-10  -4.7618329e-10   2.7224389e-10  -2.7224389e-10   0.0000000e+00   2.4169450e-02   2.4169450e-02  -4.8338900e-02  -4.1862716e-02   4.1862716e-02   8.3233887e-16   3.0000000e+00
  -2.5843017e+00  -2.5798975e+00   0.0000000e+00   1.4781064e-09  -1.4781064e-09   8.2580177e-10  -8.2580177e-10   0.0000000e+00   2.9994121e-02   2.9994121e-02  -5.9988243e-02  -5.1951342e-02   5.1951342e-02  -5.5432620e-15   3.0000000e+00
  -2.5843017e+00  -2.5754417e+00   0.0000000e+00   8.7219240e-10  -8.7219240e-10   6.2794565e-10  -6.2794565e-10   0.0000000e+00  -5.0980332e-02   1.0196066e-01  -5.0980332e-02   8.8300525e-02   5.6144325e-15  -8.8300525e-02   3.0000000e+00
  -2.5657715e+00  -2.5664809e+00   0.0000000e+00   7.8984949e-10  -7.8984949e-10   4.0231164e-10  -4.0231164e-10   0.0000000e+00   5.1705251e-03   5.1705251e-03  -1.0341050e-02  -8.9556122e-03   8.9556122e-03  -2.6845515e-16   3.0000000e+00
  -2.5569338e+00  -2.5518394e+00   0.0000000e+00   7.7973238e-10  -7.7973238e-10   6.0944197e-10  -6.0944197e-10   0.0000000e+00   3.6865878e-02   3.6865878e-02  -7.3731757e-02  -6.3853574e-02   6.3853574e-02  -3.0303071e-15   3.0000000e+00
  -2.5398897e+00  -2.5441081e+00   0.0000000e+00   6.3492442e-10  -6.3492442e-10   5.3062910e-10  -5.3062910e-10   0.0000000e+00  -4.1714770e-02  -4.1714770e-02   8.3429540e-02   7.2252101e-02  -7.2252101e-02  -6.7570718e-16   3.0000000e+00
  -2.5350217e+00  -2.5333846e+00   0.0000000e+00   1.4185106e-09  -1.4185106e-09   9.2523247e-10  -9.2523247e-10   0.0000000e+00  -4.6640063e-02  -4.6640063e-02   9.3280126e-02   8.0782959e-02  -8.0782959e-02  -6.0086517e-16   3.0000000e+00
  -2.5301715e+00  -2.5176195e+00   0.0000000e+00   3.0709902e-09  -3.0709902e-09   2.0705027e-09  -2.0705027e-09   0.0000000e+00  -1.6158249e-02  -1.6158249e-02   3.2316499e-02   2.7986909e-02  -2.7986909e-02  -3.4450515e-15   3.0000000e+00
  -2.5034458e+00  -2.5046806e+00   0.0000000e+00   1.7283852e-09  -1.7283852e-09   1.0990143e-09  -1.0990143e-09   0.0000000e+00  -4.8625652e-03   9.7251305e-03  -4.8625652e-03   8.4222100e-03   2.1898173e-15  -8.4222100e-03   3.0000000e+00
  -2.5034458e+00  -2.5006268e+00   0.0000000e+00   1.2927447e-09  -1.2927447e-09   8.6354519e-10  -8.6354519e-10   0.0000000e+00  -9.4387338e-03   1.8877468e-02  -9.4387338e-03   1.6348367e-02   6.8012002e-15  -1.6348367e-02   3.0000000e+00
  -2.4876321e+00  -2.4843443e+00   0.0000000e+00   1.9438694e-09  -1.9438694e-09   1.2875817e-09  -1.2875817e-09   0.0000000e+00   4.6371110e-02   4.6371110e-02  -9.2742220e-02  -8.0317119e-02   8.0317119e-02   1.4209425e-15   3.0000000e+00
  -2.4742906e+00  -2.4707228e+00   0.0000000e+00   1.5915220e-09  -1.5915220e-09   1.0739919e-09  -1.0739919e-09   0.0000000e+00  -4.1030992e-02  -4.1030992e-02   8.2061983e-02   7.1067762e-02  -7.1067762e-02  -2.1693261e-15   3.0000000e+00
  -2.4633231e+00  -2.4618896e+00   0.0000000e+00   4.5982581e-10  -4.5982581e-10   2.4676488e-10  -2.4676488e-10   0.0000000e+00   3.7524410e-02   3.7524410e-02  -7.5048820e-02  -6.4994184e-02   6.4994184e-02  -7.6290091e-15   3.0000000e+00
  -2.4433508e+00  -2.4529237e+00   0.0000000e+00   2.5087999e-09  -2.5087999e-09   1.5593569e-09  -1.5593569e-09   0.0000000e+00  -2.8207768e-02   5.6415536e-02  -2.8207768e-02   4.8857287e-02  -3.3044314e-14  -4.8857287e-02   3.0000000e+00
  -2.4433508e+00  -2.4406585e+00   0.0000000e+00   2.4002007e-09  -2.4002007e-09   1.7472959e-09  -1.7472959e-09   0.0000000e+00   4.5897518e-02  -9.1795037e-02   4.5897518e-02  -7.9496834e-02  -1.6448648e-14   7.9496834e-02   3.0000000e+00
  -2.4272791e+00  -2.4320480e+00   0.0000000e+00   1.3599191e-09  -1.3599191e-09   8.8903844e-10  -8.8903844e-10   0.0000000e+00   5.5776043e-02   5.5776043e-02  -1.1155209e-01  -9.6606941e-02   9.6606941e-02  -1.8624960e-14   3.0000000e+00
  -2.4154525e+00  -2.4203131e+00   0.0000000e+00   1.5635124e-09  -1.5635124e-09   1.1383593e-09  -1.1383593e-09   0.0000000e+00  -3.7215502e-02  -3.7215502e-02   7.4431005e-02   6.4459141e-02  -6.4459141e-02  -1.8762410e-16   3.0000000e+00
  -2.4088440e+00  -2.4029746e+00   0.0000000e+00   2.9490931e-09  -2.9490931e-09   1.7342301e-09  -1.7342301e-09   0.0000000e+00  -6.2670860e-02   1.2534172e-01  -6.2670860e-02   1.0854911e-01   1.6583956e-14  -1.0854911e-01   3.0000000e+00
  -2.3948257e+00  -2.3949862e+00   0.0000000e+00   1.0029023e-09  -1.0029023e-09   6.3034941e-10  -6.3034941e-10   0.0000000e+00   5.1063210e-02   5.1063210e-02  -1.0212642e-01  -8.8444074e-02   8.8444074e-02   5.1850671e-16   3.0000000e+00
  -2.3948257e+00  -2.3872068e+00   0.0000000e+00   1.7826697e-09  -1.7826697e-09   1.0166642e-09  -1.0166642e-09   0.0000000e+00   8.3058185e-02  -1.6611637e-01   8.3058185e-02  -1.4386100e-01  -1.5144136e-15   1.4386100e-01   3.0000000e+00
  -2.3653231e+00  -2.3763511e+00   0.0000000e+00   1.8969605e-09  -1.8969605e-09   1.2762914e-09  -1.2762914e-09   0.0000000e+00  -5.2335998e-02  -5.2335998e-02   1.0467200e-01   9.0648607e-02  -9.0648607e-02  -1.5893499e-15   3.0000000e+00
  -2.3653231e+00  -2.3673289e+00   0.0000000e+00   1.2115226e-09  -1.2115226e-09   9.0588713e-10  -9.0588713e-10   0.0000000e+00  -3.8664005e-02  -3.8664005e-02   7.7328009e-02   6.6968020e-02  -6.6968020e-02  -1.9735018e-15   3.0000000e+00
  -2.3601870e+00  -2.3588976e+00   0.0000000e+00   7.3229659e-10  -7.3229659e-10   7.7274174e-10  -7.7274174e-10   0.0000000e+00  -6.2589017e-02  -6.2589017e-02   1.2517803e-01   1.0840736e-01  -1.0840736e-01   1.9494357e-15   3.0000000e+00
  -2.3286023e+00  -2.3345787e+00   0.0000000e+00   1.7783803e-09  -1.7783803e-09   1.1304193e-09  -1.1304193e-09   0.0000000e+00   6.4197596e-02   6.4197596e-02  -1.2839519e-01  -1.1119350e-01   1.1119350e-01  -2.4806855e-15   3.0000000e+00
  -2.3286023e+00  -2.3262977e+00   0.0000000e+00   1.6196131e-09  -1.6196131e-09   1.0601753e-09  -1.0601753e-09   0.0000000e+00  -9.9494720e-03   1.9898944e-02  -9.9494720e-03   1.7232991e-02   2.2679341e-15  -1.7232991e-02   3.0000000e+00
  -2.3134373e+00  -2.3151678e+00   0.0000000e+00   2.8340705e-09  -2.8340705e-09   1.9030369e-09  -1.9030369e-09   0.0000000e+00   9.7125903e-02   9.7125903e-02  -1.9425181e-01  -1.6822700e-01   1.6822700e-01  -1.9800139e-15   3.0000000e+00
  -2.3134373e+00  -2.3112041e+00   0.0000000e+00   1.8932236e-09  -1.8932236e-09   1.1659109e-09  -1.1659109e-09   0.0000000e+00  -3.9823145e-02  -3.9823145e-02   7.9646290e-02   6.8975710e-02  -6.8975710e-02   1.4531024e-14   3.0000000e+00
  -2.2939420e+00  -2.2954077e+00   0.0000000e+00   1.3048015e-10  -1.3048015e-10  -1.7895566e-10   1.7895566e-10   0.0000000e+00   4.0584341e-02  -8.1168683e-02   4.0584341e-02   7.0294141e-02   1.4242080e-15  -7.0294141e-02   3.0000000e+00
  -2.2829627e+00  -2.2792540e+00   0.0000000e+00   7.2787984e-10  -7.2787984e-10   5.3100109e-10  -5.3100109e-10   0.0000000e+00  -5.2861099e-02  -5.2861099e-02   1.0572220e-01   9.1558110e-02  -9.1558110e-02  -1.0995734e-15   3.0000000e+00
  -2.2689026e+00  -2.2755881e+00   0.0000000e+00   1.0004973e-09  -1.0004973e-09   6.4946647e-10  -6.4946647e-10   0.0000000e+00   5.8756610e-02   5.8756610e-02  -1.1751322e-01  -1.0176943e-01   1.0176943e-01  -2.5508059e-15   3.0000000e+00
  -2.2629116e+00  -2.2617130e+00   0.0000000e+00   6.0396574e-10  -6.0396574e-10   2.7125549e-10  -2.7125549e-10   0.0000000e+00  -5.1170541e-02   1.0234108e-01  -5.1170541e-02   8.8629977e-02  -5.4912672e-15  -8.8629977e-02   3.0000000e+00
  -2.2586672e+00  -2.2516806e+00   0.0000000e+00   2.4054402e-09  -2.4054402e-09   1.5717983e-09  -1.5717983e-09   0.0000000e+00  -4.5024000e-02  -4.5024000e-02   9.0048001e-02   7.7983856e-02  -7.7983856e-02  -2.6872324e-15   3.0000000e+00
  -2.2226089e+00  -2.2364428e+00   0.0000000e+00   2.6849817e-09  -2.6849817e-09   1.6600225e-09  -1.6600225e-09   0.0000000e+00  -4.1832906e-02  -4.1832906e-02   8.3665812e-02   7.2456719e-02  -7.2456719e-02  -3.6082798e-15   3.0000000e+00
  -2.2226089e+00  -2.2307467e+00   0.0000000e+00   1.6212924e-09  -1.6212924e-09   1.1716584e-09  -1.1716584e-09   0.0000000e+00   8.0554676e-02   8.0554676e-02  -1.6110935e-01  -1.3952479e-01   1.3952479e-01  -6.2135619e-15   3.0000000e+00
  -2.2219720e+00  -2.2200924e+00   0.0000000e+00   2.7207182e-09  -2.7207182e-09   1.7003798e-09  -1.7003798e-09   0.0000000e+00   1.2783305e-01   1.2783305e-01  -2.5566610e-01  -2.2141333e-01   2.2141333e-01   2.0382400e-15   3.0000000e+00
  -2.2109923e+00  -2.2102040e+00   0.0000000e+00   6.1992448e-10  -6.1992448e-10   3.9057436e-10  -3.9057436e-10   0.0000000e+00   3.2778889e-02   3.2778889e-02  -6.5557778e-02  -5.6774701e-02   5.6774701e-02   1.8342339e-15   3.0000000e+00
  -2.2109923e+00  -2.2001822e+00   0.0000000e+00   1.4124271e-09  -1.4124271e-09   9.9051184e-10  -9.9051184e-10   0.0000000e+00  -4.0253080e-02  -4.0253080e-02   8.0506161e-02   6.9720380e-02  -6.9720380e-02  -3.9100507e-16   3.0000000e+00
  -2.1819244e+00  -2.1888190e+00   0.0000000e+00   1.1652957e-09  -1.1652957e-09   7.3568732e-10  -7.3568732e-10   0.0000000e+00   1.9394339e-02   1.9394339e-02  -3.8788678e-02  -3.3591980e-02   3.3591980e-02   2.6140107e-15   3.0000000e+00
  -2.1775447e+00  -2.1753609e+00   0.0000000e+00   2.1193185e-09  -2.1193185e-09   1.5162846e-09  -1.5162846e-09   0.0000000e+00   9.9290382e-02   9.9290382e-02  -1.9858076e-01  -1.7197599e-01   1.7197599e-01   1.6939035e-15   3.0000000e+00
  -2.1677259e+00  -2.1674194e+00   0.0000000e+00   1.3055620e-09  -1.3055620e-09   1.0550906e-09  -1.0550906e-09   0.0000000e+00  -6.8289242e-03   1.3657848e-02  -6.8289242e-03   1.1828044e-02  -2.1094996e-14  -1.1828044e-02   3.0000000e+00
  -2.1590962e+00  -2.1564682e+00   0.0000000e+00   1.1626683e-09  -1.1626683e-09   7.1791813e-10  -7.1791813e-10   0.0000000e+00  -1.1156298e-02   2.2312596e-02  -1.1156298e-02   1.9323275e-02  -9.2933473e-15  -1.9323275e-02   3.0000000e+00
  -2.1590962e+00  -2.1504272e+00   0.0000000e+00   1.2522188e-10  -1.2522188e-10  -1.5720704e-10   1.5720704e-10   0.0000000e+00   2.0224189e-02  -4.0448378e-02   2.0224189e-02   3.5029323e-02   1.3291018e-14  -3.5029323e-02   3.0000000e+00
  -2.1305869e+00  -2.1330097e+00   0.0000000e+00   7.1801452e-11  -7.1801452e-11  -7.8856616e-11   7.8856616e-11   0.0000000e+00  -1.1887382e-02   2.3774764e-02  -1.1887382e-02  -2.0589550e-02   3.2575847e-15   2.0589550e-02   3.0000000e+00
  -2.1247342e+00  -2.1268643e+00   0.0000000e+00   4.1925754e-09  -4.1925754e-09   2.7330497e-09  -2.7330497e-09   0.0000000e+00  -2.6151700e-02  -2.6151700e-02   5.2303400e-02   4.5296073e-02  -4.5296073e-02   2.4029061e-14   3.0000000e+00
  -2.1142860e+00  -2.1161007e+00   0.0000000e+00   4.7318279e-09  -4.7318279e-09   3.0692092e-09  -3.0692092e-09   0.0000000e+00  -3.0479731e-02  -3.0479731e-02   6.0959462e-02   5.2792442e-02  -5.2792442e-02   1.9456179e-14   3.0000000e+00
  -2.1064646e+00  -2.1023790e+00   0.0000000e+00   8.1364474e-10  -8.1364474e-10   6.0874656e-10  -6.0874656e-10   0.0000000e+00   5.1040194e-02   5.1040194e-02  -1.0208039e-01  -8.8404209e-02   8.8404209e-02  -4.6278424e-15   3.0000000e+00
  -2.0845677e+00  -2.0861082e+00   0.0000000e+00   3.5283137e-10  -3.5283137e-10   2.8851380e-10  -2.8851380e-10   0.0000000e+00  -3.7886960e-02  -3.7886960e-02   7.5773920e-02   6.5622139e-02  -6.5622139e-02   4.9133077e-15   3.0000000e+00
  -2.0764454e+00  -2.0771016e+00   0.0000000e+00   3.1341671e-09  -3.1341671e-09   2.0749141e-09  -2.0749141e-09   0.0000000e+00  -1.1821939e-02  -1.1821939e-02   2.3643877e-02   2.0476198e-02  -2.0476198e-02  -1.3257704e-14   3.0000000e+00
  -2.0662124e+00  -2.0690224e+00   0.0000000e+00   1.4339875e-09  -1.4339875e-09   8.9995086e-10  -8.9995086e-10   0.0000000e+00  -4.3141367e-02   8.6282734e-02  -4.3141367e-02   7.4723040e-02  -2.0417695e-15  -7.4723040e-02   3.0000000e+00
  -2.0478859e+00  -2.0542614e+00   0.0000000e+00   2.9733944e-09  -2.9733944e-09   2.0035139e-09  -2.0035139e-09   0.0000000e+00   1.0817503e-01   1.0817503e-01  -2.1635005e-01  -1.8736464e-01   1.8736464e-01   1.3783496e-17   3.0000000e+00
  -2.0466006e+00  -2.0400125e+00   0.0000000e+00   1.4695196e-09  -1.4695196e-09   7.3766334e-10  -7.3766334e-10   0.0000000e+00   4.8971432e-03   4.8971432e-03  -9.7942864e-03  -8.4821008e-03   8.4821008e-03  -3.2315563e-14   3.0000000e+00
  -2.0308211e+00  -2.0385252e+00   0.0000000e+00   2.7526975e-09  -2.7526975e-09   1.7860212e-09  -1.7860212e-09   0.0000000e+00   7.6438170e-02   7.6438170e-02  -1.5287634e-01  -1.3239479e-01   1.3239479e-01  -5.8918592e-15   3.0000000e+00
  -2.0308211e+00  -2.0310921e+00   0.0000000e+00   2.6833686e-09  -2.6833686e-09   1.6275976e-09  -1.6275976e-09   0.0000000e+00   1.1622160e-01   1.1622160e-01  -2.3244320e-01  -2.0130172e-01   2.0130172e-01   9.6075713e-16   3.0000000e+00
  -2.0109494e+00  -2.0139648e+00   0.0000000e+00   3.9581036e-09  -3.9581036e-09   2.6255442e-09  -2.6255442e-09   0.0000000e+00   1.4751792e-01  -2.9503585e-01   1.4751792e-01  -2.5550854e-01   1.8457458e-15   2.5550854e-01   3.0000000e+00
  -2.0075746e+00  -2.0037359e+00   0.0000000e+00   7.7368088e-10  -7.7368088e-10   5.6631829e-10  -5.6631829e-10   0.0000000e+00  -3.1202705e-02  -3.1202705e-02   6.2405411e-02   5.4044671e-02  -5.4044671e-02   3.4404145e-15   3.0000000e+00
  -1.9802768e+00  -1.9903719e+00   0.0000000e+00   8.2973359e-10  -8.2973359e-10   5.6305251e-10  -5.6305251e-10   0.0000000e+00   5.5322823e-02   5.5322823e-02  -1.1064565e-01  -9.5821941e-02   9.5821941e-02  -1.2475505e-14   3.0000000e+00
  -1.9776707e+00  -1.9775537e+00   0.0000000e+00   1.9040475e-10  -1.9040475e-10   7.7543383e-11  -7.7543383e-11   0.0000000e+00  -2.8756372e-02   5.7512743e-02  -2.8756372e-02   4.9807497e-02   1.6040554e-14  -4.9807497e-02   3.0000000e+00
  -1.9776707e+00  -1.9756009e+00   0.0000000e+00   3.3776099e-09  -3.3776099e-09   2.4073404e-09  -2.4073404e-09   0.0000000e+00   1.2874700e-01   1.2874700e-01  -2.5749401e-01  -2.2299635e-01   2.2299635e-01   2.7566115e-15   3.0000000e+00
  -1.9641323e+00  -1.9644167e+00   0.0000000e+00   4.5931102e-10  -4.5931102e-10   2.6580761e-10  -2.6580761e-10   0.0000000e+00   4.6650226e-02  -9.3300452e-02   4.6650226e-02  -8.0800562e-02   2.2117724e-15   8.0800562e-02   3.0000000e+00
  -1.9553343e+00  -1.9500640e+00   0.0000000e+00   1.6389710e-09  -1.6389710e-09   1.0282252e-09  -1.0282252e-09   0.0000000e+00   8.0167252e-02   8.0167252e-02  -1.6033450e-01  -1.3885375e-01   1.3885375e-01   1.7870885e-15   3.0000000e+00
  -1.9363986e+00  -1.9385563e+00   0.0000000e+00   1.9125477e-09  -1.9125477e-09   1.2142926e-09  -1.2142926e-09   0.0000000e+00  -7.4418796e-02   1.4883759e-01  -7.4418796e-02   1.2889714e-01   6.3737210e-14  -1.2889714e-01   3.0000000e+00
  -1.9363986e+00  -1.9366740e+00   0.0000000e+00   3.8083214e-09  -3.8083214e-09   2.6657281e-09  -2.6657281e-09   0.0000000e+00   1.4227485e-01   1.4227485e-01  -2.8454970e-01  -2.4642727e-01   2.4642727e-01   3.7654528e-15   3.0000000e+00
  -1.9323003e+00  -1.9282987e+00   0.0000000e+00   2.8180417e-09  -2.8180417e-09   1.8605926e-09  -1.8605926e-09   0.0000000e+00  -5.6312347e-02   1.1262469e-01  -5.6312347e-02   9.7535845e-02  -1.5959456e-16  -9.7535845e-02   3.0000000e+00
  -1.9014714e+00  -1.9057730e+00   0.0000000e+00   5.1613033e-09  -5.1613033e-09   3.3975301e-09  -3.3975301e-09   0.0000000e+00   1.5476279e-01   1.5476279e-01  -3.0952558e-01  -2.6805701e-01   2.6805701e-01  -5.7941376e-16   3.0000000e+00
  -1.9014714e+00  -1.8995465e+00   0.0000000e+00   1.6564345e-09  -1.6564345e-09   1.0863631e-09  -1.0863631e-09   0.0000000e+00   5.1279611e-02  -1.0255922e-01   5.1279611e-02  -8.8818891e-02  -2.7252506e-15   8.8818891e-02   3.0000000e+00
  -1.8765163e+00  -1.8852046e+00   0.0000000e+00   2.8765802e-09  -2.8765802e-09   1.8810733e-09  -1.8810733e-09   0.0000000e+00  -1.3666813e-02  -1.3666813e-02   2.7333626e-02   2.3671614e-02  -2.3671614e-02  -3.4357504e-14   3.0000000e+00
  -1.8704717e+00  -1.8719261e+00   0.0000000e+00   4.9370225e-09  -4.9370225e-09   3.2046912e-09  -3.2046912e-09   0.0000000e+00  -1.6580520e-02   3.3161040e-02  -1.6580520e-02   2.8718303e-02  -8.2548768e-14  -2.8718303e-02   3.0000000e+00
  -1.8666243e+00  -1.8665838e+00   0.0000000e+00   1.9754751e-09  -1.9754751e-09   1.3338809e-09  -1.3338809e-09   0.0000000e+00  -5.8170139e-02  -5.8170139e-02   1.1634028e-01   1.0075364e-01  -1.0075364e-01   4.7919027e-15   3.0000000e+00
  -1.8666243e+00  -1.8566994e+00   0.0000000e+00   6.3895493e-10  -6.3895493e-10   3.0583159e-10  -3.0583159e-10   0.0000000e+00   4.4025143e-02   4.4025143e-02  -8.8050287e-02  -7.6253785e-02   7.6253785e-02  -1.1734903e-15   3.0000000e+00
  -1.8356074e+00  -1.8435674e+00   0.0000000e+00   1.3700625e-09  -1.3700625e-09   8.0989204e-10  -8.0989204e-10   0.0000000e+00  -3.1410550e-02  -3.1410550e-02   6.2821099e-02   5.4404668e-02  -5.4404668e-02  -1.5846010e-15   3.0000000e+00
  -1.8356074e+00  -1.8371475e+00   0.0000000e+00   2.3804134e-09  -2.3804134e-09   1.6843399e-09  -1.6843399e-09   0.0000000e+00   8.5132187e-02   8.5132187e-02  -1.7026437e-01  -1.4745327e-01   1.4745327e-01   6.7786036e-15   3.0000000e+00
  -1.8351540e+00  -1.8343080e+00   0.0000000e+00   4.9205001e-09  -4.9205001e-09   3.1544537e-09  -3.1544537e-09   0.0000000e+00   1.6950748e-01   1.6950748e-01  -3.3901496e-01  -2.9359557e-01   2.9359557e-01  -5.4218442e-15   3.0000000e+00
  -1.8118566e+00  -1.8186070e+00   0.0000000e+00   2.2671834e-09  -2.2671834e-09   1.3916671e-09  -1.3916671e-09   0.0000000e+00  -4.4734021e-02  -4.4734021e-02   8.9468041e-02   7.7481596e-02  -7.7481596e-02  -2.6194003e-15   3.0000000e+00
  -1.8118566e+00  -1.8054604e+00   0.0000000e+00   2.4112544e-09  -2.4112544e-09   1.4454537e-09  -1.4454537e-09   0.0000000e+00   7.6493315e-02   7.6493315e-02  -1.5298663e-01  -1.3249031e-01   1.3249031e-01  -5.3974431e-16   3.0000000e+00
  -1.7944172e+00  -1.7938542e+00   0.0000000e+00   5.1844415e-09  -5.1844415e-09   3.4557685e-09  -3.4557685e-09   0.0000000e+00   1.7943058e-01   1.7943058e-01  -3.5886116e-01  -3.1078288e-01   3.1078288e-01   4.9227122e-16   3.0000000e+00
  -1.7777177e+00  -1.7837036e+00   0.0000000e+00   1.2282593e-09  -1.2282593e-09   9.7824692e-10  -9.7824692e-10   0.0000000e+00   2.0906401e-02   2.0906401e-02  -4.1812802e-02  -3.6210949e-02   3.6210949e-02   2.1105421e-15   3.0000000e+00
  -1.7777177e+00  -1.7748914e+00   0.0000000e+00   1.9797170e-10  -1.9797170e-10  -3.1170988e-10   3.1170988e-10   0.0000000e+00   1.8492809e-02  -3.6985617e-02   1.8492809e-02   3.2030484e-02  -1.3604569e-15  -3.2030484e-02   3.0000000e+00
  -1.7624186e+00  -1.7621167e+00   0.0000000e+00   5.4790099e-09  -5.4790099e-09   3.6308219e-09  -3.6308219e-09   0.0000000e+00   1.8993077e-01   1.8993077e-01  -3.7986154e-01  -3.2896974e-01   3.2896974e-01  -2.8838749e-16   3.0000000e+00
  -1.7526862e+00  -1.7565079e+00   0.0000000e+00   3.6487826e-09  -3.6487826e-09   2.3474108e-09  -2.3474108e-09   0.0000000e+00   1.1203371e-01  -2.2406743e-01   1.1203371e-01  -1.9404808e-01  -1.2439702e-14   1.9404808e-01   3.0000000e+00
  -1.7414053e+00  -1.7447802e+00   0.0000000e+00   1.2655506e-09  -1.2655506e-09   9.4876591e-10  -9.4876591e-10   0.0000000e+00   6.2171719e-02  -1.2434344e-01   6.2171719e-02  -1.0768458e-01   8.1792212e-15   1.0768458e-01   3.0000000e+00
  -1.7298405e+00  -1.7298657e+00   0.0000000e+00   5.9889345e-09  -5.9889345e-09   4.0065146e-09  -4.0065146e-09   0.0000000e+00   1.9767992e-01  -3.9535983e-01   1.9767992e-01  -3.4239166e-01   9.0899510e-16   3.4239166e-01   3.0000000e+00
  -1.7156398e+00  -1.7194820e+00   0.0000000e+00   3.9343606e-09  -3.9343606e-09   2.5476931e-09  -2.5476931e-09   0.0000000e+00   1.2045281e-01   1.2045281e-01  -2.4090563e-01  -2.0863040e-01   2.0863040e-01   1.6009714e-15   3.0000000e+00
  -1.7136046e+00  -1.7088093e+00   0.0000000e+00   8.2900640e-10  -8.2900640e-10   4.1022482e-10  -4.1022482e-10   0.0000000e+00   5.1593198e-03  -1.0318640e-02   5.1593198e-03  -8.9362041e-03   1.6056492e-15   8.9362041e-03   3.0000000e+00
  -1.7012626e+00  -1.7047334e+00   0.0000000e+00   8.0086646e-10  -8.0086646e-10   4.1098131e-10  -4.1098131e-10   0.0000000e+00   3.0294954e-02   3.0294954e-02  -6.0589907e-02  -5.2472399e-02   5.2472399e-02  -1.1764744e-14   3.0000000e+00
  -1.6795816e+00  -1.6861856e+00   0.0000000e+00   1.1031703e-09  -1.1031703e-09   7.3406326e-10  -7.3406326e-10   0.0000000e+00  -3.9236888e-02  -3.9236888e-02   7.8473776e-02   6.7960284e-02  -6.7960284e-02   1.1823414e-15   3.0000000e+00
  -1.6795816e+00  -1.6795777e+00   0.0000000e+00   5.4099849e-09  -5.4099849e-09   3.6231238e-09  -3.6231238e-09   0.0000000e+00   1.8778086e-01  -3.7556171e-01   1.8778086e-01  -3.2524598e-01  -6.5225603e-16   3.2524598e-01   3.0000000e+00
  -1.6599699e+00  -1.6582511e+00   0.0000000e+00   1.8883258e-10  -1.8883258e-10  -3.1677833e-10   3.1677833e-10   0.0000000e+00  -2.7558882e-02   5.5117764e-02  -2.7558882e-02  -4.7733384e-02   9.2720970e-16   4.7733384e-02   3.0000000e+00
  -1.6497807e+00  -1.6510528e+00   0.0000000e+00   2.1592071e-09  -2.1592071e-09   1.4845656e-09  -1.4845656e-09   0.0000000e+00   1.0727307e-01   1.0727307e-01  -2.1454613e-01  -1.8580240e-01   1.8580240e-01   1.0234240e-15   3.0000000e+00
  -1.6497807e+00  -1.6496414e+00   0.0000000e+00   3.5258968e-09  -3.5258968e-09   2.3381426e-09  -2.3381426e-09   0.0000000e+00   1.4246793e-01   1.4246793e-01  -2.8493586e-01  -2.4676169e-01   2.4676169e-01   1.7388319e-16   3.0000000e+00
  -1.6461343e+00  -1.6418671e+00   0.0000000e+00   3.8030021e-09  -3.8030021e-09   2.5163717e-09  -2.5163717e-09   0.0000000e+00   1.1946873e-01   1.1946873e-01  -2.3893747e-01  -2.0692591e-01   2.0692591e-01  -1.3338389e-15   3.0000000e+00
  -1.6371164e+00  -1.6299662e+00   0.0000000e+00   2.3923123e-09  -2.3923123e-09   1.5002753e-09  -1.5002753e-09   0.0000000e+00  -3.9166128e-02   7.8332256e-02  -3.9166128e-02   6.7837724e-02  -2.8171909e-15  -6.7837724e-02   3.0000000e+00
  -1.6225866e+00  -1.6221587e+00   0.0000000e+00   6.2461373e-09  -6.2461373e-09   4.2812140e-09  -4.2812140e-09   0.0000000e+00   1.9759599e-01   1.9759599e-01  -3.9519198e-01  -3.4224629e-01   3.4224629e-01  -1.3318088e-15   3.0000000e+00
  -1.6006843e+00  -1.6077287e+00   0.0000000e+00   3.0669798e-09  -3.0669798e-09   2.0089081e-09  -2.0089081e-09   0.0000000e+00   1.1480938e-01   1.1480938e-01  -2.2961876e-01  -1.9885568e-01   1.9885568e-01  -3.3381675e-16   3.0000000e+00
  -1.5924806e+00  -1.5957542e+00   0.0000000e+00   4.0765887e-09  -4.0765887e-09   2.7697843e-09  -2.7697843e-09   0.0000000e+00  -5.1150428e-02  -5.1150428e-02   1.0230086e-01  -8.8595140e-02   8.8595140e-02  -7.0103854e-17   3.0000000e+00
  -1.5797870e+00  -1.5825888e+00   0.0000000e+00   2.4941443e-09  -2.4941443e-09   1.5149005e-09  -1.5149005e-09   0.0000000e+00  -4.3281935e-02  -4.3281935e-02   8.6563871e-02   7.4966511e-02  -7.4966511e-02  -3.2912215e-15   3.0000000e+00
  -1.5797870e+00  -1.5794982e+00   0.0000000e+00   2.7714947e-10  -2.7714947e-10  -9.0037790e-12   9.0037790e-12   0.0000000e+00  -1.2499582e-02   2.4999163e-02  -1.2499582e-02  -2.1649910e-02  -2.9126007e-15   2.1649910e-02   3.0000000e+00
  -1.5797870e+00  -1.5718809e+00   0.0000000e+00   8.8299522e-10  -8.8299522e-10   5.3552120e-10  -5.3552120e-10   0.0000000e+00  -2.4203687e-02   4.8407373e-02  -2.4203687e-02   4.1922015e-02  -1.2906343e-15  -4.1922015e-02   3.0000000e+00
  -1.5631579e+00  -1.5630391e+00   0.0000000e+00   5.8643794e-09  -5.8643794e-09   4.0019508e-09  -4.0019508e-09   0.0000000e+00   1.9913857e-01  -3.9827714e-01   1.9913857e-01  -3.4491812e-01  -8.6736174e-17   3.4491812e-01   3.0000000e+00
  -1.5351294e+00  -1.5412940e+00   0.0000000e+00   1.8867026e-09  -1.8867026e-09   1.2238313e-09  -1.2238313e-09   0.0000000e+00   4.7568635e-02   4.7568635e-02  -9.5137270e-02  -8.2391293e-02   8.2391293e-02  -1.7526205e-15   3.0000000e+00
  -1.5351294e+00  -1.5348807e+00   0.0000000e+00   6.2775649e-09  -6.2775649e-09   4.3519902e-09  -4.3519902e-09   0.0000000e+00   2.1200037e-01   2.1200037e-01  -4.2400073e-01  -3.6719541e-01   3.6719541e-01   8.6263598e-17   3.0000000e+00
  -1.5260982e+00  -1.5274294e+00   0.0000000e+00   3.3621695e-09  -3.3621695e-09   2.1355455e-09  -2.1355455e-09   0.0000000e+00   1.1930968e-01   1.1930968e-01  -2.3861936e-01  -2.0665043e-01   2.0665043e-01   6.5157195e-16   3.0000000e+00
  -1.5246676e+00  -1.5220049e+00   0.0000000e+00   1.8533777e-09  -1.8533777e-09   1.1181513e-09  -1.1181513e-09   0.0000000e+00  -4.8535049e-02  -4.8535049e-02   9.7070098e-02   8.4065170e-02  -8.4065170e-02   1.0055314e-15   3.0000000e+00
  -1.5117281e+00  -1.5115079e+00   0.0000000e+00   6.6052576e-09  -6.6052576e-09   4.5174813e-09  -4.5174813e-09   0.0000000e+00   1.9232108e-01   1.9232108e-01  -3.8464217e-01  -3.3310989e-01   3.3310989e-01   3.6089483e-16   3.0000000e+00
  -1.5109640e+00  -1.5036695e+00   0.0000000e+00   1.5987728e-09  -1.5987728e-09   1.1451597e-09  -1.1451597e-09   0.0000000e+00   5.2308010e-02   5.2308010e-02  -1.0461602e-01  -9.0600131e-02   9.0600131e-02   5.2078588e-15   3.0000000e+00
  -1.4880844e+00  -1.4834422e+00   0.0000000e+00   4.1029579e-09  -4.1029579e-09   2.7794887e-09  -2.7794887e-09   0.0000000e+00   1.2348759e-01   1.2348759e-01  -2.4697519e-01  -2.1388678e-01   2.1388678e-01  -1.4981614e-15   3.0000000e+00
  -1.4781108e+00  -1.4760091e+00   0.0000000e+00   1.0816313e-09  -1.0816313e-09   8.1417231e-10  -8.1417231e-10   0.0000000e+00   7.4892387e-02   7.4892387e-02  -1.4978477e-01  -1.2971742e-01   1.2971742e-01  -7.7504241e-15   3.0000000e+00
  -1.4630639e+00  -1.4652591e+00   0.0000000e+00   1.2239242e-09  -1.2239242e-09   8.4640059e-10  -8.4640059e-10   0.0000000e+00   7.5133356e-02   7.5133356e-02  -1.5026671e-01  -1.3013479e-01   1.3013479e-01   6.3946476e-15   3.0000000e+00
  -1.4497550e+00  -1.4469214e+00   0.0000000e+00   1.0693714e-10  -1.0693714e-10   1.4954984e-10  -1.4954984e-10   0.0000000e+00  -1.1153676e-02  -1.1153676e-02   2.2307353e-02   1.9318734e-02  -1.9318734e-02   6.6780444e-15   3.0000000e+00
  -1.4438095e+00  -1.4438774e+00   0.0000000e+00   5.6012817e-09  -5.6012817e-09   3.8470940e-09  -3.8470940e-09   0.0000000e+00   1.9281830e-01   1.9281830e-01  -3.8563661e-01  -3.3397110e-01   3.3397110e-01   1.0019289e-15   3.0000000e+00
  -1.4438095e+00  -1.4427401e+00   0.0000000e+00   1.0125439e-09  -1.0125439e-09   6.8293480e-10  -6.8293480e-10   0.0000000e+00  -4.6929896e-02  -4.6929896e-02   9.3859793e-02   8.1284965e-02  -8.1284965e-02  -2.5782421e-14   3.0000000e+00
  -1.4159147e+00  -1.4160242e+00   0.0000000e+00   6.7186392e-09  -6.7186392e-09   4.4786559e-09  -4.4786559e-09   0.0000000e+00   2.2109738e-01   2.2109738e-01  -4.4219475e-01  -3.8295189e-01   3.8295189e-01  -3.2121999e-15   3.0000000e+00
  -1.4057778e+00  -1.4074278e+00   0.0000000e+00   3.1179451e-10  -3.1179451e-10  -1.9959215e-10   1.9959215e-10   0.0000000e+00  -4.5424603e-02   9.0849205e-02  -4.5424603e-02  -7.8677720e-02   5.5662072e-14   7.8677720e-02   3.0000000e+00
  -1.4057778e+00  -1.4065542e+00   0.0000000e+00   2.0559574e-09  -2.0559574e-09   1.2764601e-09  -1.2764601e-09   0.0000000e+00   1.0127048e-01   1.0127048e-01  -2.0254095e-01  -1.7540561e-01   1.7540561e-01   1.4700038e-14   3.0000000e+00
  -1.3976606e+00  -1.3976340e+00   0.0000000e+00   7.0295568e-09  -7.0295568e-09   4.6685808e-09  -4.6685808e-09   0.0000000e+00   2.3191421e-01   2.3191421e-01  -4.6382841e-01  -4.0168719e-01   4.0168719e-01  -3.2696758e-16   3.0000000e+00
  -1.3935178e+00  -1.3850789e+00   0.0000000e+00   1.3604918e-09  -1.3604918e-09   9.1290273e-10  -9.1290273e-10   0.0000000e+00  -3.7966985e-02  -3.7966985e-02   7.5933969e-02   6.5760746e-02  -6.5760746e-02  -4.0751828e-17   3.0000000e+00
  -1.3935178e+00  -1.3793167e+00   0.0000000e+00   1.2800291e-09  -1.2800291e-09   5.9463801e-10  -5.9463801e-10   0.0000000e+00   4.4858683e-02   4.4858683e-02  -8.9717366e-02  -7.7697518e-02   7.7697518e-02  -1.5111023e-17   3.0000000e+00
  -1.3615738e+00  -1.3631713e+00   0.0000000e+00   3.7111944e-09  -3.7111944e-09   2.4424303e-09  -2.4424303e-09   0.0000000e+00   1.3534779e-01   1.3534779e-01  -2.7069558e-01  -2.3442925e-01   2.3442925e-01   4.3995160e-16   3.0000000e+00
  -1.3615738e+00  -1.3575617e+00   0.0000000e+00   3.7239705e-09  -3.7239705e-09   2.4987168e-09  -2.4987168e-09   0.0000000e+00   1.1071032e-01  -2.2142064e-01   1.1071032e-01  -1.9175590e-01   1.1327744e-15   1.9175590e-01   3.0000000e+00
  -1.3512679e+00  -1.3439772e+00   0.0000000e+00   3.9404398e-09  -3.9404398e-09   2.7143474e-09  -2.7143474e-09   0.0000000e+00   1.1839806e-01   1.1839806e-01  -2.3679612e-01  -2.0507146e-01   2.0507146e-01  -1.6430949e-15   3.0000000e+00
  -1.3222207e+00  -1.3255611e+00   0.0000000e+00   9.1181909e-11  -9.1181909e-11   1.0600500e-10  -1.0600500e-10   0.0000000e+00   9.4515058e-03   9.4515058e-03  -1.8903012e-02  -1.6370488e-02   1.6370488e-02  -5.3460423e-15   3.0000000e+00
  -1.3222207e+00  -1.3222059e+00   0.0000000e+00   6.1663331e-09  -6.1663331e-09   4.2067008e-09  -4.2067008e-09   0.0000000e+00   2.0275382e-01   2.0275382e-01  -4.0550764e-01  -3.5117991e-01   3.5117991e-01  -6.7848088e-17   3.0000000e+00
  -1.3222207e+00  -1.3192476e+00   0.0000000e+00   1.4950670e-10  -1.4950670e-10  -2.4862095e-10   2.4862095e-10   0.0000000e+00   7.7816554e-03  -1.5563311e-02   7.7816554e-03   1.3478222e-02   5.5588130e-15  -1.3478222e-02   3.0000000e+00
  -1.2929757e+00  -1.2939782e+00   0.0000000e+00   1.1529380e-09  -1.1529380e-09   7.8549267e-10  -7.8549267e-10   0.0000000e+00   4.8177329e-02  -9.6354658e-02   4.8177329e-02  -8.3445581e-02  -1.9255431e-15   8.3445581e-02   3.0000000e+00
  -1.2929757e+00  -1.2928870e+00   0.0000000e+00   6.3375923e-09  -6.3375923e-09   4.2174933e-09  -4.2174933e-09   0.0000000e+00   2.0988329e-01   2.0988329e-01  -4.1976659e-01  -3.6352853e-01   3.6352853e-01  -1.0184225e-16   3.0000000e+00
  -1.2858595e+00  -1.2857425e+00   0.0000000e+00   5.0278299e-09  -5.0278299e-09   3.4187773e-09  -3.4187773e-09   0.0000000e+00   1.6451698e-01   1.6451698e-01  -3.2903395e-01  -2.8495176e-01   2.8495176e-01  -7.4863749e-16   3.0000000e+00
  -1.2858595e+00  -1.2764099e+00   0.0000000e+00   2.2909475e-09  -2.2909475e-09   1.5587491e-09  -1.5587491e-09   0.0000000e+00  -7.5275321e-04   1.5055064e-03  -7.5275321e-04   1.3038068e-03   9.8377524e-14  -1.3038068e-03   3.0000000e+00
  -1.2513288e+00  -1.2481858e+00   0.0000000e+00   4.8943386e-10  -4.8943386e-10   1.9920933e-10  -1.9920933e-10   0.0000000e+00  -1.9984781e-02   3.9969561e-02  -1.9984781e-02   3.4614656e-02  -1.6406147e-15  -3.4614656e-02   3.0000000e+00
  -1.2389212e+00  -1.2390532e+00   0.0000000e+00   4.4067385e-09  -4.4067385e-09   2.8928963e-09  -2.8928963e-09   0.0000000e+00   1.4479780e-01   1.4479780e-01  -2.8959560e-01  -2.5079714e-01   2.5079714e-01   9.6437011e-16   3.0000000e+00
  -1.2352557e+00  -1.2355479e+00   0.0000000e+00   3.4888013e-09  -3.4888013e-09   2.2414010e-09  -2.2414010e-09   0.0000000e+00   1.1386166e-01   1.1386166e-01  -2.2772332e-01  -1.9721418e-01   1.9721418e-01   1.8163713e-15   3.0000000e+00
  -1.2215939e+00  -1.2245110e+00   0.0000000e+00   3.4075363e-09  -3.4075363e-09   2.4364291e-09  -2.4364291e-09   0.0000000e+00   1.2472379e-01   1.2472379e-01  -2.4944757e-01  -2.1602793e-01   2.1602793e-01  -8.4125889e-17   3.0000000e+00
  -1.1983242e+00  -1.2090250e+00   0.0000000e+00   2.5126994e-09  -2.5126994e-09   1.7820772e-09  -1.7820772e-09   0.0000000e+00  -3.0712076e-03   6.1424153e-03  -3.0712076e-03   5.3194877e-03  -6.6146090e-15  -5.3194877e-03   3.0000000e+00
  -1.1983242e+00  -1.2004875e+00   0.0000000e+00   8.3645923e-11  -8.3645923e-11   1.8580351e-11  -1.8580351e-11   0.0000000e+00   2.9656233e-03  -5.9312466e-03   2.9656233e-03  -5.1366102e-03   8.2361418e-16   5.1366102e-03   3.0000000e+00
  -1.1983242e+00  -1.1983192e+00   0.0000000e+00   6.2869858e-09  -6.2869858e-09   4.2053824e-09  -4.2053824e-09   0.0000000e+00   2.0404690e-01   2.0404690e-01  -4.0809381e-01  -3.5341961e-01   3.5341961e-01  -3.6870901e-16   3.0000000e+00
  -1.1890902e+00  -1.1773318e+00   0.0000000e+00   1.0599746e-10  -1.0599746e-10   1.7148242e-10  -1.7148242e-10   0.0000000e+00   3.7119679e-03  -7.4239358e-03   3.7119679e-03  -6.4293170e-03  -1.2086416e-15   6.4293170e-03   3.0000000e+00
  -1.1627366e+00  -1.1678294e+00   0.0000000e+00   2.8208832e-09  -2.8208832e-09   1.8470818e-09  -1.8470818e-09   0.0000000e+00  -1.8138212e-02  -1.8138212e-02   3.6276424e-02   3.1416304e-02  -3.1416304e-02   1.4514660e-14   3.0000000e+00
  -1.1627366e+00  -1.1627723e+00   0.0000000e+00   5.2133616e-09  -5.2133616e-09   3.4666632e-09  -3.4666632e-09   0.0000000e+00   1.6803036e-01   1.6803036e-01  -3.3606073e-01  -2.9103713e-01   2.9103713e-01  -1.0008312e-16   3.0000000e+00
  -1.1600297e+00  -1.1534949e+00   0.0000000e+00   8.2297866e-10  -8.2297866e-10   5.4489711e-10  -5.4489711e-10   0.0000000e+00   5.4581924e-02   5.4581924e-02  -1.0916385e-01  -9.4538666e-02   9.4538666e-02  -3.8194995e-16   3.0000000e+00
  -1.1176699e+00  -1.1268997e+00   0.0000000e+00   5.7631514e-10  -5.7631514e-10   5.0497838e-10  -5.0497838e-10   0.0000000e+00   4.2766512e-02   4.2766512e-02  -8.5533024e-02  -7.4073772e-02   7.4073772e-02  -1.1041526e-15   3.0000000e+00
  -1.1131939e+00  -1.1140639e+00   0.0000000e+00   3.8423766e-09  -3.8423766e-09   2.5280133e-09  -2.5280133e-09   0.0000000e+00   1.2705210e-01  -2.5410421e-01   1.2705210e-01  -2.2006070e-01   2.2204460e-16   2.2006070e-01   3.0000000e+00
  -1.1126968e+00  -1.1124537e+00   0.0000000e+00   3.9476649e-09  -3.9476649e-09   2.5602835e-09  -2.5602835e-09   0.0000000e+00  -1.4365073e-02   2.8730147e-02  -1.4365073e-02   2.4881037e-02  -5.4022542e-15  -2.4881037e-02   3.0000000e+00
  -1.1005192e+00  -1.0980743e+00   0.0000000e+00   4.4599105e-09  -4.4599105e-09   3.0240558e-09  -3.0240558e-09   0.0000000e+00   1.3352293e-01   1.3352293e-01  -2.6704586e-01  -2.3126850e-01   2.3126850e-01  -6.1303505e-16   3.0000000e+00
  -1.0754836e+00  -1.0794254e+00   0.0000000e+00   1.1571750e-09  -1.1571750e-09   7.5700123e-10  -7.5700123e-10   0.0000000e+00  -1.0153984e-02   2.0307968e-02  -1.0153984e-02   1.7587217e-02   1.0514593e-15  -1.7587217e-02   3.0000000e+00
  -1.0418787e+00  -1.0570479e+00   0.0000000e+00   6.0304601e-10  -6.0304601e-10   4.8044267e-10  -4.8044267e-10   0.0000000e+00   4.2854117e-02  -8.5708234e-02   4.2854117e-02  -7.4225508e-02   4.1026210e-16   7.4225508e-02   3.0000000e+00
  -1.0418787e+00  -1.0427795e+00   0.0000000e+00   4.9462293e-11  -4.9462293e-11   2.0886931e-11  -2.0886931e-11   0.0000000e+00  -1.1092704e-03  -1.1092704e-03   2.2185408e-03   1.9213127e-03  -1.9213127e-03   1.7400067e-15   3.0000000e+00
  -1.0376706e+00  -1.0376709e+00   0.0000000e+00   4.0543739e-09  -4.0543739e-09   2.7938015e-09  -2.7938015e-09   0.0000000e+00   1.5130952e-01   1.5130952e-01  -3.0261904e-01  -2.6207577e-01   2.6207577e-01   1.0514315e-13   3.0000000e+00
  -1.0376706e+00  -1.0375701e+00   0.0000000e+00   2.6978966e-09  -2.6978966e-09   1.7640932e-09  -1.7640932e-09   0.0000000e+00  -6.3843731e-02  -6.3843731e-02   1.2768746e-01   1.1058059e-01  -1.1058059e-01   4.7155177e-13   3.0000000e+00
  -9.9295219e-01  -9.9613870e-01   0.0000000e+00   2.0347710e-09  -2.0347710e-09   1.2942342e-09  -1.2942342e-09   0.0000000e+00   7.3658445e-02   7.3658445e-02  -1.4731689e-01  -1.2758017e-01   1.2758017e-01  -9.4787803e-16   3.0000000e+00
  -9.9295219e-01  -9.8639578e-01   0.0000000e+00   1.1052266e-09  -1.1052266e-09   6.8822597e-10  -6.8822597e-10   0.0000000e+00   5.7958448e-02   5.7958448e-02  -1.1591690e-01  -1.0038698e-01   1.0038698e-01  -2.8888486e-16   3.0000000e+00
  -9.7167301e-01  -9.7976200e-01   0.0000000e+00   1.1348979e-10  -1.1348979e-10   1.6776146e-11  -1.6776146e-11   0.0000000e+00  -4.7338059e-03   9.4676118e-03  -4.7338059e-03   8.1991924e-03   1.5177746e-15  -8.1991924e-03   3.0000000e+00
  -9.7167301e-01  -9.7232168e-01   0.0000000e+00   4.4464119e-09  -4.4464119e-09   3.0867504e-09  -3.0867504e-09   0.0000000e+00   1.4517997e-01   1.4517997e-01  -2.9035993e-01  -2.5145908e-01   2.5145908e-01   3.3843686e-16   3.0000000e+00
  -9.7167301e-01  -9.6143301e-01   0.0000000e+00   2.3467815e-09  -2.3467815e-09   1.5335905e-09  -1.5335905e-09   0.0000000e+00   5.0355879e-02  -1.0071176e-01   5.0355879e-02  -8.7218940e-02   5.4990734e-16   8.7218940e-02   3.0000000e+00
  -9.4893984e-01  -9.4685746e-01   0.0000000e+00   1.2348132e-10  -1.2348132e-10   2.0117762e-10  -2.0117762e-10   0.0000000e+00   1.1301505e-02  -2.2603010e-02   1.1301505e-02  -1.9574781e-02   5.8546917e-16   1.9574781e-02   3.0000000e+00
  -9.1324045e-01  -9.2152217e-01   0.0000000e+00   1.1670864e-09  -1.1670864e-09   6.8145258e-10  -6.8145258e-10   0.0000000e+00   4.1996523e-02  -8.3993047e-02   4.1996523e-02  -7.2740112e-02  -2.8883146e-16   7.2740112e-02   3.0000000e+00
  -9.1324045e-01  -9.1235310e-01   0.0000000e+00   3.2208792e-09  -3.2208792e-09   1.9914792e-09  -1.9914792e-09   0.0000000e+00   1.1591604e-01   1.1591604e-01  -2.3183209e-01  -2.0077248e-01   2.0077248e-01   4.6725977e-16   3.0000000e+00
  -9.0841730e-01  -8.9026587e-01   0.0000000e+00   1.0757166e-11  -1.0757166e-11  -2.9732166e-11   2.9732166e-11   0.0000000e+00   1.1234849e-03  -5.6174247e-04  -5.6174247e-04   5.5332258e-16  -9.7296650e-04   9.7296650e-04   3.0000000e+00
  -8.6683866e-01  -8.6641858e-01   0.0000000e+00   3.3508925e-09  -3.3508925e-09   2.1776154e-09  -2.1776154e-09   0.0000000e+00   1.0639791e-01  -2.1279581e-01   1.0639791e-01  -1.8428658e-01   2.0816682e-17   1.8428658e-01   3.0000000e+00
  -8.5444623e-01  -8.4943712e-01   0.0000000e+00   1.2858892e-11  -1.2858892e-11   2.1230109e-12  -2.1230109e-12   0.0000000e+00   2.0030511e-03  -1.0015255e-03  -1.0015255e-03   5.3911953e-15   1.7346931e-03  -1.7346931e-03   3.0000000e+00
  -8.3472894e-01  -8.2883230e-01   0.0000000e+00   2.0494073e-09  -2.0494073e-09   1.2361121e-09  -1.2361121e-09   0.0000000e+00   7.7444980e-02   7.7444980e-02  -1.5488996e-01  -1.3413864e-01   1.3413864e-01  -2.0169568e-16   3.0000000e+00
  -8.3472894e-01  -8.1582609e-01   0.0000000e+00   1.4233206e-10  -1.4233206e-10   6.7434587e-11  -6.7434587e-11   0.0000000e+00   1.3370419e-02   1.3370419e-02  -2.6740839e-02  -2.3158246e-02   2.3158246e-02   6.2812149e-17   3.0000000e+00
  -7.8335446e-01  -8.0617206e-01   0.0000000e+00   1.2467482e-09  -1.2467482e-09   8.4499542e-10  -8.4499542e-10   0.0000000e+00   6.1015466e-02   6.1015466e-02  -1.2203093e-01  -1.0568189e-01   1.0568189e-01  -1.8960838e-15   3.0000000e+00
  -7.8133883e-01  -7.7436303e-01   0.0000000e+00   1.4062811e-11  -1.4062811e-11   2.0315265e-11  -2.0315265e-11   0.0000000e+00  -4.7614560e-04   9.5229121e-04  -4.7614560e-04   8.2470838e-04  -2.8953619e-16  -8.2470838e-04   3.0000000e+00
  -7.8133883e-01  -7.5307443e-01   0.0000000e+00   9.4048978e-11  -9.4048978e-11   1.0693011e-11  -1.0693011e-11   0.0000000e+00   1.5316714e-02  -3.0633428e-02   1.5316714e-02  -2.6529327e-02   3.7699878e-15   2.6529327e-02   3.0000000e+00
  -7.2043945e-01  -7.1958871e-01   0.0000000e+00   2.4601373e-11  -2.4601373e-11   3.8029537e-12  -3.8029537e-12   0.0000000e+00  -1.1952054e-03  -1.1952054e-03   2.3904108e-03   2.0701565e-03  -2.0701565e-03   2.6778491e-14   3.0000000e+00
  -6.8192032e-01  -6.4025550e-01   0.0000000e+00   1.4602944e-12  -1.4602944e-12  -3.4962042e-13   3.4962042e-13   0.0000000e+00  -1.9544587e-03   9.7722935e-04   9.7722935e-04   1.2972552e-12   1.6926109e-03  -1.6926109e-03   3.0000000e+00
  -6.8192032e-01  -5.9156619e-01   0.0000000e+00   2.0278270e-13  -2.0278270e-13   1.4249207e-13  -1.4249207e-13   0.0000000e+00  -1.6153687e-04   3.2307375e-04  -1.6153687e-04   2.7979007e-04   6.1587857e-14  -2.7979007e-04   3.0000000e+00
