  -5.1026752e+00  -5.1026752e+00   3.1993455e-01   9.3191835e-02   2.2674272e-01   4.7990183e-01   2.2674272e-01   2.6416395e-02   2.2674272e-01   3.0000000e+00
  -4.8925018e+00  -4.8925018e+00   3.5037239e-01   2.3528092e-01   1.1509147e-01   5.2555858e-01   5.4996747e-02   2.3528092e-01   2.3528092e-01   3.0000000e+00
  -4.8418068e+00  -4.8418068e+00   3.1570435e-01   2.3471008e-01   8.0994262e-02   4.7355652e-01   2.3471008e-01   4.1363514e-03   2.3471008e-01   3.0000000e+00
  -4.6931076e+00  -4.6931076e+00   3.8306914e-01   1.3787882e-01   2.4519031e-01   5.7460370e-01   2.4519031e-01   8.4223074e-02   2.4519031e-01   3.0000000e+00
  -4.6456975e+00  -4.6456975e+00   3.4890312e-01   1.0397186e-01   2.4493126e-01   5.2335468e-01   3.3492154e-02   2.4493126e-01   2.4493126e-01   3.0000000e+00
  -4.5912032e+00  -4.5912032e+00   3.1335975e-01   2.4374956e-01   6.9610190e-02   4.7003963e-01  -1.7459497e-02   2.4374956e-01   2.4374956e-01   3.0000000e+00
  -4.5048269e+00  -4.5048269e+00   4.1865719e-01   1.6180591e-01   2.5685128e-01   6.2798578e-01   2.5685128e-01   1.1428322e-01   2.5685128e-01   3.0000000e+00
  -4.4610101e+00  -4.4610101e+00   3.8520100e-01   1.2809882e-01   2.5710218e-01   5.7780151e-01   2.5710218e-01   6.3597140e-02   2.5710218e-01   3.0000000e+00
  -4.4092778e+00  -4.4092778e+00   3.5028376e-01   9.4203219e-02   2.5608054e-01   5.2542564e-01   1.3264558e-02   2.5608054e-01   2.5608054e-01   3.0000000e+00
  -4.3511083e+00  -4.3511083e+00   3.1339054e-01   5.9242068e-02   2.5414847e-01   4.7008580e-01  -3.8211133e-02   2.5414847e-01   2.5414847e-01   3.0000000e+00
  -4.3281239e+00  -4.3281239e+00   4.5807363e-01   2.7083372e-01   1.8723992e-01   6.8711046e-01   2.7083373e-01   1.4544301e-01   2.7083372e-01   3.0000000e+00
  -4.2883143e+00  -4.2883144e+00   4.2572480e-01   1.5379441e-01   2.7193039e-01   6.3858716e-01   9.4726437e-02   2.7193034e-01   2.7193039e-01   3.0000000e+00
  -4.2394942e+00  -4.2394942e+00   3.9179637e-01   2.7120171e-01   1.2059465e-01   5.8769459e-01   4.5291108e-02   2.7120177e-01   2.7120171e-01   3.0000000e+00
  -4.1836876e+00  -4.1836876e+00   3.5541014e-01   8.6135541e-02   2.6927460e-01   5.3311519e-01  -5.4339794e-03   2.6927456e-01   2.6927460e-01   3.0000000e+00
  -4.1636803e+00  -4.1636802e+00   5.0282135e-01   2.1475067e-01   2.8807068e-01   7.5423341e-01   2.8807276e-01   1.7808997e-01   2.8807068e-01   3.0000000e+00
  -4.1284630e+00  -4.1284634e+00   4.7239218e-01   2.9062980e-01   1.8176238e-01   7.0858415e-01   1.2733035e-01   2.9062400e-01   2.9062980e-01   3.0000000e+00
  -4.1218468e+00  -4.1218468e+00   3.1658714e-01   2.6634025e-01   5.0246889e-02   4.7488072e-01  -5.7799794e-02   2.6634026e-01   2.6634025e-01   3.0000000e+00
  -4.0827341e+00  -4.0827335e+00   4.4016638e-01   2.9041870e-01   1.4974768e-01   6.6025575e-01   2.9042713e-01   7.9409914e-02   2.9041870e-01   3.0000000e+00
  -4.0294084e+00  -4.0294090e+00   4.0486741e-01   1.1616176e-01   2.8870565e-01   6.0729414e-01   2.9892110e-02   2.8869639e-01   2.8870565e-01   3.0000000e+00
  -4.0125961e+00  -4.0125861e+00   5.5561058e-01   2.4533481e-01   3.1027577e-01   8.3351054e-01   3.1042901e-01   2.1280575e-01   3.1027577e-01   3.0000000e+00
  -3.9828397e+00  -3.9828695e+00   5.2918700e-01   3.1583006e-01   2.1335694e-01   7.9349999e-01   3.1543192e-01   1.6223800e-01   3.1583006e-01   3.0000000e+00
  -3.9695676e+00  -3.9695671e+00   3.6642532e-01   8.0839531e-02   2.8558578e-01   5.4964495e-01  -2.1534006e-02   2.8559317e-01   2.8558578e-01   3.0000000e+00
  -3.9404657e+00  -3.9404165e+00   4.9969266e-01   3.1607876e-01   1.8361390e-01   7.5001526e-01   3.1672927e-01   1.1720723e-01   3.1607876e-01   3.0000000e+00
  -3.9039249e+00  -3.9039254e+00   3.2518498e-01   4.3875738e-02   2.8130925e-01   4.8776636e-01  -7.4842801e-02   2.8129992e-01   2.8130925e-01   3.0000000e+00
  -3.8898248e+00  -3.8899014e+00   4.6837611e-01   3.1637737e-01   1.5199874e-01   7.0171486e-01   7.0094282e-02   3.1524321e-01   3.1637737e-01   3.0000000e+00
  -3.8772701e+00  -3.8768068e+00   6.2141690e-01   3.3902704e-01   2.8238985e-01   9.3572989e-01   3.4613937e-01   2.5056348e-01   3.3902704e-01   3.0000000e+00
  -3.8534819e+00  -3.8546911e+00   6.1224387e-01   3.6022208e-01   2.5202179e-01   9.0923382e-01   2.0145749e-01   3.4755424e-01   3.6022208e-01   3.0000000e+00
  -3.8325759e+00  -3.8324142e+00   4.3645168e-01   3.1422886e-01   1.2222283e-01   6.5741930e-01   3.1647152e-01   2.6718924e-02   3.1422886e-01   3.0000000e+00
  -3.8166973e+00  -3.8147611e+00   5.7300388e-01   2.2712654e-01   3.4587734e-01   8.7303212e-01   1.6056145e-01   3.6659333e-01   3.4587734e-01   3.0000000e+00
  -3.7704187e+00  -3.7744998e+00   6.3203001e-01   2.2199314e-01   4.1003686e-01   8.6762922e-01   3.2742162e-01   1.3017074e-01   4.1003686e-01   3.0000000e+00
  -3.7686802e+00  -3.7670722e+00   4.4007826e-01   1.1071044e-01   3.2936781e-01   8.2280664e-01   4.0577532e-01   3.0632087e-01   1.1071044e-01   3.0000000e+00
  -3.7648123e+00  -3.7604782e+00   6.5170661e-01   3.5847796e-01   2.9322865e-01   8.8015531e-01   1.8965179e-01   3.3202556e-01   3.5847796e-01   3.0000000e+00
  -3.7383395e+00  -3.7493653e+00   6.6596531e-01   3.5404460e-01   3.1192071e-01   9.7685310e-01   2.4127025e-01   3.8153825e-01   3.5404460e-01   3.0000000e+00
  -3.7085091e+00  -3.7165064e+00   5.7536827e-01   3.4754274e-01   2.2782553e-01   8.4444325e-01   3.2463645e-01   1.7226406e-01   3.4754274e-01   3.0000000e+00
  -3.7085091e+00  -3.7041602e+00   5.7320465e-01   3.3765727e-01   2.3554738e-01   8.4227963e-01   3.5610943e-01   1.4851294e-01   3.3765727e-01   3.0000000e+00
  -3.6975564e+00  -3.6975151e+00   3.4334951e-01   4.3517136e-02   2.9983238e-01   5.1381664e-01  -8.5879621e-02   2.9986388e-01   2.9983238e-01   3.0000000e+00
  -3.6783084e+00  -3.6829432e+00   6.2455193e-01   2.7803635e-01   3.4651559e-01   1.0056891e+00   4.0728460e-01   3.2036815e-01   2.7803635e-01   3.0000000e+00
  -3.6610195e+00  -3.6663403e+00   7.4036955e-01   4.5682349e-01   2.8354606e-01   1.0212691e+00   2.1670244e-01   3.4774317e-01   4.5682349e-01   3.0000000e+00
  -3.6459648e+00  -3.6469742e+00   4.9327276e-01   1.4699532e-01   3.4627744e-01   7.3139446e-01   4.5581837e-02   3.3953518e-01   3.4627744e-01   3.0000000e+00
  -3.6441176e+00  -3.6396261e+00   6.4212086e-01   3.1828820e-01   3.2383266e-01   9.9653893e-01   3.5876001e-01   3.1394627e-01   3.2383266e-01   3.0000000e+00
  -3.6141208e+00  -3.6183546e+00   6.0232086e-01   2.9121528e-01   3.1110558e-01   9.7793364e-01   4.1571131e-01   2.5111676e-01   3.1110558e-01   3.0000000e+00
  -3.6141208e+00  -3.6001844e+00   6.1036539e-01   3.3696562e-01   2.7339977e-01   9.8597817e-01   4.2759703e-01   2.2141552e-01   3.3696562e-01   3.0000000e+00
  -3.5852653e+00  -3.5842087e+00   5.9001188e-01   2.8318475e-01   3.0682713e-01   9.4830433e-01   3.5884549e-01   3.0627409e-01   2.8318475e-01   3.0000000e+00
  -3.5789518e+00  -3.5787711e+00   4.1931678e-01   8.5664025e-02   3.3365275e-01   6.3014770e-01  -3.8427363e-02   3.3492231e-01   3.3365275e-01   3.0000000e+00
  -3.5535351e+00  -3.5646485e+00   5.7980707e-01   3.1512410e-01   2.6468297e-01   9.0962463e-01   3.3193423e-01   3.1300743e-01   2.6468297e-01   3.0000000e+00
  -3.5534688e+00  -3.5533457e+00   6.5055202e-01   2.2276990e-01   4.2778212e-01   9.0324549e-01   2.9038863e-01   1.8507473e-01   4.2778212e-01   3.0000000e+00
  -3.5331822e+00  -3.5244078e+00   6.1292219e-01   2.8541196e-01   3.2751024e-01   8.8718910e-01   2.6463293e-01   3.3714421e-01   2.8541196e-01   3.0000000e+00
  -3.5047436e+00  -3.5176573e+00   5.2610292e-01   2.5301595e-01   2.7308698e-01   7.0772974e-01   1.8154631e-01   2.7316748e-01   2.5301595e-01   3.0000000e+00
  -3.5047436e+00  -3.5047633e+00   3.6376100e-01   4.0289436e-02   3.2347157e-01   5.4538782e-01  -1.0139165e-01   3.2330790e-01   3.2347157e-01   3.0000000e+00
  -3.4962104e+00  -3.4957659e+00   5.6198402e-01   2.4003869e-01   3.2194533e-01   8.0426931e-01   2.2843205e-01   2.5389193e-01   3.2194533e-01   3.0000000e+00
  -3.4891961e+00  -3.4834672e+00   5.5839968e-01   2.6329714e-01   2.9510254e-01   8.8661577e-01   4.1512520e-01   1.7638803e-01   2.9510254e-01   3.0000000e+00
  -3.4891961e+00  -3.4800771e+00   5.1097124e-01   1.9323835e-01   3.1773289e-01   8.3918733e-01   1.2975730e-01   3.9169714e-01   3.1773289e-01   3.0000000e+00
  -3.4700183e+00  -3.4614109e+00   4.7809868e-01   2.3195931e-01   2.4613937e-01   7.7621825e-01   3.0859290e-01   2.2148599e-01   2.4613937e-01   3.0000000e+00
  -3.4366183e+00  -3.4342316e+00   5.1097587e-01   2.3463980e-01   2.7633607e-01   8.2061933e-01   3.2818422e-01   2.5779532e-01   2.3463980e-01   3.0000000e+00
  -3.4074790e+00  -3.4148383e+00   5.3190799e-01   1.9837581e-01   3.3353218e-01   7.6776945e-01   1.1173208e-01   3.2250519e-01   3.3353218e-01   3.0000000e+00
  -3.4074790e+00  -3.4099778e+00   4.9259420e-01   1.8243804e-01   3.1015616e-01   7.2845566e-01   8.6788303e-02   3.3151120e-01   3.1015616e-01   3.0000000e+00
  -3.4007437e+00  -3.4035986e+00   5.2269609e-01   2.6477440e-01   2.5792168e-01   7.3902408e-01   2.0663353e-01   2.7446887e-01   2.5792168e-01   3.0000000e+00
  -3.4007437e+00  -3.3885781e+00   4.4535706e-01   2.2125456e-01   2.2410250e-01   6.6168505e-01   1.8926424e-01   2.4831832e-01   2.2410250e-01   3.0000000e+00
  -3.3594221e+00  -3.3784375e+00   4.6164168e-01   2.3067961e-01   2.3096207e-01   7.2099115e-01   3.2464603e-01   1.6538305e-01   2.3096207e-01   3.0000000e+00
  -3.3594221e+00  -3.3610469e+00   4.9202778e-01   2.9656206e-01   1.9546572e-01   7.5137725e-01   2.5869642e-01   2.9721511e-01   1.9546572e-01   3.0000000e+00
  -3.3545683e+00  -3.3530383e+00   4.9903042e-01   1.9304062e-01   3.0598980e-01   7.0708525e-01   2.2410835e-01   1.7698710e-01   3.0598980e-01   3.0000000e+00
  -3.3283713e+00  -3.3278311e+00   4.1979702e-01   3.4121810e-01   7.8578916e-02   6.3686570e-01  -6.8783524e-02   3.6443112e-01   3.4121810e-01   3.0000000e+00
  -3.3262500e+00  -3.3252471e+00   4.0297884e-01   2.0282074e-01   2.0015811e-01   6.4409025e-01   2.6668542e-01   1.7724672e-01   2.0015811e-01   3.0000000e+00
  -3.3149758e+00  -3.3066403e+00   4.4512604e-01   2.7288537e-01   1.7224067e-01   6.3367725e-01   1.8783633e-01   2.7360025e-01   1.7224067e-01   3.0000000e+00
  -3.2916925e+00  -3.2982120e+00   4.0348624e-01   1.7562260e-01   2.2786364e-01   7.2889311e-01   3.2542815e-01   1.7560131e-01   2.2786364e-01   3.0000000e+00
  -3.2877264e+00  -3.2798618e+00   4.1707519e-01   1.9454110e-01   2.2253408e-01   5.8345832e-01   1.5165592e-01   2.0926833e-01   2.2253408e-01   3.0000000e+00
  -3.2595015e+00  -3.2716063e+00   4.3061919e-01   2.0348695e-01   2.2713225e-01   6.4909121e-01   2.7982173e-01   1.6578253e-01   2.0348695e-01   3.0000000e+00
  -3.2595015e+00  -3.2560587e+00   4.2958938e-01   2.4420666e-01   1.8538272e-01   6.4806139e-01   1.5089412e-01   2.5296061e-01   2.4420666e-01   3.0000000e+00
  -3.2595015e+00  -3.2505323e+00   4.3835131e-01   1.8147950e-01   2.5687181e-01   6.5682332e-01   2.9891800e-01   1.0103351e-01   2.5687181e-01   3.0000000e+00
  -3.2368122e+00  -3.2420716e+00   3.1895979e-01   1.7972341e-01   1.3923639e-01   5.3208985e-01   2.2010599e-01   1.7274748e-01   1.3923639e-01   3.0000000e+00
  -3.2175184e+00  -3.2157329e+00   4.4771249e-01   1.5232222e-01   2.9539027e-01   6.3911812e-01   3.0179972e-01   1.8499617e-01   1.5232222e-01   3.0000000e+00
  -3.2106827e+00  -3.2059844e+00   3.8486082e-01   2.0322274e-01   1.8163808e-01   5.4766789e-01   1.5187370e-01   1.9257146e-01   2.0322274e-01   3.0000000e+00
  -3.1952895e+00  -3.1880761e+00   3.8612312e-01   2.0151867e-01   1.8460445e-01   5.3656683e-01   1.4857357e-01   2.0338881e-01   1.8460445e-01   3.0000000e+00
  -3.1697578e+00  -3.1782087e+00   4.8769191e-01   1.5874155e-01   3.2895036e-01   7.2883399e-01   3.9975208e-02   3.5990842e-01   3.2895036e-01   3.0000000e+00
  -3.1667313e+00  -3.1657489e+00   2.9716882e-01   1.2586179e-01   1.7130703e-01   4.4282089e-01   1.8942635e-01   1.2753275e-01   1.2586179e-01   3.0000000e+00
  -3.1667313e+00  -3.1631516e+00   3.5761057e-01   1.5454391e-01   2.0306666e-01   5.0326264e-01   2.0733650e-01   1.4138223e-01   1.5454391e-01   3.0000000e+00
  -3.1464803e+00  -3.1439566e+00   3.4058421e-01   1.5944736e-01   1.8113685e-01   5.5789217e-01   2.8944703e-01   1.0899779e-01   1.5944736e-01   3.0000000e+00
  -3.1383470e+00  -3.1391886e+00   4.1828795e-01   2.7857955e-01   1.3970840e-01   5.6884018e-01   8.9362693e-02   2.0089793e-01   2.7857955e-01   3.0000000e+00
  -3.1201505e+00  -3.1229162e+00   2.7288883e-01   1.5924337e-01   1.1364547e-01   4.3225814e-01   1.0970541e-01   1.6330936e-01   1.5924337e-01   3.0000000e+00
  -3.1201505e+00  -3.1130647e+00   3.1863833e-01   1.6952241e-01   1.4911592e-01   4.7800764e-01   1.2591693e-01   1.8256830e-01   1.6952241e-01   3.0000000e+00
  -3.0883166e+00  -3.0873401e+00   2.7349337e-01   1.2835607e-01   1.4513729e-01   5.1002712e-01   2.4458848e-01   1.3708257e-01   1.2835607e-01   3.0000000e+00
  -3.0812515e+00  -3.0812019e+00   3.4926762e-01   1.3799662e-01   2.1127100e-01   4.8692640e-01   1.3765795e-01   2.1127183e-01   1.3799662e-01   3.0000000e+00
  -3.0812515e+00  -3.0746422e+00   3.2237523e-01   1.4780584e-01   1.7456939e-01   4.6003401e-01   1.1842796e-01   1.6703667e-01   1.7456939e-01   3.0000000e+00
  -3.0508937e+00  -3.0516056e+00   3.9142024e-01   2.3214506e-01   1.5927518e-01   5.7470145e-01   2.7430927e-01   1.4111700e-01   1.5927518e-01   3.0000000e+00
  -3.0508937e+00  -3.0457607e+00   2.2055218e-01   9.1767177e-02   1.2878500e-01   4.0383339e-01   2.0600678e-01   6.9041608e-02   1.2878500e-01   3.0000000e+00
  -3.0328398e+00  -3.0327411e+00   3.7168307e-01   1.8497985e-01   1.8670322e-01   4.8892880e-01   1.1684465e-01   1.8538092e-01   1.8670322e-01   3.0000000e+00
  -3.0181550e+00  -3.0237711e+00   3.4194808e-01   1.4100654e-01   2.0094155e-01   5.0877491e-01   2.2537737e-01   1.4239101e-01   1.4100654e-01   3.0000000e+00
  -3.0156252e+00  -3.0144800e+00   2.5997497e-01   1.1377534e-01   1.4619963e-01   4.3868435e-01   2.2103512e-01   7.1449593e-02   1.4619963e-01   3.0000000e+00
  -2.9907894e+00  -2.9941611e+00   2.5979154e-01   1.7728275e-01   8.2508795e-02   4.1725548e-01   2.0171562e-01   1.3303107e-01   8.2508795e-02   3.0000000e+00
  -2.9835695e+00  -2.9840972e+00   2.8563015e-01   1.2543533e-01   1.6019482e-01   4.0248770e-01   1.1297746e-01   1.6407491e-01   1.2543533e-01   3.0000000e+00
  -2.9668855e+00  -2.9648419e+00   2.9134636e-01   1.8053778e-01   1.1080858e-01   4.4920793e-01   1.5960169e-01   1.0906847e-01   1.8053778e-01   3.0000000e+00
  -2.9605519e+00  -2.9634923e+00   2.7007018e-01   8.4347566e-02   1.8572262e-01   3.4942683e-01   6.9019787e-02   9.4684428e-02   1.8572262e-01   3.0000000e+00
  -2.9605519e+00  -2.9525128e+00   3.0122946e-01   9.4583917e-02   2.0664554e-01   3.8058611e-01   3.6832991e-02   1.3710758e-01   2.0664554e-01   3.0000000e+00
  -2.9333697e+00  -2.9395234e+00   2.3312986e-01   1.1484087e-01   1.1828899e-01   3.4252479e-01   1.0878588e-01   1.1544992e-01   1.1828899e-01   3.0000000e+00
  -2.9205737e+00  -2.9256019e+00   3.1620007e-01   2.0009463e-01   1.1610544e-01   4.6153099e-01   2.2399964e-01   1.2142591e-01   1.1610544e-01   3.0000000e+00
  -2.9136673e+00  -2.9160368e+00   1.6470122e-01   8.3575272e-02   8.1125953e-02   2.8718130e-01   1.5436498e-01   4.9241049e-02   8.3575272e-02   3.0000000e+00
  -2.9136673e+00  -2.9075957e+00   2.3765524e-01   4.8514287e-02   1.8914095e-01   3.6013532e-01   2.5732141e-01   5.4299623e-02   4.8514287e-02   3.0000000e+00
  -2.8855604e+00  -2.8882978e+00   2.7704194e-01   1.0189424e-01   1.7514769e-01   4.0026792e-01   8.7556684e-02   2.1081699e-01   1.0189424e-01   3.0000000e+00
  -2.8813857e+00  -2.8803604e+00   1.5871045e-01   9.4092400e-02   6.4618051e-02   3.0533195e-01   1.4895574e-01   6.2283812e-02   9.4092400e-02   3.0000000e+00
  -2.8626643e+00  -2.8615385e+00   2.1112564e-01   1.0966792e-01   1.0145772e-01   2.9307936e-01   6.0367217e-02   1.2304423e-01   1.0966792e-01   3.0000000e+00
  -2.8596251e+00  -2.8534393e+00   2.2383003e-01   1.3774137e-01   8.6088662e-02   3.4757797e-01   3.4917329e-02   1.7491927e-01   1.3774137e-01   3.0000000e+00
  -2.8348821e+00  -2.8425989e+00   2.5399998e-01   6.7777266e-02   1.8622272e-01   3.3587177e-01   4.8435233e-02   1.0121382e-01   1.8622272e-01   3.0000000e+00
  -2.8080786e+00  -2.8202427e+00   1.9634480e-01   6.1023789e-02   1.3532101e-01   3.3920529e-01   1.8872778e-01   8.9453724e-02   6.1023789e-02   3.0000000e+00
  -2.8080786e+00  -2.8155809e+00   1.4653501e-01   6.7581536e-02   7.8953479e-02   2.8939551e-01   1.9446337e-01   2.7350606e-02   6.7581536e-02   3.0000000e+00
  -2.8080786e+00  -2.8109793e+00   2.0587659e-01   8.0088387e-02   1.2578821e-01   3.4873709e-01   1.6185891e-01   1.0678979e-01   8.0088387e-02   3.0000000e+00
  -2.7871793e+00  -2.7902316e+00   1.6383163e-01   5.9665674e-02   1.0416596e-01   2.2137518e-01   1.2667012e-01   3.5039388e-02   5.9665674e-02   3.0000000e+00
  -2.7871793e+00  -2.7854268e+00   2.3489111e-01   8.5871477e-02   1.4901964e-01   2.9243466e-01   2.2530665e-02   1.2088436e-01   1.4901964e-01   3.0000000e+00
  -2.7743021e+00  -2.7704217e+00   2.4889083e-01   1.4640727e-01   1.0248356e-01   3.3024584e-01   1.9511015e-02   1.6432756e-01   1.4640727e-01   3.0000000e+00
  -2.7665061e+00  -2.7630583e+00   1.6053354e-01   2.2182110e-02   1.3835143e-01   2.4278960e-01   1.6917695e-01   5.1430535e-02   2.2182110e-02   3.0000000e+00
  -2.7585200e+00  -2.7462984e+00   1.2287595e-01   7.1670430e-02   5.1205525e-02   1.9974590e-01   1.1855603e-01   2.9984340e-02   5.1205525e-02   3.0000000e+00
  -2.7291991e+00  -2.7373184e+00   1.0911708e-01   7.2420390e-02   3.6696695e-02   2.0863814e-01   1.2549428e-01   1.0723476e-02   7.2420390e-02   3.0000000e+00
  -2.7264295e+00  -2.7239261e+00   1.6337377e-01   6.4412710e-02   9.8961055e-02   2.0079909e-01  -1.2450112e-02   1.1428815e-01   9.8961055e-02   3.0000000e+00
  -2.7264295e+00  -2.7181902e+00   2.6718952e-01   9.0075247e-02   1.7711428e-01   3.0461485e-01   3.2592183e-02   9.4908391e-02   1.7711428e-01   3.0000000e+00
  -2.6995046e+00  -2.7030503e+00   1.9707932e-01   4.7968905e-02   1.4911041e-01   2.8661604e-01   8.8560628e-02   1.5008650e-01   4.7968905e-02   3.0000000e+00
  -2.6974002e+00  -2.6975220e+00   9.5628299e-02   7.2749545e-02   2.2878755e-02   1.7067161e-01   1.1520212e-01   3.2590732e-02   2.2878755e-02   3.0000000e+00
  -2.6822327e+00  -2.6751695e+00   7.2997444e-02   3.3633377e-02   3.9364068e-02   1.3444756e-01   7.3727597e-02   2.1355897e-02   3.9364068e-02   3.0000000e+00
  -2.6645976e+00  -2.6708762e+00   1.5017457e-01   2.3223713e-02   1.2695086e-01   2.7057387e-01   2.1243184e-01   3.4918322e-02   2.3223713e-02   3.0000000e+00
  -2.6541344e+00  -2.6548414e+00   1.2124101e-01   8.6283069e-02   3.4957938e-02   1.3980184e-01   4.2645873e-03   4.9254187e-02   8.6283069e-02   3.0000000e+00
  -2.6359402e+00  -2.6388582e+00   1.4291461e-01   8.2025180e-02   6.0889435e-02   2.1631794e-01   1.1239672e-01   4.3031784e-02   6.0889435e-02   3.0000000e+00
  -2.6292002e+00  -2.6325495e+00   9.3370890e-02   5.1284716e-02   4.2086175e-02   2.1803053e-01   1.2530234e-01   5.0642016e-02   4.2086175e-02   3.0000000e+00
  -2.6139197e+00  -2.6182031e+00   2.8870040e-02  -9.7908536e-03   3.8660893e-02   8.9408030e-02   6.6990838e-02   3.2208046e-02  -9.7908536e-03   3.0000000e+00
  -2.6139197e+00  -2.6147271e+00   1.4366930e-01   1.3561923e-01   8.0500685e-03   2.0420729e-01  -3.9503766e-02   1.0809182e-01   1.3561923e-01   3.0000000e+00
  -2.5922209e+00  -2.5969074e+00   1.0730543e-01   6.2027577e-02   4.5277852e-02   1.2467247e-01   4.3695962e-03   7.5025026e-02   4.5277852e-02   3.0000000e+00
  -2.5843017e+00  -2.5798975e+00   8.3631549e-02   8.0623200e-02   3.0083492e-03   1.2746496e-01   1.0288856e-01   2.1568051e-02   3.0083492e-03   3.0000000e+00
  -2.5843017e+00  -2.5754417e+00   7.6935598e-02   1.0455737e-01  -2.7621772e-02   1.2076901e-01   1.7794563e-01  -2.9554852e-02  -2.7621772e-02   3.0000000e+00
  -2.5657715e+00  -2.5664809e+00   5.8227293e-02   7.4362769e-02  -1.6135475e-02   1.4936989e-01  -3.2809754e-02   1.0781687e-01   7.4362769e-02   3.0000000e+00
  -2.5569338e+00  -2.5518394e+00   6.9264993e-02   5.4602964e-02   1.4662030e-02   9.9740793e-02  -5.4119382e-02   9.9257211e-02   5.4602964e-02   3.0000000e+00
  -2.5398897e+00  -2.5441081e+00   1.5434021e-01   8.4553966e-02   6.9786244e-02   1.6349372e-01   1.2173146e-03   9.2490158e-02   6.9786244e-02   3.0000000e+00
  -2.5350217e+00  -2.5333846e+00   8.1822896e-02   7.1544541e-02   1.0278354e-02   9.6937251e-02  -3.9490261e-02   6.4882971e-02   7.1544541e-02   3.0000000e+00
  -2.5301715e+00  -2.5176195e+00   2.1873749e-03  -4.2362713e-02   4.4550088e-02   3.6848015e-02   7.2647963e-02   6.5627646e-03  -4.2362713e-02   3.0000000e+00
  -2.5034458e+00  -2.5046806e+00   6.1843860e-02  -9.5546801e-03   7.1398540e-02   6.0639093e-02  -1.2099442e-03   7.1403717e-02  -9.5546801e-03   3.0000000e+00
  -2.5034458e+00  -2.5006268e+00   7.7495189e-02   6.5998695e-02   1.1496494e-02   7.6290422e-02  -1.5102668e-02   2.5394395e-02   6.5998695e-02   3.0000000e+00
  -2.4876321e+00  -2.4843443e+00   4.8215208e-02  -2.9050697e-02   7.7265904e-02   9.4124322e-02   4.6152672e-02  -2.9294254e-02   7.7265904e-02   3.0000000e+00
  -2.4742906e+00  -2.4707228e+00   6.5352358e-02   6.1239877e-02   4.1124811e-03   9.2932057e-02   7.5125652e-02   1.3693924e-02   4.1124811e-03   3.0000000e+00
  -2.4633231e+00  -2.4618896e+00   2.7643386e-02   1.3229869e-02   1.4413517e-02   1.2594263e-02  -1.8806151e-02   1.8170545e-02   1.3229869e-02   3.0000000e+00
  -2.4433508e+00  -2.4529237e+00   9.9396613e-02  -1.0962675e-03   1.0049288e-01   9.8570183e-02   1.0286096e-01  -3.1945098e-03  -1.0962675e-03   3.0000000e+00
  -2.4433508e+00  -2.4406585e+00   7.0893898e-03   3.5648966e-02  -2.8559576e-02   6.2629594e-03  -6.2576330e-02   3.3190323e-02   3.5648966e-02   3.0000000e+00
  -2.4272791e+00  -2.4320480e+00  -3.1225031e-02  -2.4485944e-02  -6.7390873e-03   2.9043380e-03   6.4632327e-02  -3.7242045e-02  -2.4485944e-02   3.0000000e+00
  -2.4154525e+00  -2.4203131e+00  -7.9733355e-03   1.0993043e-02  -1.8966378e-02  -6.1413424e-03   1.8454951e-02  -5.6299150e-03  -1.8966378e-02   3.0000000e+00
  -2.4088440e+00  -2.4029746e+00   6.6361158e-02   5.0426943e-02   1.5934214e-02   4.5619474e-02  -2.7308504e-02   2.2501035e-02   5.0426943e-02   3.0000000e+00
  -2.3948257e+00  -2.3949862e+00   2.8296949e-02   2.6570100e-02   1.7268482e-03   3.7570864e-02   5.2832348e-02  -1.6988332e-02   1.7268482e-03   3.0000000e+00
  -2.3948257e+00  -2.3872068e+00  -2.9189962e-02  -3.6407439e-02   7.2174766e-03  -1.9916047e-02  -6.1307175e-02   3.4173651e-02   7.2174766e-03   3.0000000e+00
  -2.3653231e+00  -2.3763511e+00   4.2130043e-03  -1.1160067e-01   1.1581368e-01   6.7567933e-02   1.5353361e-01   2.5634991e-02  -1.1160067e-01   3.0000000e+00
  -2.3653231e+00  -2.3673289e+00  -2.2035396e-02   4.5545659e-03  -2.6589962e-02   4.1319533e-02   1.0180050e-01  -6.5035529e-02   4.5545659e-03   3.0000000e+00
  -2.3601870e+00  -2.3588976e+00  -5.0550760e-02  -1.1111478e-02  -3.9439282e-02  -8.6756525e-02  -3.4540681e-02  -4.1104366e-02  -1.1111478e-02   3.0000000e+00
  -2.3286023e+00  -2.3345787e+00  -3.7326781e-02  -7.4988653e-02   3.7661872e-02  -3.4549175e-02  -1.3054378e-01   5.8332736e-02   3.7661872e-02   3.0000000e+00
  -2.3286023e+00  -2.3262977e+00  -8.9426929e-02   4.2577948e-03  -9.3684724e-02  -8.6649323e-02   2.1724520e-02  -1.4689120e-02  -9.3684724e-02   3.0000000e+00
  -2.3134373e+00  -2.3151678e+00   9.8321367e-03   6.4700403e-02  -5.4868267e-02  -1.5029606e-02  -1.0030467e-01   2.0574656e-02   6.4700403e-02   3.0000000e+00
  -2.3134373e+00  -2.3112041e+00   1.3449829e-02   3.3580011e-02  -2.0130181e-02  -1.1411913e-02  -5.9567411e-02   1.4575487e-02   3.3580011e-02   3.0000000e+00
  -2.2939420e+00  -2.2954077e+00  -5.1803877e-02  -2.6364314e-02  -2.5439563e-02  -7.9631152e-02  -7.1833133e-02   1.8566294e-02  -2.6364314e-02   3.0000000e+00
  -2.2829627e+00  -2.2792540e+00  -9.7501831e-02   1.5123119e-02  -1.1262495e-01  -1.0027319e-01   9.7620162e-02  -8.5268402e-02  -1.1262495e-01   3.0000000e+00
  -2.2689026e+00  -2.2755881e+00  -1.5451922e-02  -4.1177092e-02   2.5725170e-02  -5.0229889e-02  -8.1194468e-02   5.2394081e-03   2.5725170e-02   3.0000000e+00
  -2.2629116e+00  -2.2617130e+00   1.8357087e-02   8.5170152e-03   9.8400721e-03  -3.7809257e-02  -1.4478983e-01   9.8463554e-02   8.5170152e-03   3.0000000e+00
  -2.2586672e+00  -2.2516806e+00  -9.4872284e-02  -8.4745733e-02  -1.0126551e-02  -1.1406762e-01   3.5931733e-02  -6.5253619e-02  -8.4745733e-02   3.0000000e+00
  -2.2226089e+00  -2.2364428e+00  -9.3543359e-02  -7.5928390e-02  -1.7614968e-02  -1.6094770e-01  -1.2589076e-02  -7.2430231e-02  -7.5928390e-02   3.0000000e+00
  -2.2226089e+00  -2.2307467e+00  -9.1003769e-02  -9.8181441e-02   7.1776725e-03  -1.5840811e-01  -1.6056513e-01  -5.0206467e-03   7.1776725e-03   3.0000000e+00
  -2.2219720e+00  -2.2200924e+00  -3.4412498e-02  -6.2123545e-02   2.7711047e-02  -5.2423558e-02  -9.5716275e-02   1.5581670e-02   2.7711047e-02   3.0000000e+00
  -2.2109923e+00  -2.2102040e+00  -2.3752379e-02  -8.3395318e-02   5.9642940e-02  -8.9482447e-02   1.0141132e-01  -1.0749845e-01  -8.3395318e-02   3.0000000e+00
  -2.2109923e+00  -2.2001822e+00  -1.1563558e-01  -1.3072463e-02  -1.0256312e-01  -1.8136565e-01  -1.0268463e-01   2.3882098e-02  -1.0256312e-01   3.0000000e+00
  -2.1819244e+00  -2.1888190e+00  -1.0700646e-01  -1.0810084e-01   1.0943822e-03  -1.0293001e-01  -1.0880990e-01   4.7855027e-03   1.0943822e-03   3.0000000e+00
  -2.1775447e+00  -2.1753609e+00  -8.4627920e-02  -1.3181298e-01   4.7185063e-02  -1.4356236e-01  -1.6887764e-01  -2.1869787e-02   4.7185063e-02   3.0000000e+00
  -2.1677259e+00  -2.1674194e+00  -9.2168594e-02  -4.3044369e-03  -8.7864157e-02  -1.8064680e-01  -1.3794743e-01  -3.8394936e-02  -4.3044369e-03   3.0000000e+00
  -2.1590962e+00  -2.1564682e+00  -5.9750862e-02  -4.3902013e-02  -1.5848849e-02  -1.1292273e-01  -5.3732989e-02  -1.5287731e-02  -4.3902013e-02   3.0000000e+00
  -2.1590962e+00  -2.1504272e+00  -1.0789380e-01  -2.4054274e-02  -8.3839526e-02  -1.6106567e-01  -1.9086583e-01   5.3854430e-02  -2.4054274e-02   3.0000000e+00
  -2.1305869e+00  -2.1330097e+00  -1.2229499e-01  -1.4180718e-02  -1.0811427e-01  -1.7134588e-01  -1.3704019e-01  -2.0124974e-02  -1.4180718e-02   3.0000000e+00
  -2.1247342e+00  -2.1268643e+00  -9.3090496e-02   2.1395742e-02  -1.1448624e-01  -1.6104854e-01   3.5102798e-02  -8.1665097e-02  -1.1448624e-01   3.0000000e+00
  -2.1142860e+00  -2.1161007e+00  -1.4518950e-01  -1.7954872e-01   3.4359218e-02  -2.2411905e-01  -8.9369116e-02   4.4798790e-02  -1.7954872e-01   3.0000000e+00
  -2.1064646e+00  -2.1023790e+00  -1.5070581e-01  -1.2824943e-01  -2.2456383e-02  -1.9074926e-01  -1.3743427e-01  -3.0858604e-02  -2.2456383e-02   3.0000000e+00
  -2.0845677e+00  -2.0861082e+00  -1.4968030e-01  -9.1068502e-02  -5.8611796e-02  -2.2132479e-01  -1.1252330e-01  -5.0189693e-02  -5.8611796e-02   3.0000000e+00
  -2.0764454e+00  -2.0771016e+00  -1.4051368e-01  -2.7863982e-02  -1.1264969e-01  -2.0530091e-01  -1.7431206e-02  -7.5220010e-02  -1.1264969e-01   3.0000000e+00
  -2.0662124e+00  -2.0690224e+00  -1.0838181e-01   2.9493335e-02  -1.3787515e-01  -1.6899418e-01   5.3419270e-02  -8.4538299e-02  -1.3787515e-01   3.0000000e+00
  -2.0478859e+00  -2.0542614e+00  -1.9747945e-01  -1.9634456e-01  -1.1348868e-03  -2.7294136e-01  -2.7160801e-01  -1.9846151e-04  -1.1348868e-03   3.0000000e+00
  -2.0466006e+00  -2.0400125e+00  -1.2704300e-01  -8.7560565e-02  -3.9482436e-02  -1.8024504e-01   7.1355152e-03  -9.9819990e-02  -8.7560565e-02   3.0000000e+00
  -2.0308211e+00  -2.0385252e+00  -1.6750211e-01  -5.2432373e-03  -1.6225887e-01  -2.2826232e-01  -5.6881490e-02  -1.6613759e-01  -5.2432373e-03   3.0000000e+00
  -2.0308211e+00  -2.0310921e+00  -1.5163378e-01  -1.2146595e-01  -3.0167838e-02  -2.1239399e-01  -2.0961034e-01   2.7384187e-02  -3.0167838e-02   3.0000000e+00
  -2.0109494e+00  -2.0139648e+00  -2.1961797e-01   1.1077110e-02  -2.3069508e-01  -3.2124983e-01  -3.4599269e-01   1.3665747e-02   1.1077110e-02   3.0000000e+00
  -2.0075746e+00  -2.0037359e+00  -1.4151401e-01  -1.2115364e-01  -2.0360365e-02  -2.3183750e-01   5.0501118e-02  -1.6118498e-01  -1.2115364e-01   3.0000000e+00
  -1.9802768e+00  -1.9903719e+00  -1.8975476e-01  -1.0395792e-01  -8.5796844e-02  -2.6255010e-01   6.0674465e-02  -2.3742772e-01  -8.5796844e-02   3.0000000e+00
  -1.9776707e+00  -1.9775537e+00  -1.6281703e-01  -1.1230957e-01  -5.0507468e-02  -2.7757295e-01  -3.9026950e-04  -1.6487312e-01  -1.1230957e-01   3.0000000e+00
  -1.9776707e+00  -1.9756009e+00  -2.0233929e-01  -4.0586022e-02  -1.6175327e-01  -3.1709521e-01  -2.9487981e-01   1.8370626e-02  -4.0586022e-02   3.0000000e+00
  -1.9641323e+00  -1.9644167e+00  -1.4099677e-01  -8.1022301e-02  -5.9974467e-02  -2.2897204e-01   6.9306055e-02  -2.1725579e-01  -8.1022301e-02   3.0000000e+00
  -1.9553343e+00  -1.9500640e+00  -1.5706460e-01  -1.2716247e-01  -2.9902135e-02  -2.6038532e-01   1.8139041e-01  -3.1461326e-01  -1.2716247e-01   3.0000000e+00
  -1.9363986e+00  -1.9385563e+00  -2.2479402e-01  -6.7171012e-02  -1.5762301e-01  -3.3907870e-01  -6.8128202e-03  -1.7464287e-01  -1.5762301e-01   3.0000000e+00
  -1.9363986e+00  -1.9366740e+00  -2.1272267e-01   3.3843168e-03  -2.1610698e-01  -3.2700735e-01  -3.1510811e-01  -1.5283561e-02   3.3843168e-03   3.0000000e+00
  -1.9323003e+00  -1.9282987e+00  -1.7481403e-01   5.3870686e-03  -1.8020109e-01  -2.8851425e-01   1.6073076e-02  -1.2438623e-01  -1.8020109e-01   3.0000000e+00
  -1.9014714e+00  -1.9057730e+00  -2.8498811e-01   1.5164286e-02  -3.0015240e-01  -4.0408588e-01  -4.3744628e-01   1.8196115e-02   1.5164286e-02   3.0000000e+00
  -1.9014714e+00  -1.8995465e+00  -1.7867606e-01  -2.9475159e-04  -1.7838131e-01  -2.9777383e-01  -1.1214680e-01  -1.8533228e-01  -2.9475159e-04   3.0000000e+00
  -1.8765163e+00  -1.8852046e+00  -2.0429625e-01  -2.1736626e-01   1.3070011e-02  -3.2311277e-01  -1.2024252e-01   1.4496015e-02  -2.1736626e-01   3.0000000e+00
  -1.8704717e+00  -1.8719261e+00  -2.9044215e-01  -2.7032117e-01  -2.0120980e-02  -4.1739965e-01  -1.2803747e-01  -1.9041001e-02  -2.7032117e-01   3.0000000e+00
  -1.8666243e+00  -1.8665838e+00  -1.8921375e-01   1.8180088e-02  -2.0739384e-01  -3.2248822e-01   7.1701832e-02  -1.8679621e-01  -2.0739384e-01   3.0000000e+00
  -1.8666243e+00  -1.8566994e+00  -1.6921524e-01  -1.0758603e-01  -6.1629209e-02  -3.0248971e-01  -2.1446498e-01  -2.6395519e-02  -6.1629209e-02   3.0000000e+00
  -1.8356074e+00  -1.8435674e+00  -2.1356339e-01  -5.5688669e-02  -1.5787472e-01  -3.1784589e-01   6.7559336e-02  -2.2753051e-01  -1.5787472e-01   3.0000000e+00
  -1.8356074e+00  -1.8371475e+00  -2.5614799e-01   3.3674329e-02  -2.8982232e-01  -3.6043049e-01  -3.2304504e-01  -7.1059776e-02   3.3674329e-02   3.0000000e+00
  -1.8351540e+00  -1.8343080e+00  -2.9420613e-01  -2.6832144e-01  -2.5884690e-02  -4.3927275e-01  -3.8512876e-01  -2.8259303e-02  -2.5884690e-02   3.0000000e+00
  -1.8118566e+00  -1.8186070e+00  -2.2866134e-01  -2.2553916e-01  -3.1221811e-03  -3.3890108e-01  -1.1470442e-01   1.3425001e-03  -2.2553916e-01   3.0000000e+00
  -1.8118566e+00  -1.8054604e+00  -2.3518138e-01  -2.0536479e-01  -2.9816596e-02  -3.4542113e-01  -3.2812372e-01   1.2519189e-02  -2.9816596e-02   3.0000000e+00
  -1.7944172e+00  -1.7938542e+00  -3.3297262e-01   1.4434034e-02  -3.4740666e-01  -5.1176378e-01  -5.2754510e-01   1.3472838e-03   1.4434034e-02   3.0000000e+00
  -1.7777177e+00  -1.7837036e+00  -2.2383100e-01  -1.8966067e-01  -3.4170330e-02  -3.1389478e-01  -2.0684479e-01  -7.2879662e-02  -3.4170330e-02   3.0000000e+00
  -1.7777177e+00  -1.7748914e+00  -2.4458957e-01  -1.7456777e-01  -7.0021803e-02  -3.3465334e-01   4.1411198e-02  -2.0149678e-01  -1.7456777e-01   3.0000000e+00
  -1.7624186e+00  -1.7621167e+00  -3.6979173e-01  -1.6996063e-02  -3.5279566e-01  -5.5825682e-01  -5.4663099e-01   5.3702325e-03  -1.6996063e-02   3.0000000e+00
  -1.7526862e+00  -1.7565079e+00  -2.8445823e-01  -2.8568631e-01   1.2280761e-03  -3.8269026e-01  -3.7584272e-01  -8.0756157e-03   1.2280761e-03   3.0000000e+00
  -1.7414053e+00  -1.7447802e+00  -2.2035346e-01   2.8773995e-02  -2.4912746e-01  -3.2362033e-01  -3.1105238e-01  -4.1341948e-02   2.8773995e-02   3.0000000e+00
  -1.7298405e+00  -1.7298657e+00  -3.7005528e-01  -3.5467749e-01  -1.5377789e-02  -5.5444569e-01  -5.2419912e-01  -1.4868787e-02  -1.5377789e-02   3.0000000e+00
  -1.7156398e+00  -1.7194820e+00  -3.2752940e-01  -4.2821675e-02  -2.8470772e-01  -4.8619583e-01  -4.3173282e-01  -1.1641335e-02  -4.2821675e-02   3.0000000e+00
  -1.7136046e+00  -1.7088093e+00  -2.7156086e-01  -5.0417775e-02  -2.2114309e-01  -3.9757046e-01  -1.2576783e-01  -2.2138485e-01  -5.0417775e-02   3.0000000e+00
  -1.7012626e+00  -1.7047334e+00  -2.3123834e-01  -4.8774022e-02  -1.8246432e-01  -3.5140678e-01  -2.0619708e-01  -9.6435680e-02  -4.8774022e-02   3.0000000e+00
  -1.6795816e+00  -1.6861856e+00  -2.7169012e-01  -4.6133704e-02  -2.2555642e-01  -4.7287275e-01  -3.1620877e-02  -2.1569546e-01  -2.2555642e-01   3.0000000e+00
  -1.6795816e+00  -1.6795777e+00  -3.9602479e-01  -3.8352903e-01  -1.2495762e-02  -5.9720742e-01  -5.9853475e-01   1.3823097e-02  -1.2495762e-02   3.0000000e+00
  -1.6599699e+00  -1.6582511e+00  -2.5502821e-01  -1.3019635e-01  -1.2483186e-01  -3.9634170e-01  -3.2369588e-01   5.2186037e-02  -1.2483186e-01   3.0000000e+00
  -1.6497807e+00  -1.6510528e+00  -3.3929319e-01  -8.4084360e-02  -2.5520883e-01  -5.5935117e-01  -4.1970487e-01  -5.5561941e-02  -8.4084360e-02   3.0000000e+00
  -1.6497807e+00  -1.6496414e+00  -3.6911950e-01  -3.0884544e-01  -6.0274064e-02  -5.8917748e-01  -5.0798286e-01  -2.0920555e-02  -6.0274064e-02   3.0000000e+00
  -1.6461343e+00  -1.6418671e+00  -3.1995784e-01  -2.5678840e-02  -2.9427900e-01  -4.8656408e-01  -4.2494753e-01  -3.5937711e-02  -2.5678840e-02   3.0000000e+00
  -1.6371164e+00  -1.6299662e+00  -2.5952948e-01  -8.8229460e-02  -1.7130002e-01  -3.9485166e-01  -1.3912262e-01  -8.4429015e-02  -1.7130002e-01   3.0000000e+00
  -1.6225866e+00  -1.6221587e+00  -4.4371725e-01  -1.8810207e-02  -4.2490704e-01  -6.5779896e-01  -6.0498290e-01  -3.4005852e-02  -1.8810207e-02   3.0000000e+00
  -1.6006843e+00  -1.6077287e+00  -3.1860592e-01  -3.4707440e-01   2.8468484e-02  -5.2130794e-01  -4.8779985e-01  -6.1976572e-02   2.8468484e-02   3.0000000e+00
  -1.5924806e+00  -1.5957542e+00  -3.6598737e-01  -1.7376933e-02  -3.4861044e-01  -5.1546331e-01  -1.8084371e-01   1.3990834e-02  -3.4861044e-01   3.0000000e+00
  -1.5797870e+00  -1.5825888e+00  -3.0482376e-01  -6.3023760e-02  -2.4180000e-01  -4.4969658e-01  -1.2436363e-03  -2.0665294e-01  -2.4180000e-01   3.0000000e+00
  -1.5797870e+00  -1.5794982e+00  -2.9348097e-01  -2.1140901e-01  -8.2071952e-02  -4.3835379e-01  -1.7080530e-02  -2.0986424e-01  -2.1140901e-01   3.0000000e+00
  -1.5797870e+00  -1.5718809e+00  -2.8234792e-01  -1.7938536e-01  -1.0296256e-01  -4.2722074e-01  -1.8693703e-01  -1.3732115e-01  -1.0296256e-01   3.0000000e+00
  -1.5631579e+00  -1.5630391e+00  -4.6161030e-01  -4.6048508e-01  -1.1252226e-03  -6.9376817e-01  -5.1761447e-03  -6.8746680e-01  -1.1252226e-03   3.0000000e+00
  -1.5351294e+00  -1.5412940e+00  -2.9462709e-01  -3.8938104e-02  -2.5568899e-01  -5.5223572e-01  -3.3038346e-01  -1.8291416e-01  -3.8938104e-02   3.0000000e+00
  -1.5351294e+00  -1.5348807e+00  -5.1080882e-01  -1.5170757e-02  -4.9563806e-01  -7.6841744e-01  -7.4236620e-01  -1.0880486e-02  -1.5170757e-02   3.0000000e+00
  -1.5260982e+00  -1.5274294e+00  -3.7881032e-01  -3.3846552e-01  -4.0344800e-02  -5.7064652e-01  -4.7434627e-01  -5.5955441e-02  -4.0344800e-02   3.0000000e+00
  -1.5246676e+00  -1.5220049e+00  -3.0618971e-01  -9.2314201e-02  -2.1387551e-01  -4.7053715e-01  -5.0771070e-02  -2.0589057e-01  -2.1387551e-01   3.0000000e+00
  -1.5117281e+00  -1.5115079e+00  -5.2625648e-01  -1.9075267e-02  -5.0718121e-01  -7.5742845e-01  -6.8897080e-01  -4.9382384e-02  -1.9075267e-02   3.0000000e+00
  -1.5109640e+00  -1.5036695e+00  -2.9951077e-01  -7.6630201e-02  -2.2288057e-01  -4.9525081e-01  -3.3978669e-01  -7.8833914e-02  -7.6630201e-02   3.0000000e+00
  -1.4880844e+00  -1.4834422e+00  -4.1733720e-01  -7.5813086e-02  -3.4152411e-01  -5.9295076e-01  -5.6037253e-01   4.3234852e-02  -7.5813086e-02   3.0000000e+00
  -1.4781108e+00  -1.4760091e+00  -3.6159179e-01  -2.0672188e-01  -1.5486991e-01  -5.7061313e-01   5.9611366e-02  -4.2350262e-01  -2.0672188e-01   3.0000000e+00
  -1.4630639e+00  -1.4652591e+00  -3.6387037e-01  -2.2946181e-01  -1.3440856e-01  -5.5457370e-01  -4.4083342e-01   2.0668293e-02  -1.3440856e-01   3.0000000e+00
  -1.4497550e+00  -1.4469214e+00  -3.5108852e-01  -1.5659762e-01  -1.9449090e-01  -5.0059503e-01  -2.4243739e-01  -1.0156002e-01  -1.5659762e-01   3.0000000e+00
  -1.4438095e+00  -1.4438774e+00  -5.0692505e-01  -4.8534647e-01  -2.1578588e-02  -7.6443777e-01  -7.2410348e-01  -1.8755710e-02  -2.1578588e-02   3.0000000e+00
  -1.4438095e+00  -1.4427401e+00  -3.4283574e-01  -2.9375782e-01  -4.9077920e-02  -6.0034846e-01  -1.2175392e-02  -2.9441525e-01  -2.9375782e-01   3.0000000e+00
  -1.4159147e+00  -1.4160242e+00  -5.7864970e-01  -5.6600889e-01  -1.2640813e-02  -8.6777134e-01  -8.3994472e-01  -1.5185808e-02  -1.2640813e-02   3.0000000e+00
  -1.4057778e+00  -1.4074278e+00  -4.0922291e-01  -1.6136667e-01  -2.4785623e-01  -6.1773463e-01   7.8568309e-03  -3.7773522e-01  -2.4785623e-01   3.0000000e+00
  -1.4057778e+00  -1.4065542e+00  -4.1416259e-01  -8.4916047e-02  -3.2924654e-01  -6.2267431e-01  -4.8184858e-01  -5.5909687e-02  -8.4916047e-02   3.0000000e+00
  -1.3976606e+00  -1.3976340e+00  -6.1185504e-01  -1.5465992e-02  -5.9638904e-01  -9.1754282e-01  -1.6159805e-02  -8.8591702e-01  -1.5465992e-02   3.0000000e+00
  -1.3935178e+00  -1.3850789e+00  -3.6585780e-01  -7.9661863e-02  -2.8619594e-01  -5.3799756e-01  -5.5864027e-02  -1.9593759e-01  -2.8619594e-01   3.0000000e+00
  -1.3935178e+00  -1.3793167e+00  -3.6056785e-01  -6.5150839e-02  -2.9541701e-01  -5.3270760e-01  -3.4652469e-01  -1.2103208e-01  -6.5150839e-02   3.0000000e+00
  -1.3615738e+00  -1.3631713e+00  -4.3109538e-01  -4.5218235e-01   2.1086973e-02  -6.7811991e-01  -6.3037328e-01  -6.8833600e-02   2.1086973e-02   3.0000000e+00
  -1.3615738e+00  -1.3575617e+00  -4.3227122e-01   3.0714542e-03  -4.3534267e-01  -6.7929575e-01  -5.5350751e-01  -1.2885969e-01   3.0714542e-03   3.0000000e+00
  -1.3512679e+00  -1.3439772e+00  -4.3455386e-01  -2.0586764e-02  -4.1396710e-01  -6.3304466e-01  -5.7573269e-01  -3.6725207e-02  -2.0586764e-02   3.0000000e+00
  -1.3222207e+00  -1.3255611e+00  -3.4373090e-01  -1.6832459e-01  -1.7540630e-01  -6.2843480e-01  -2.9162133e-01  -1.6140717e-01  -1.7540630e-01   3.0000000e+00
  -1.3222207e+00  -1.3222059e+00  -5.6754099e-01  -5.4673704e-01  -2.0803956e-02  -8.5224490e-01  -8.1236215e-01  -1.9078791e-02  -2.0803956e-02   3.0000000e+00
  -1.3222207e+00  -1.3192476e+00  -3.8220212e-01  -2.4548356e-01  -1.3671856e-01  -6.6690602e-01  -2.9034571e-01  -2.3984175e-01  -1.3671856e-01   3.0000000e+00
  -1.2929757e+00  -1.2939782e+00  -4.1467148e-01  -1.4569611e-01  -2.6897537e-01  -7.2531719e-01  -4.0703668e-01  -1.7258440e-01  -1.4569611e-01   3.0000000e+00
  -1.2929757e+00  -1.2928870e+00  -6.0763618e-01  -5.7781520e-01  -2.9820980e-02  -9.1828189e-01  -8.5967389e-01  -2.8787027e-02  -2.9820980e-02   3.0000000e+00
  -1.2858595e+00  -1.2857425e+00  -4.9899029e-01  -2.7325513e-02  -4.7166477e-01  -7.4920657e-01  -7.1075595e-01  -1.1125110e-02  -2.7325513e-02   3.0000000e+00
  -1.2858595e+00  -1.2764099e+00  -4.0302686e-01  -8.3896614e-02  -3.1913024e-01  -6.5324314e-01  -2.5648125e-01  -7.7631645e-02  -3.1913024e-01   3.0000000e+00
  -1.2513288e+00  -1.2481858e+00  -4.2115886e-01  -2.1967751e-01  -2.0148134e-01  -6.2003067e-01  -1.1569041e-01  -2.8466275e-01  -2.1967751e-01   3.0000000e+00
  -1.2389212e+00  -1.2390532e+00  -5.1071061e-01  -6.4790750e-02  -4.4591986e-01  -7.6698296e-01  -6.9107099e-01  -1.1121223e-02  -6.4790750e-02   3.0000000e+00
  -1.2352557e+00  -1.2355479e+00  -4.6908880e-01  -3.6994172e-01  -9.9147080e-02  -6.9359851e-01  -6.0184590e-01   7.3944695e-03  -9.9147080e-02   3.0000000e+00
  -1.2215939e+00  -1.2245110e+00  -4.7098646e-01  -4.2920128e-01  -4.1785181e-02  -7.1735726e-01  -2.9863752e-02  -6.4570832e-01  -4.1785181e-02   3.0000000e+00
  -1.1983242e+00  -1.2090250e+00  -4.3803005e-01  -4.0693410e-02  -3.9733664e-01  -7.4847260e-01  -3.1044368e-01  -4.0692284e-02  -3.9733664e-01   3.0000000e+00
  -1.1983242e+00  -1.2004875e+00  -3.9192767e-01  -1.7639137e-01  -2.1553630e-01  -7.0237022e-01  -3.1252408e-01  -1.7430984e-01  -2.1553630e-01   3.0000000e+00
  -1.1983242e+00  -1.1983192e+00  -6.2066922e-01  -5.9331152e-01  -2.7357706e-02  -9.3111178e-01  -8.7657328e-01  -2.7180787e-02  -2.7357706e-02   3.0000000e+00
  -1.1890902e+00  -1.1773318e+00  -4.4105196e-01  -2.1661731e-01  -2.2443465e-01  -6.5880972e-01  -2.6447318e-01  -1.7771923e-01  -2.1661731e-01   3.0000000e+00
  -1.1627366e+00  -1.1678294e+00  -4.7378332e-01  -8.8670133e-02  -3.8511319e-01  -7.5176627e-01  -2.8514285e-01  -8.1510235e-02  -3.8511319e-01   3.0000000e+00
  -1.1627366e+00  -1.1627723e+00  -5.5589241e-01  -2.7382989e-02  -5.2850942e-01  -8.3387536e-01  -7.7554670e-01  -3.0945672e-02  -2.7382989e-02   3.0000000e+00
  -1.1600297e+00  -1.1534949e+00  -4.5026176e-01  -2.6773609e-01  -1.8252567e-01  -6.8856770e-01  -4.3900756e-01  -6.7034465e-02  -1.8252567e-01   3.0000000e+00
  -1.1176699e+00  -1.1268997e+00  -4.6175868e-01  -1.5826618e-01  -3.0349250e-01  -7.0486635e-01  -4.3525682e-01  -1.1134335e-01  -1.5826618e-01   3.0000000e+00
  -1.1131939e+00  -1.1140639e+00  -5.3848444e-01  -4.7985863e-01  -5.8625807e-02  -8.4246274e-01  -6.7018923e-01  -1.1364770e-01  -5.8625807e-02   3.0000000e+00
  -1.1126968e+00  -1.1124537e+00  -5.3790070e-01  -4.8631034e-01  -5.1590367e-02  -7.6913142e-01  -2.3157236e-01  -5.1248727e-02  -4.8631034e-01   3.0000000e+00
  -1.1005192e+00  -1.0980743e+00  -5.4448910e-01  -5.0382007e-01  -4.0669027e-02  -8.0252414e-01  -7.2057980e-01  -4.1275311e-02  -4.0669027e-02   3.0000000e+00
  -1.0754836e+00  -1.0794254e+00  -4.7874176e-01  -2.2615026e-01  -2.5259149e-01  -7.0329918e-01  -2.6209617e-01  -2.1505274e-01  -2.2615026e-01   3.0000000e+00
  -1.0418787e+00  -1.0570479e+00  -4.9074032e-01  -2.9951863e-01  -1.9122168e-01  -7.6018392e-01  -4.5674448e-01  -1.1221776e-01  -1.9122168e-01   3.0000000e+00
  -1.0418787e+00  -1.0427795e+00  -4.9039395e-01  -2.4648088e-01  -2.4391308e-01  -7.5983756e-01  -2.7280280e-01  -2.4312168e-01  -2.4391308e-01   3.0000000e+00
  -1.0376706e+00  -1.0376709e+00  -6.0269729e-01  -4.9917858e-01  -1.0351871e-01  -9.0842144e-01  -7.7806883e-01  -2.6833890e-02  -1.0351871e-01   3.0000000e+00
  -1.0376706e+00  -1.0375701e+00  -5.4347359e-01  -4.1971143e-01  -1.2376216e-01  -8.4919774e-01  -7.7147092e-02  -3.5233922e-01  -4.1971143e-01   3.0000000e+00
  -9.9295219e-01  -9.9613870e-01  -5.2658744e-01  -3.6720877e-01  -1.5937867e-01  -7.8906530e-01  -5.7218716e-01  -5.7499472e-02  -1.5937867e-01   3.0000000e+00
  -9.9295219e-01  -9.8639578e-01  -5.1619618e-01  -1.8438992e-01  -3.3180626e-01  -7.7867404e-01  -4.9976547e-01  -9.4518648e-02  -1.8438992e-01   3.0000000e+00
  -9.7167301e-01  -9.7976200e-01  -5.0381600e-01  -2.4669976e-01  -2.5711625e-01  -8.0584391e-01  -3.0587944e-01  -2.4284822e-01  -2.5711625e-01   3.0000000e+00
  -9.7167301e-01  -9.7232168e-01  -5.9544351e-01  -4.0671476e-02  -5.5477203e-01  -8.9747142e-01  -8.0255725e-01  -5.4242693e-02  -4.0671476e-02   3.0000000e+00
  -9.7167301e-01  -9.6143301e-01  -5.2675551e-01  -5.1238583e-01  -1.4369679e-02  -8.2878342e-01  -2.7164394e-01  -5.4276980e-01  -1.4369679e-02   3.0000000e+00
  -9.4893984e-01  -9.4685746e-01  -5.1106553e-01  -2.4225695e-01  -2.6880858e-01  -7.8127057e-01  -3.3554011e-01  -2.0347351e-01  -2.4225695e-01   3.0000000e+00
  -9.1324045e-01  -9.2152217e-01  -5.5251325e-01  -2.2886689e-01  -3.2364636e-01  -8.5070488e-01  -4.3227788e-01  -1.8956012e-01  -2.2886689e-01   3.0000000e+00
  -9.1324045e-01  -9.1235310e-01  -5.8726517e-01  -1.1299747e-01  -4.7426769e-01  -8.8545680e-01  -7.2051849e-01  -5.1940829e-02  -1.1299747e-01   3.0000000e+00
  -9.0841730e-01  -8.9026587e-01  -5.5444401e-01  -2.7080479e-01  -2.8363922e-01  -8.2465743e-01  -2.3155388e-01  -3.0946434e-01  -2.8363922e-01   3.0000000e+00
  -8.6683866e-01  -8.6641858e-01  -5.8710916e-01  -5.4051765e-01  -4.6591512e-02  -8.8296307e-01  -7.3827653e-01  -9.8095025e-02  -4.6591512e-02   3.0000000e+00
  -8.5444623e-01  -8.4943712e-01  -5.4924443e-01  -2.7470488e-01  -2.7453954e-01  -8.3244957e-01  -3.2089811e-01  -2.3701192e-01  -2.7453954e-01   3.0000000e+00
  -8.3472894e-01  -8.2883230e-01  -5.8319036e-01  -3.6604655e-01  -2.1714381e-01  -8.6853554e-01  -7.0289219e-01   5.1500462e-02  -2.1714381e-01   3.0000000e+00
  -8.3472894e-01  -8.1582609e-01  -5.7445046e-01  -2.7652960e-01  -2.9792085e-01  -8.5979564e-01  -3.7997356e-01  -2.0329248e-01  -2.7652960e-01   3.0000000e+00
  -7.8335446e-01  -8.0617206e-01  -5.8375990e-01  -4.5761848e-01  -1.2614142e-01  -8.8464663e-01  -6.5732241e-01  -1.0118280e-01  -1.2614142e-01   3.0000000e+00
  -7.8133883e-01  -7.7436303e-01  -5.9277880e-01  -2.9615791e-01  -2.9662089e-01  -8.9092440e-01  -3.1726599e-01  -2.7703752e-01  -2.9662089e-01   3.0000000e+00
  -7.8133883e-01  -7.5307443e-01  -6.1098356e-01  -3.0375449e-01  -3.0722907e-01  -9.0912916e-01  -1.2081593e-02  -5.8981849e-01  -3.0722907e-01   3.0000000e+00
  -7.2043945e-01  -7.1958871e-01  -6.2266388e-01  -3.1223996e-01  -3.1042392e-01  -9.2316080e-01  -2.8299263e-01  -3.2792820e-01  -3.1223996e-01   3.0000000e+00
  -6.8192032e-01  -6.4025550e-01  -6.4723389e-01  -3.2361550e-01  -3.2361839e-01  -9.6425773e-01  -1.3506071e-01  -5.0557863e-01  -3.2361839e-01   3.0000000e+00
  -6.8192032e-01  -5.9156619e-01  -6.5697650e-01  -3.2848817e-01  -3.2848833e-01  -9.7400034e-01  -2.7204678e-01  -3.7346523e-01  -3.2848833e-01   3.0000000e+00
