  -4.9844796e+00  -4.9844796e+00   0.0000000e+00   5.4595145e-09  -5.4595145e-09   9.9672044e-09  -9.9672044e-09   0.0000000e+00   9.5782447e-01  -4.7891223e-01  -4.7891223e-01   4.9960036e-16  -8.2950032e-01   8.2950032e-01   3.0000000e+00
  -4.5797477e+00  -4.5797475e+00   0.0000000e+00   5.2756059e-09  -5.2756059e-09   8.2431727e-09  -8.2431727e-09   0.0000000e+00  -4.3477731e-01  -4.3477731e-01   8.6955462e-01   7.5305639e-01  -7.5305639e-01   6.3470815e-17   3.0000000e+00
  -4.4779576e+00  -4.4779578e+00   0.0000000e+00   5.9710089e-09  -5.9710089e-09   4.7642244e-09  -4.7642244e-09   0.0000000e+00  -4.3629253e-01  -4.3629253e-01   8.7258506e-01   7.5568083e-01  -7.5568083e-01  -6.8124422e-17   3.0000000e+00
  -4.2209912e+00  -4.2209589e+00   0.0000000e+00   5.0520090e-09  -5.0520090e-09   5.4496326e-09  -5.4496326e-09   0.0000000e+00  -3.8670799e-01  -3.8670799e-01   7.7341598e-01   6.6979788e-01  -6.6979788e-01   2.1145560e-16   3.0000000e+00
  -4.1324050e+00  -4.1324526e+00   0.0000000e+00   5.9362847e-09  -5.9362847e-09   4.1582697e-09  -4.1582697e-09   0.0000000e+00  -3.8771895e-01  -3.8771895e-01   7.7543790e-01   6.7154892e-01  -6.7154892e-01  -2.2347018e-16   3.0000000e+00
  -4.0139715e+00  -4.0139459e+00   0.0000000e+00   5.3966690e-09  -5.3966690e-09   6.0679800e-09  -6.0679800e-09   0.0000000e+00  -3.9080709e-01  -3.9080709e-01   7.8161419e-01   6.7689774e-01  -6.7689774e-01  -1.9622982e-16   3.0000000e+00
  -3.9160889e+00  -3.9137948e+00   0.0000000e+00   4.6752961e-09  -4.6752961e-09   3.9993306e-09  -3.9993306e-09   0.0000000e+00  -3.2881243e-01  -3.2881243e-01   6.5762487e-01   5.6951984e-01  -5.6951984e-01   3.8812154e-16   3.0000000e+00
  -3.8406276e+00  -3.8445828e+00   0.0000000e+00   5.2687349e-09  -5.2687349e-09   3.7969108e-09  -3.7969108e-09   0.0000000e+00  -3.2598491e-01  -3.2598491e-01   6.5196983e-01   5.6462243e-01  -5.6462243e-01  -3.1542828e-16   3.0000000e+00
  -3.7371881e+00  -3.7323727e+00   0.0000000e+00   4.6204561e-09  -4.6204561e-09   5.3866058e-09  -5.3866058e-09   0.0000000e+00  -3.2205513e-01  -3.2205513e-01   6.4411027e-01   5.5781585e-01  -5.5781585e-01  -2.8103029e-16   3.0000000e+00
  -3.6984813e+00  -3.6755401e+00   0.0000000e+00   7.9257895e-10  -7.9257895e-10  -1.2779228e-09   1.2779228e-09   0.0000000e+00  -9.5958684e-02   1.9191737e-01  -9.5958684e-02  -1.6620532e-01   6.2814337e-15   1.6620532e-01   3.0000000e+00
  -3.5978887e+00  -3.6305140e+00   0.0000000e+00   6.0631305e-10  -6.0631305e-10   4.6647121e-10  -4.6647121e-10   0.0000000e+00   4.5518218e-02   4.5518218e-02  -9.1036436e-02  -7.8839866e-02   7.8839866e-02  -7.4116308e-15   3.0000000e+00
  -3.5978887e+00  -3.5963469e+00   0.0000000e+00   5.5588342e-09  -5.5588342e-09   3.5496821e-09  -3.5496821e-09   0.0000000e+00  -3.0655318e-01   6.1310636e-01  -3.0655318e-01   5.3096568e-01  -4.8572257e-17  -5.3096568e-01   3.0000000e+00
  -3.5516423e+00  -3.5086995e+00   0.0000000e+00   3.3639022e-09  -3.3639022e-09   3.3806780e-09  -3.3806780e-09   0.0000000e+00  -2.1606020e-01  -2.1606020e-01   4.3212039e-01   3.7422724e-01  -3.7422724e-01  -6.6685063e-16   3.0000000e+00
  -3.5166268e+00  -3.4654313e+00   0.0000000e+00   4.1459824e-09  -4.1459824e-09   2.7147009e-09  -2.7147009e-09   0.0000000e+00   1.5707398e-01  -3.1414796e-01   1.5707398e-01  -2.7206012e-01  -6.5919492e-17   2.7206012e-01   3.0000000e+00
  -3.3839477e+00  -3.4112242e+00   0.0000000e+00   2.7051244e-09  -2.7051244e-09   1.3314871e-09  -1.3314871e-09   0.0000000e+00   1.0760040e-01   1.0760040e-01  -2.1520080e-01  -1.8636936e-01   1.8636936e-01   1.4761566e-15   3.0000000e+00
  -3.3752150e+00  -3.3732328e+00   0.0000000e+00   1.7927068e-09  -1.7927068e-09   1.8263204e-09  -1.8263204e-09   0.0000000e+00   9.5882744e-02   9.5882744e-02  -1.9176549e-01  -1.6607378e-01   1.6607378e-01   1.2839609e-15   3.0000000e+00
  -3.3181448e+00  -3.2932682e+00   0.0000000e+00   1.1409443e-09  -1.1409443e-09   7.0468693e-10  -7.0468693e-10   0.0000000e+00  -6.9194887e-02  -6.9194887e-02   1.3838977e-01   1.1984906e-01  -1.1984906e-01  -1.9586187e-15   3.0000000e+00
  -3.2678824e+00  -3.2386930e+00   0.0000000e+00   4.5897117e-09  -4.5897117e-09   3.4867851e-09  -3.4867851e-09   0.0000000e+00  -1.2944474e-01  -1.2944474e-01   2.5888949e-01   2.2420487e-01  -2.2420487e-01  -1.5342845e-15   3.0000000e+00
  -3.2446316e+00  -3.2214054e+00   0.0000000e+00   2.7518819e-09  -2.7518819e-09   2.2350934e-09  -2.2350934e-09   0.0000000e+00  -6.0582779e-02  -6.0582779e-02   1.2116556e-01   1.0493245e-01  -1.0493245e-01  -7.0937423e-15   3.0000000e+00
  -3.1633742e+00  -3.1754072e+00   0.0000000e+00   4.6894071e-09  -4.6894071e-09   3.0721073e-09  -3.0721073e-09   0.0000000e+00   6.6484208e-02   6.6484208e-02  -1.3296842e-01  -1.1515403e-01   1.1515403e-01  -1.0026453e-15   3.0000000e+00
  -3.1495122e+00  -3.0979320e+00   0.0000000e+00   1.4494129e-10  -1.4494129e-10  -1.3243320e-09   1.3243320e-09   0.0000000e+00  -2.6247398e-02   1.3123699e-02   1.3123699e-02  -1.0668549e-15   2.2730914e-02  -2.2730914e-02   3.0000000e+00
  -3.1007877e+00  -3.0596650e+00   0.0000000e+00   1.8460316e-09  -1.8460316e-09   1.8673941e-09  -1.8673941e-09   0.0000000e+00  -1.2463081e-01  -1.2463081e-01   2.4926162e-01   2.1586690e-01  -2.1586690e-01  -2.1490800e-15   3.0000000e+00
  -2.9964490e+00  -3.0219876e+00   0.0000000e+00   2.9471432e-10  -2.9471432e-10   2.8640202e-10  -2.8640202e-10   0.0000000e+00  -8.7539944e-02  -8.7539944e-02   1.7507989e-01   1.5162363e-01  -1.5162363e-01   3.8916126e-16   3.0000000e+00
  -2.9740114e+00  -2.9672234e+00   0.0000000e+00   2.3028878e-09  -2.3028878e-09   1.4188255e-09  -1.4188255e-09   0.0000000e+00   9.3115055e-02   9.3115055e-02  -1.8623011e-01  -1.6128001e-01   1.6128001e-01  -8.3363545e-16   3.0000000e+00
  -2.9117626e+00  -2.9310906e+00   0.0000000e+00   4.3181008e-09  -4.3181008e-09   3.2502340e-09  -3.2502340e-09   0.0000000e+00   1.0048462e-01   1.0048462e-01  -2.0096924e-01  -1.7404446e-01   1.7404446e-01  -1.2393638e-15   3.0000000e+00
  -2.9078858e+00  -2.8642223e+00   0.0000000e+00   2.8328648e-09  -2.8328648e-09   1.8681168e-09  -1.8681168e-09   0.0000000e+00   3.3344952e-02   3.3344952e-02  -6.6689904e-02   5.7755151e-02  -5.7755151e-02   2.7316657e-15   3.0000000e+00
  -2.8591140e+00  -2.8237622e+00   0.0000000e+00   2.5479962e-09  -2.5479962e-09   1.5398917e-09  -1.5398917e-09   0.0000000e+00  -1.1313933e-01   2.2627866e-01  -1.1313933e-01   1.9596306e-01  -2.1909558e-15  -1.9596306e-01   3.0000000e+00
  -2.8032834e+00  -2.7774972e+00   0.0000000e+00   1.5165488e-09  -1.5165488e-09   9.7913476e-10  -9.7913476e-10   0.0000000e+00  -2.5093885e-02   5.0187770e-02  -2.5093885e-02   4.3463884e-02   2.8982892e-15  -4.3463884e-02   3.0000000e+00
  -2.7476492e+00  -2.7477497e+00   0.0000000e+00   3.1528636e-10  -3.1528636e-10   9.0707785e-11  -9.0707785e-11   0.0000000e+00   2.6432462e-02  -5.2864924e-02   2.6432462e-02  -4.5782367e-02   4.8554910e-15   4.5782367e-02   3.0000000e+00
  -2.6975345e+00  -2.6810915e+00   0.0000000e+00   2.3990909e-09  -2.3990909e-09   1.0523057e-09  -1.0523057e-09   0.0000000e+00  -4.8643095e-02  -4.8643095e-02   9.7286190e-02   8.4252312e-02  -8.4252312e-02  -4.0332039e-15   3.0000000e+00
  -2.6493412e+00  -2.6440942e+00   0.0000000e+00   2.4967939e-09  -2.4967939e-09   1.8318469e-09  -1.8318469e-09   0.0000000e+00  -3.2460839e-02   6.4921678e-02  -3.2460839e-02   5.6223823e-02   1.4641066e-15  -5.6223823e-02   3.0000000e+00
  -2.6321670e+00  -2.5969676e+00   0.0000000e+00   7.4174031e-10  -7.4174031e-10   5.2826895e-10  -5.2826895e-10   0.0000000e+00  -4.6522974e-02  -4.6522974e-02   9.3045949e-02   8.0580155e-02  -8.0580155e-02  -7.5510044e-16   3.0000000e+00
  -2.5802291e+00  -2.5585219e+00   0.0000000e+00   3.4351142e-09  -3.4351142e-09   2.2366972e-09  -2.2366972e-09   0.0000000e+00  -4.3118013e-02  -4.3118013e-02   8.6236027e-02  -7.4682590e-02   7.4682590e-02   5.0471529e-16   3.0000000e+00
  -2.5146892e+00  -2.4937834e+00   0.0000000e+00   2.0729891e-09  -2.0729891e-09   1.1652655e-09  -1.1652655e-09   0.0000000e+00  -1.2856836e-02  -1.2856836e-02   2.5713671e-02   2.2268693e-02  -2.2268693e-02   3.7762540e-15   3.0000000e+00
  -2.5021011e+00  -2.4661324e+00   0.0000000e+00   5.1609139e-10  -5.1609139e-10   4.6255305e-10  -4.6255305e-10   0.0000000e+00  -4.5121488e-02  -4.5121488e-02   9.0242975e-02   7.8152709e-02  -7.8152709e-02  -7.2237308e-16   3.0000000e+00
  -2.4025218e+00  -2.4445576e+00   0.0000000e+00   4.4896905e-10  -4.4896905e-10   3.6724575e-10  -3.6724575e-10   0.0000000e+00   8.4575443e-02   8.4575443e-02  -1.6915089e-01  -1.4648897e-01   1.4648897e-01   4.8243502e-16   3.0000000e+00
  -2.4011241e+00  -2.3757146e+00   0.0000000e+00   4.9065711e-10  -4.9065711e-10   1.9702066e-10  -1.9702066e-10   0.0000000e+00   3.6577440e-02   3.6577440e-02  -7.3154880e-02  -6.3353984e-02   6.3353984e-02  -3.9614949e-17   3.0000000e+00
  -2.3282065e+00  -2.3382989e+00   0.0000000e+00   2.1384419e-09  -2.1384419e-09   1.4217459e-09  -1.4217459e-09   0.0000000e+00  -4.4696437e-02  -4.4696437e-02   8.9392874e-02   7.7416500e-02  -7.7416500e-02  -1.1656865e-16   3.0000000e+00
  -2.2942261e+00  -2.3071654e+00   0.0000000e+00   1.3369768e-09  -1.3369768e-09   6.8645961e-10  -6.8645961e-10   0.0000000e+00  -4.1542073e-02  -4.1542073e-02   8.3084146e-02   7.1952981e-02  -7.1952981e-02  -1.0648395e-16   3.0000000e+00
  -2.2457813e+00  -2.2490674e+00   0.0000000e+00   2.9963394e-09  -2.9963394e-09   1.9739953e-09  -1.9739953e-09   0.0000000e+00   1.2234776e-01   1.2234776e-01  -2.4469551e-01  -2.1191253e-01   2.1191253e-01  -1.1885851e-15   3.0000000e+00
  -2.2454275e+00  -2.1905962e+00   0.0000000e+00   9.4141887e-10  -9.4141887e-10   6.2167788e-10  -6.2167788e-10   0.0000000e+00   5.2897011e-02   5.2897011e-02  -1.0579402e-01  -9.1620311e-02   9.1620311e-02   7.0588269e-16   3.0000000e+00
  -2.1977924e+00  -2.1524240e+00   0.0000000e+00   1.1234773e-09  -1.1234773e-09   6.8418613e-10  -6.8418613e-10   0.0000000e+00   4.5624229e-02   4.5624229e-02  -9.1248458e-02  -7.9023483e-02   7.9023483e-02   7.6923564e-16   3.0000000e+00
  -2.1469425e+00  -2.1105047e+00   0.0000000e+00   4.4298632e-10  -4.4298632e-10   3.1359744e-10  -3.1359744e-10   0.0000000e+00  -3.4542402e-02  -3.4542402e-02   6.9084804e-02   5.9829195e-02  -5.9829195e-02   1.8796157e-15   3.0000000e+00
  -2.1237499e+00  -2.0816132e+00   0.0000000e+00   1.5029653e-10  -1.5029653e-10   4.1126298e-10  -4.1126298e-10   0.0000000e+00  -1.0912822e-01   5.4564110e-02   5.4564110e-02  -6.0229599e-15   9.4507810e-02  -9.4507810e-02   3.0000000e+00
  -2.0372328e+00  -2.0360396e+00   0.0000000e+00   3.5570518e-09  -3.5570518e-09   2.3268580e-09  -2.3268580e-09   0.0000000e+00   1.5036034e-01   1.5036034e-01  -3.0072069e-01  -2.6043175e-01   2.6043175e-01   4.3337073e-17   3.0000000e+00
  -2.0205018e+00  -1.9786585e+00   0.0000000e+00   8.8511056e-10  -8.8511056e-10   3.9290981e-10  -3.9290981e-10   0.0000000e+00   5.5895427e-02  -1.1179085e-01   5.5895427e-02  -9.6813719e-02   9.1766872e-16   9.6813719e-02   3.0000000e+00
  -1.9531378e+00  -1.9638367e+00   0.0000000e+00   4.1841680e-09  -4.1841680e-09   2.7786632e-09  -2.7786632e-09   0.0000000e+00   1.4525467e-01   1.4525467e-01  -2.9050933e-01  -2.5158846e-01   2.5158846e-01  -1.6567010e-15   3.0000000e+00
  -1.9158604e+00  -1.9263935e+00   0.0000000e+00   6.2586929e-10  -6.2586929e-10   7.1056167e-10  -7.1056167e-10   0.0000000e+00  -3.1459048e-02  -3.1459048e-02   6.2918097e-02   5.4488670e-02  -5.4488670e-02  -2.6829862e-16   3.0000000e+00
  -1.9158604e+00  -1.8878981e+00   0.0000000e+00   3.8861042e-09  -3.8861042e-09   2.5027712e-09  -2.5027712e-09   0.0000000e+00   1.3868190e-01  -2.7736379e-01   1.3868190e-01  -2.4020409e-01  -3.0531133e-16   2.4020409e-01   3.0000000e+00
  -1.8330890e+00  -1.8178197e+00   0.0000000e+00   5.3840818e-09  -5.3840818e-09   3.5483169e-09  -3.5483169e-09   0.0000000e+00   1.6909751e-01   1.6909751e-01  -3.3819503e-01  -2.9288548e-01   2.9288548e-01  -1.7504868e-16   3.0000000e+00
  -1.8036685e+00  -1.7912480e+00   0.0000000e+00   3.1813799e-09  -3.1813799e-09   1.9910264e-09  -1.9910264e-09   0.0000000e+00  -3.1543486e-02  -3.1543486e-02   6.3086972e-02   5.4634921e-02  -5.4634921e-02  -1.8039255e-15   3.0000000e+00
  -1.7534058e+00  -1.7486678e+00   0.0000000e+00   5.6655332e-09  -5.6655332e-09   3.6741336e-09  -3.6741336e-09   0.0000000e+00   1.8827527e-01   1.8827527e-01  -3.7655054e-01  -3.2610234e-01   3.2610234e-01   7.3711272e-16   3.0000000e+00
  -1.7284406e+00  -1.7060044e+00   0.0000000e+00   9.0197661e-11  -9.0197661e-11  -7.5360028e-10   7.5360028e-10   0.0000000e+00  -5.7936505e-02   2.8968253e-02   2.8968253e-02  -1.8388069e-16   5.0174486e-02  -5.0174486e-02   3.0000000e+00
  -1.6886721e+00  -1.6694644e+00   0.0000000e+00   3.3558475e-09  -3.3558475e-09   2.3892014e-09  -2.3892014e-09   0.0000000e+00  -1.7524280e-02  -1.7524280e-02   3.5048560e-02   3.0352944e-02  -3.0352944e-02  -6.9953946e-15   3.0000000e+00
  -1.6568736e+00  -1.5954790e+00   0.0000000e+00   5.1572431e-09  -5.1572431e-09   3.4933789e-09  -3.4933789e-09   0.0000000e+00   8.8919159e-02   8.8919159e-02  -1.7783832e-01  -1.5401250e-01   1.5401250e-01  -5.6242616e-16   3.0000000e+00
  -1.5898412e+00  -1.5745810e+00   0.0000000e+00   6.1861263e-11  -6.1861263e-11  -2.7786652e-10   2.7786652e-10   0.0000000e+00  -4.4106819e-02   2.2053410e-02   2.2053410e-02  -2.0296265e-15   3.8197626e-02  -3.8197626e-02   3.0000000e+00
  -1.5640297e+00  -1.5368292e+00   0.0000000e+00   1.1081051e-09  -1.1081051e-09   7.6058903e-10  -7.6058903e-10   0.0000000e+00  -6.2135693e-02   1.2427139e-01  -6.2135693e-02   1.0762218e-01   2.7582103e-15  -1.0762218e-01   3.0000000e+00
  -1.5319101e+00  -1.5312516e+00   0.0000000e+00   3.9597805e-09  -3.9597805e-09   2.7909757e-09  -2.7909757e-09   0.0000000e+00   1.6016189e-01   1.6016189e-01  -3.2032379e-01  -2.7740854e-01   2.7740854e-01   2.4881657e-16   3.0000000e+00
  -1.4536710e+00  -1.4664451e+00   0.0000000e+00   2.5090443e-10  -2.5090443e-10  -5.8477874e-10   5.8477874e-10   0.0000000e+00   9.7441206e-02  -4.8720603e-02  -4.8720603e-02  -9.2287289e-16  -8.4386560e-02   8.4386560e-02   3.0000000e+00
  -1.4377253e+00  -1.4304242e+00   0.0000000e+00   3.9173528e-09  -3.9173528e-09   2.6376005e-09  -2.6376005e-09   0.0000000e+00   1.0072216e-01  -5.0361079e-02  -5.0361079e-02   3.2265857e-15   8.7227948e-02  -8.7227948e-02   3.0000000e+00
  -1.4140178e+00  -1.3538848e+00   0.0000000e+00   5.9111602e-09  -5.9111602e-09   4.0532305e-09  -4.0532305e-09   0.0000000e+00   6.5964977e-02   6.5964977e-02  -1.3192995e-01  -1.1425469e-01   1.1425469e-01   6.6690118e-16   3.0000000e+00
  -1.3539460e+00  -1.3294531e+00   0.0000000e+00   2.9640897e-09  -2.9640897e-09   2.0024487e-09  -2.0024487e-09   0.0000000e+00  -3.6148061e-02  -3.6148061e-02   7.2296123e-02   6.2610279e-02  -6.2610279e-02   9.3787227e-15   3.0000000e+00
  -1.3072397e+00  -1.3025899e+00   0.0000000e+00   6.8352423e-09  -6.8352423e-09   4.6509810e-09  -4.6509810e-09   0.0000000e+00  -1.8295004e-02   3.6590007e-02  -1.8295004e-02   3.1687876e-02  -1.1986072e-14  -3.1687876e-02   3.0000000e+00
  -1.3028576e+00  -1.2948824e+00   0.0000000e+00   1.6110620e-10  -1.6110620e-10  -3.9012302e-10   3.9012302e-10   0.0000000e+00   1.0260957e-02  -5.1304784e-03  -5.1304784e-03  -3.8909848e-15  -8.8862492e-03   8.8862492e-03   3.0000000e+00
  -1.2578192e+00  -1.2170281e+00   0.0000000e+00   7.5169446e-10  -7.5169446e-10   6.5816543e-10  -6.5816543e-10   0.0000000e+00  -5.8142818e-02  -5.8142818e-02   1.1628564e-01   1.0070631e-01  -1.0070631e-01  -4.9897273e-16   3.0000000e+00
  -1.1943794e+00  -1.1934544e+00   0.0000000e+00   2.9258635e-09  -2.9258635e-09   2.1765435e-09  -2.1765435e-09   0.0000000e+00   1.2488458e-01   1.2488458e-01  -2.4976917e-01  -2.1630644e-01   2.1630644e-01  -1.8259026e-16   3.0000000e+00
  -1.1943794e+00  -1.1587613e+00   0.0000000e+00   8.3031139e-10  -8.3031139e-10   9.7144025e-10  -9.7144025e-10   0.0000000e+00   4.0222607e-02   4.0222607e-02  -8.0445214e-02  -6.9667599e-02   6.9667599e-02   1.1099812e-15   3.0000000e+00
  -1.1057097e+00  -1.1057709e+00   0.0000000e+00   6.1562229e-09  -6.1562229e-09   4.3162924e-09  -4.3162924e-09   0.0000000e+00   2.0266745e-01   2.0266745e-01  -4.0533491e-01  -3.5103033e-01   3.5103033e-01   1.4165004e-16   3.0000000e+00
  -1.0841673e+00  -1.0709746e+00   0.0000000e+00   3.5786777e-09  -3.5786777e-09   2.4852355e-09  -2.4852355e-09   0.0000000e+00   1.2075540e-01   1.2075540e-01  -2.4151081e-01  -2.0915449e-01   2.0915449e-01   2.9769201e-16   3.0000000e+00
  -1.0348204e+00  -1.0030452e+00   0.0000000e+00   2.2500651e-09  -2.2500651e-09   1.5063892e-09  -1.5063892e-09   0.0000000e+00  -7.3173595e-03   1.4634719e-02  -7.3173595e-03   1.2674038e-02  -1.8512752e-15  -1.2674038e-02   3.0000000e+00
  -9.5666199e-01  -9.4589042e-01   0.0000000e+00   5.0590710e-09  -5.0590710e-09   3.5288053e-09  -3.5288053e-09   0.0000000e+00  -3.0773766e-02   6.1547532e-02  -3.0773766e-02   5.3301727e-02  -5.5788707e-15  -5.3301727e-02   3.0000000e+00
  -9.5500948e-01  -8.8709134e-01   0.0000000e+00   1.2029408e-10  -1.2029408e-10   6.2156971e-11  -6.2156971e-11   0.0000000e+00   8.2343311e-03   8.2343311e-03  -1.6468662e-02  -1.4262280e-02   1.4262280e-02   1.4285619e-15   3.0000000e+00
  -9.3634989e-01  -8.2490219e-01   0.0000000e+00   3.7723578e-09  -3.7723578e-09   2.4909111e-09  -2.4909111e-09   0.0000000e+00  -1.0705565e-02  -1.0705565e-02   2.1411130e-02   1.8542583e-02  -1.8542583e-02  -5.8754562e-16   3.0000000e+00
  -8.1990058e-01  -7.7805008e-01   0.0000000e+00   1.8551517e-11  -1.8551517e-11   1.5487073e-10  -1.5487073e-10   0.0000000e+00  -1.5186910e-02   7.5934550e-03   7.5934550e-03  -2.5587171e-16   1.3152250e-02  -1.3152250e-02   3.0000000e+00
  -7.5428097e-01  -7.3259626e-01   0.0000000e+00   1.6430417e-09  -1.6430417e-09   1.0187195e-09  -1.0187195e-09   0.0000000e+00   7.6465777e-02  -1.5293155e-01   7.6465777e-02  -1.3244261e-01  -2.3245295e-16   1.3244261e-01   3.0000000e+00
  -6.1102195e-01  -6.7767716e-01   0.0000000e+00   8.2364639e-10  -8.2364639e-10   6.3264726e-10  -6.3264726e-10   0.0000000e+00   4.7861831e-02   4.7861831e-02  -9.5723662e-02  -8.2899123e-02   8.2899123e-02   4.2729081e-15   3.0000000e+00
  -6.0964424e-01  -5.1618857e-01   0.0000000e+00   2.7396072e-11  -2.7396072e-11  -5.8366651e-12   5.8366651e-12   0.0000000e+00   5.9551612e-03  -1.1910322e-02   5.9551612e-03   1.0314642e-02  -2.3345041e-15  -1.0314642e-02   3.0000000e+00
