-5.10268 0.226743
-5.10268 0.0264164
-5.10268 0.226743
-4.8925 0.0549967
-4.8925 0.235281
-4.8925 0.235281
-4.84181 0.23471
-4.84181 0.00413635
-4.84181 0.23471
-4.69311 0.24519
-4.69311 0.0842231
-4.69311 0.24519
-4.6457 0.0334922
-4.6457 0.244931
-4.6457 0.244931
-4.5912 -0.0174595
-4.5912 0.24375
-4.5912 0.24375
-4.50483 0.256851
-4.50483 0.114283
-4.50483 0.256851
-4.46101 0.257102
-4.46101 0.0635971
-4.46101 0.257102
-4.40928 0.0132646
-4.40928 0.256081
-4.40928 0.256081
-4.35111 -0.0382111
-4.35111 0.254148
-4.35111 0.254148
-4.32812 0.270834
-4.32812 0.145443
-4.32812 0.270834
-4.28831 0.0947264
-4.28831 0.27193
-4.28831 0.27193
-4.23949 0.0452911
-4.23949 0.271202
-4.23949 0.271202
-4.18369 -0.00543398
-4.18369 0.269275
-4.18369 0.269275
-4.16368 0.288073
-4.16368 0.17809
-4.16368 0.288071
-4.12846 0.12733
-4.12846 0.290624
-4.12846 0.29063
-4.12185 -0.0577998
-4.12185 0.26634
-4.12185 0.26634
-4.08273 0.290427
-4.08273 0.0794099
-4.08273 0.290419
-4.02941 0.0298921
-4.02941 0.288696
-4.02941 0.288706
-4.0126 0.310429
-4.0126 0.212806
-4.0126 0.310276
-3.98284 0.315432
-3.98284 0.162238
-3.98284 0.31583
-3.96957 -0.021534
-3.96957 0.285593
-3.96957 0.285586
-3.94047 0.316729
-3.94047 0.117207
-3.94047 0.316079
-3.90392 -0.0748428
-3.90392 0.2813
-3.90392 0.281309
-3.88982 0.0700943
-3.88982 0.315243
-3.88982 0.316377
-3.87727 0.346139
-3.87727 0.250563
-3.87727 0.339027
-3.85348 0.201457
-3.85348 0.347554
-3.85348 0.360222
-3.83258 0.316472
-3.83258 0.0267189
-3.83258 0.314229
-3.8167 0.160561
-3.8167 0.366593
-3.8167 0.345877
-3.77042 0.327422
-3.77042 0.130171
-3.77042 0.410037
-3.76868 0.405775
-3.76868 0.306321
-3.76868 0.11071
-3.76481 0.189652
-3.76481 0.332026
-3.76481 0.358478
-3.73834 0.24127
-3.73834 0.381538
-3.73834 0.354045
-3.70851 0.324636
-3.70851 0.172264
-3.70851 0.347543
-3.70851 0.356109
-3.70851 0.148513
-3.70851 0.337657
-3.69756 -0.0858796
-3.69756 0.299864
-3.69756 0.299832
-3.67831 0.407285
-3.67831 0.320368
-3.67831 0.278036
-3.66102 0.216702
-3.66102 0.347743
-3.66102 0.456823
-3.64596 0.0455818
-3.64596 0.339535
-3.64596 0.346277
-3.64412 0.35876
-3.64412 0.313946
-3.64412 0.323833
-3.61412 0.415711
-3.61412 0.251117
-3.61412 0.311106
-3.61412 0.427597
-3.61412 0.221416
-3.61412 0.336966
-3.58527 0.358845
-3.58527 0.306274
-3.58527 0.283185
-3.57895 -0.0384274
-3.57895 0.334922
-3.57895 0.333653
-3.55354 0.331934
-3.55354 0.313007
-3.55354 0.264683
-3.55347 0.290389
-3.55347 0.185075
-3.55347 0.427782
-3.53318 0.264633
-3.53318 0.337144
-3.53318 0.285412
-3.50474 0.181546
-3.50474 0.273167
-3.50474 0.253016
-3.50474 -0.101392
-3.50474 0.323308
-3.50474 0.323472
-3.49621 0.228432
-3.49621 0.253892
-3.49621 0.321945
-3.4892 0.415125
-3.4892 0.176388
-3.4892 0.295103
-3.4892 0.129757
-3.4892 0.391697
-3.4892 0.317733
-3.47002 0.308593
-3.47002 0.221486
-3.47002 0.246139
-3.43662 0.328184
-3.43662 0.257795
-3.43662 0.23464
-3.40748 0.111732
-3.40748 0.322505
-3.40748 0.333532
-3.40748 0.0867883
-3.40748 0.331511
-3.40748 0.310156
-3.40074 0.206634
-3.40074 0.274469
-3.40074 0.257922
-3.40074 0.189264
-3.40074 0.248318
-3.40074 0.224103
-3.35942 0.324646
-3.35942 0.165383
-3.35942 0.230962
-3.35942 0.258696
-3.35942 0.297215
-3.35942 0.195466
-3.35457 0.224108
-3.35457 0.176987
-3.35457 0.30599
-3.32837 -0.0687835
-3.32837 0.364431
-3.32837 0.341218
-3.32625 0.266685
-3.32625 0.177247
-3.32625 0.200158
-3.31498 0.187836
-3.31498 0.2736
-3.31498 0.172241
-3.29169 0.325428
-3.29169 0.175601
-3.29169 0.227864
-3.28773 0.151656
-3.28773 0.209268
-3.28773 0.222534
-3.2595 0.279822
-3.2595 0.165783
-3.2595 0.203487
-3.2595 0.150894
-3.2595 0.252961
-3.2595 0.244207
-3.2595 0.298918
-3.2595 0.101034
-3.2595 0.256872
-3.23681 0.220106
-3.23681 0.172747
-3.23681 0.139236
-3.21752 0.3018
-3.21752 0.184996
-3.21752 0.152322
-3.21068 0.151874
-3.21068 0.192571
-3.21068 0.203223
-3.19529 0.148574
-3.19529 0.203389
-3.19529 0.184604
-3.16976 0.0399752
-3.16976 0.359908
-3.16976 0.32895
-3.16673 0.189426
-3.16673 0.127533
-3.16673 0.125862
-3.16673 0.207337
-3.16673 0.141382
-3.16673 0.154544
-3.14648 0.289447
-3.14648 0.108998
-3.14648 0.159447
-3.13835 0.0893627
-3.13835 0.200898
-3.13835 0.27858
-3.12015 0.109705
-3.12015 0.163309
-3.12015 0.159243
-3.12015 0.125917
-3.12015 0.182568
-3.12015 0.169522
-3.08832 0.244588
-3.08832 0.137083
-3.08832 0.128356
-3.08125 0.137658
-3.08125 0.211272
-3.08125 0.137997
-3.08125 0.118428
-3.08125 0.167037
-3.08125 0.174569
-3.05089 0.274309
-3.05089 0.141117
-3.05089 0.159275
-3.05089 0.206007
-3.05089 0.0690416
-3.05089 0.128785
-3.03284 0.116845
-3.03284 0.185381
-3.03284 0.186703
-3.01816 0.225377
-3.01816 0.142391
-3.01816 0.141007
-3.01563 0.221035
-3.01563 0.0714496
-3.01563 0.1462
-2.99079 0.201716
-2.99079 0.133031
-2.99079 0.0825088
-2.98357 0.112977
-2.98357 0.164075
-2.98357 0.125435
-2.96689 0.159602
-2.96689 0.109068
-2.96689 0.180538
-2.96055 0.0690198
-2.96055 0.0946844
-2.96055 0.185723
-2.96055 0.036833
-2.96055 0.137108
-2.96055 0.206646
-2.93337 0.108786
-2.93337 0.11545
-2.93337 0.118289
-2.92057 0.224
-2.92057 0.121426
-2.92057 0.116105
-2.91367 0.154365
-2.91367 0.049241
-2.91367 0.0835753
-2.91367 0.257321
-2.91367 0.0542996
-2.91367 0.0485143
-2.88556 0.0875567
-2.88556 0.210817
-2.88556 0.101894
-2.88139 0.148956
-2.88139 0.0622838
-2.88139 0.0940924
-2.86266 0.0603672
-2.86266 0.123044
-2.86266 0.109668
-2.85963 0.0349173
-2.85963 0.174919
-2.85963 0.137741
-2.83488 0.0484352
-2.83488 0.101214
-2.83488 0.186223
-2.80808 0.188728
-2.80808 0.0894537
-2.80808 0.0610238
-2.80808 0.194463
-2.80808 0.0273506
-2.80808 0.0675815
-2.80808 0.161859
-2.80808 0.10679
-2.80808 0.0800884
-2.78718 0.12667
-2.78718 0.0350394
-2.78718 0.0596657
-2.78718 0.0225307
-2.78718 0.120884
-2.78718 0.14902
-2.7743 0.019511
-2.7743 0.164328
-2.7743 0.146407
-2.76651 0.169177
-2.76651 0.0514305
-2.76651 0.0221821
-2.75852 0.118556
-2.75852 0.0299843
-2.75852 0.0512055
-2.7292 0.125494
-2.7292 0.0107235
-2.7292 0.0724204
-2.72643 -0.0124501
-2.72643 0.114288
-2.72643 0.0989611
-2.72643 0.0325922
-2.72643 0.0949084
-2.72643 0.177114
-2.6995 0.0885606
-2.6995 0.150087
-2.6995 0.0479689
-2.6974 0.115202
-2.6974 0.0325907
-2.6974 0.0228788
-2.68223 0.0737276
-2.68223 0.0213559
-2.68223 0.0393641
-2.6646 0.212432
-2.6646 0.0349183
-2.6646 0.0232237
-2.65413 0.00426459
-2.65413 0.0492542
-2.65413 0.0862831
-2.63594 0.112397
-2.63594 0.0430318
-2.63594 0.0608894
-2.6292 0.125302
-2.6292 0.050642
-2.6292 0.0420862
-2.61392 0.0669908
-2.61392 0.032208
-2.61392 -0.00979085
-2.61392 -0.0395038
-2.61392 0.108092
-2.61392 0.135619
-2.59222 0.0043696
-2.59222 0.075025
-2.59222 0.0452779
-2.5843 0.102889
-2.5843 0.0215681
-2.5843 0.00300835
-2.5843 0.177946
-2.5843 -0.0295549
-2.5843 -0.0276218
-2.56577 -0.0328098
-2.56577 0.107817
-2.56577 0.0743628
-2.55693 -0.0541194
-2.55693 0.0992572
-2.55693 0.054603
-2.53989 0.00121731
-2.53989 0.0924902
-2.53989 0.0697862
-2.53502 -0.0394903
-2.53502 0.064883
-2.53502 0.0715445
-2.53017 0.072648
-2.53017 0.00656276
-2.53017 -0.0423627
-2.50345 -0.00120994
-2.50345 0.0714037
-2.50345 -0.00955468
-2.50345 -0.0151027
-2.50345 0.0253944
-2.50345 0.0659987
-2.48763 0.0461527
-2.48763 -0.0292943
-2.48763 0.0772659
-2.47429 0.0751257
-2.47429 0.0136939
-2.47429 0.00411248
-2.46332 -0.0188062
-2.46332 0.0181705
-2.46332 0.0132299
-2.44335 0.102861
-2.44335 -0.00319451
-2.44335 -0.00109627
-2.44335 -0.0625763
-2.44335 0.0331903
-2.44335 0.035649
-2.42728 0.0646323
-2.42728 -0.037242
-2.42728 -0.0244859
-2.41545 0.018455
-2.41545 -0.00562992
-2.41545 -0.0189664
-2.40884 -0.0273085
-2.40884 0.022501
-2.40884 0.0504269
-2.39483 0.0528323
-2.39483 -0.0169883
-2.39483 0.00172685
-2.39483 -0.0613072
-2.39483 0.0341737
-2.39483 0.00721748
-2.36532 0.153534
-2.36532 0.025635
-2.36532 -0.111601
-2.36532 0.101801
-2.36532 -0.0650355
-2.36532 0.00455457
-2.36019 -0.0345407
-2.36019 -0.0411044
-2.36019 -0.0111115
-2.3286 -0.130544
-2.3286 0.0583327
-2.3286 0.0376619
-2.3286 0.0217245
-2.3286 -0.0146891
-2.3286 -0.0936847
-2.31344 -0.100305
-2.31344 0.0205747
-2.31344 0.0647004
-2.31344 -0.0595674
-2.31344 0.0145755
-2.31344 0.03358
-2.29394 -0.0718331
-2.29394 0.0185663
-2.29394 -0.0263643
-2.28296 0.0976202
-2.28296 -0.0852684
-2.28296 -0.112625
-2.2689 -0.0811945
-2.2689 0.00523941
-2.2689 0.0257252
-2.26291 -0.14479
-2.26291 0.0984636
-2.26291 0.00851702
-2.25867 0.0359317
-2.25867 -0.0652536
-2.25867 -0.0847457
-2.22261 -0.0125891
-2.22261 -0.0724302
-2.22261 -0.0759284
-2.22261 -0.160565
-2.22261 -0.00502065
-2.22261 0.00717767
-2.22197 -0.0957163
-2.22197 0.0155817
-2.22197 0.027711
-2.21099 0.101411
-2.21099 -0.107498
-2.21099 -0.0833953
-2.21099 -0.102685
-2.21099 0.0238821
-2.21099 -0.102563
-2.18192 -0.10881
-2.18192 0.0047855
-2.18192 0.00109438
-2.17754 -0.168878
-2.17754 -0.0218698
-2.17754 0.0471851
-2.16773 -0.137947
-2.16773 -0.0383949
-2.16773 -0.00430444
-2.1591 -0.053733
-2.1591 -0.0152877
-2.1591 -0.043902
-2.1591 -0.190866
-2.1591 0.0538544
-2.1591 -0.0240543
-2.13059 -0.13704
-2.13059 -0.020125
-2.13059 -0.0141807
-2.12473 0.0351028
-2.12473 -0.0816651
-2.12473 -0.114486
-2.11429 -0.0893691
-2.11429 0.0447988
-2.11429 -0.179549
-2.10646 -0.137434
-2.10646 -0.0308586
-2.10646 -0.0224564
-2.08457 -0.112523
-2.08457 -0.0501897
-2.08457 -0.0586118
-2.07645 -0.0174312
-2.07645 -0.07522
-2.07645 -0.11265
-2.06621 0.0534193
-2.06621 -0.0845383
-2.06621 -0.137875
-2.04789 -0.271608
-2.04789 -0.000198462
-2.04789 -0.00113489
-2.0466 0.00713552
-2.0466 -0.09982
-2.0466 -0.0875606
-2.03082 -0.0568815
-2.03082 -0.166138
-2.03082 -0.00524324
-2.03082 -0.20961
-2.03082 0.0273842
-2.03082 -0.0301678
-2.01095 -0.345993
-2.01095 0.0136657
-2.01095 0.0110771
-2.00757 0.0505011
-2.00757 -0.161185
-2.00757 -0.121154
-1.98028 0.0606745
-1.98028 -0.237428
-1.98028 -0.0857968
-1.97767 -0.00039027
-1.97767 -0.164873
-1.97767 -0.11231
-1.97767 -0.29488
-1.97767 0.0183706
-1.97767 -0.040586
-1.96413 0.0693061
-1.96413 -0.217256
-1.96413 -0.0810223
-1.95533 0.18139
-1.95533 -0.314613
-1.95533 -0.127162
-1.9364 -0.00681282
-1.9364 -0.174643
-1.9364 -0.157623
-1.9364 -0.315108
-1.9364 -0.0152836
-1.9364 0.00338432
-1.9323 0.0160731
-1.9323 -0.124386
-1.9323 -0.180201
-1.90147 -0.437446
-1.90147 0.0181961
-1.90147 0.0151643
-1.90147 -0.112147
-1.90147 -0.185332
-1.90147 -0.000294752
-1.87652 -0.120243
-1.87652 0.014496
-1.87652 -0.217366
-1.87047 -0.128037
-1.87047 -0.019041
-1.87047 -0.270321
-1.86662 0.0717018
-1.86662 -0.186796
-1.86662 -0.207394
-1.86662 -0.214465
-1.86662 -0.0263955
-1.86662 -0.0616292
-1.83561 0.0675593
-1.83561 -0.227531
-1.83561 -0.157875
-1.83561 -0.323045
-1.83561 -0.0710598
-1.83561 0.0336743
-1.83515 -0.385129
-1.83515 -0.0282593
-1.83515 -0.0258847
-1.81186 -0.114704
-1.81186 0.0013425
-1.81186 -0.225539
-1.81186 -0.328124
-1.81186 0.0125192
-1.81186 -0.0298166
-1.79442 -0.527545
-1.79442 0.00134728
-1.79442 0.014434
-1.77772 -0.206845
-1.77772 -0.0728797
-1.77772 -0.0341703
-1.77772 0.0414112
-1.77772 -0.201497
-1.77772 -0.174568
-1.76242 -0.546631
-1.76242 0.00537023
-1.76242 -0.0169961
-1.75269 -0.375843
-1.75269 -0.00807562
-1.75269 0.00122808
-1.74141 -0.311052
-1.74141 -0.0413419
-1.74141 0.028774
-1.72984 -0.524199
-1.72984 -0.0148688
-1.72984 -0.0153778
-1.71564 -0.431733
-1.71564 -0.0116413
-1.71564 -0.0428217
-1.7136 -0.125768
-1.7136 -0.221385
-1.7136 -0.0504178
-1.70126 -0.206197
-1.70126 -0.0964357
-1.70126 -0.048774
-1.67958 -0.0316209
-1.67958 -0.215695
-1.67958 -0.225556
-1.67958 -0.598535
-1.67958 0.0138231
-1.67958 -0.0124958
-1.65997 -0.323696
-1.65997 0.052186
-1.65997 -0.124832
-1.64978 -0.419705
-1.64978 -0.0555619
-1.64978 -0.0840844
-1.64978 -0.507983
-1.64978 -0.0209206
-1.64978 -0.0602741
-1.64613 -0.424948
-1.64613 -0.0359377
-1.64613 -0.0256788
-1.63712 -0.139123
-1.63712 -0.084429
-1.63712 -0.1713
-1.62259 -0.604983
-1.62259 -0.0340059
-1.62259 -0.0188102
-1.60068 -0.4878
-1.60068 -0.0619766
-1.60068 0.0284685
-1.59248 -0.180844
-1.59248 0.0139908
-1.59248 -0.34861
-1.57979 -0.00124364
-1.57979 -0.206653
-1.57979 -0.2418
-1.57979 -0.0170805
-1.57979 -0.209864
-1.57979 -0.211409
-1.57979 -0.186937
-1.57979 -0.137321
-1.57979 -0.102963
-1.56316 -0.00517614
-1.56316 -0.687467
-1.56316 -0.00112522
-1.53513 -0.330383
-1.53513 -0.182914
-1.53513 -0.0389381
-1.53513 -0.742366
-1.53513 -0.0108805
-1.53513 -0.0151708
-1.5261 -0.474346
-1.5261 -0.0559554
-1.5261 -0.0403448
-1.52467 -0.0507711
-1.52467 -0.205891
-1.52467 -0.213876
-1.51173 -0.688971
-1.51173 -0.0493824
-1.51173 -0.0190753
-1.51096 -0.339787
-1.51096 -0.0788339
-1.51096 -0.0766302
-1.48808 -0.560373
-1.48808 0.0432349
-1.48808 -0.0758131
-1.47811 0.0596114
-1.47811 -0.423503
-1.47811 -0.206722
-1.46306 -0.440833
-1.46306 0.0206683
-1.46306 -0.134409
-1.44975 -0.242437
-1.44975 -0.10156
-1.44975 -0.156598
-1.44381 -0.724103
-1.44381 -0.0187557
-1.44381 -0.0215786
-1.44381 -0.0121754
-1.44381 -0.294415
-1.44381 -0.293758
-1.41591 -0.839945
-1.41591 -0.0151858
-1.41591 -0.0126408
-1.40578 0.00785683
-1.40578 -0.377735
-1.40578 -0.247856
-1.40578 -0.481849
-1.40578 -0.0559097
-1.40578 -0.084916
-1.39766 -0.0161598
-1.39766 -0.885917
-1.39766 -0.015466
-1.39352 -0.055864
-1.39352 -0.195938
-1.39352 -0.286196
-1.39352 -0.346525
-1.39352 -0.121032
-1.39352 -0.0651508
-1.36157 -0.630373
-1.36157 -0.0688336
-1.36157 0.021087
-1.36157 -0.553508
-1.36157 -0.12886
-1.36157 0.00307145
-1.35127 -0.575733
-1.35127 -0.0367252
-1.35127 -0.0205868
-1.32222 -0.291621
-1.32222 -0.161407
-1.32222 -0.175406
-1.32222 -0.812362
-1.32222 -0.0190788
-1.32222 -0.020804
-1.32222 -0.290346
-1.32222 -0.239842
-1.32222 -0.136719
-1.29298 -0.407037
-1.29298 -0.172584
-1.29298 -0.145696
-1.29298 -0.859674
-1.29298 -0.028787
-1.29298 -0.029821
-1.28586 -0.710756
-1.28586 -0.0111251
-1.28586 -0.0273255
-1.28586 -0.256481
-1.28586 -0.0776316
-1.28586 -0.31913
-1.25133 -0.11569
-1.25133 -0.284663
-1.25133 -0.219678
-1.23892 -0.691071
-1.23892 -0.0111212
-1.23892 -0.0647907
-1.23526 -0.601846
-1.23526 0.00739447
-1.23526 -0.0991471
-1.22159 -0.0298638
-1.22159 -0.645708
-1.22159 -0.0417852
-1.19832 -0.310444
-1.19832 -0.0406923
-1.19832 -0.397337
-1.19832 -0.312524
-1.19832 -0.17431
-1.19832 -0.215536
-1.19832 -0.876573
-1.19832 -0.0271808
-1.19832 -0.0273577
-1.18909 -0.264473
-1.18909 -0.177719
-1.18909 -0.216617
-1.16274 -0.285143
-1.16274 -0.0815102
-1.16274 -0.385113
-1.16274 -0.775547
-1.16274 -0.0309457
-1.16274 -0.027383
-1.16003 -0.439008
-1.16003 -0.0670345
-1.16003 -0.182526
-1.11767 -0.435257
-1.11767 -0.111343
-1.11767 -0.158266
-1.11319 -0.670189
-1.11319 -0.113648
-1.11319 -0.0586258
-1.1127 -0.231572
-1.1127 -0.0512487
-1.1127 -0.48631
-1.10052 -0.72058
-1.10052 -0.0412753
-1.10052 -0.040669
-1.07548 -0.262096
-1.07548 -0.215053
-1.07548 -0.22615
-1.04188 -0.456744
-1.04188 -0.112218
-1.04188 -0.191222
-1.04188 -0.272803
-1.04188 -0.243122
-1.04188 -0.243913
-1.03767 -0.778069
-1.03767 -0.0268339
-1.03767 -0.103519
-1.03767 -0.0771471
-1.03767 -0.352339
-1.03767 -0.419711
-0.992952 -0.572187
-0.992952 -0.0574995
-0.992952 -0.159379
-0.992952 -0.499765
-0.992952 -0.0945186
-0.992952 -0.18439
-0.971673 -0.305879
-0.971673 -0.242848
-0.971673 -0.257116
-0.971673 -0.802557
-0.971673 -0.0542427
-0.971673 -0.0406715
-0.971673 -0.271644
-0.971673 -0.54277
-0.971673 -0.0143697
-0.94894 -0.33554
-0.94894 -0.203474
-0.94894 -0.242257
-0.91324 -0.432278
-0.91324 -0.18956
-0.91324 -0.228867
-0.91324 -0.720518
-0.91324 -0.0519408
-0.91324 -0.112997
-0.908417 -0.231554
-0.908417 -0.309464
-0.908417 -0.283639
-0.866839 -0.738277
-0.866839 -0.098095
-0.866839 -0.0465915
-0.854446 -0.320898
-0.854446 -0.237012
-0.854446 -0.27454
-0.834729 -0.702892
-0.834729 0.0515005
-0.834729 -0.217144
-0.834729 -0.379974
-0.834729 -0.203292
-0.834729 -0.27653
-0.783354 -0.657322
-0.783354 -0.101183
-0.783354 -0.126141
-0.781339 -0.317266
-0.781339 -0.277038
-0.781339 -0.296621
-0.781339 -0.0120816
-0.781339 -0.589818
-0.781339 -0.307229
-0.720439 -0.282993
-0.720439 -0.327928
-0.720439 -0.31224
-0.68192 -0.135061
-0.68192 -0.505579
-0.68192 -0.323618
-0.68192 -0.272047
-0.68192 -0.373465
-0.68192 -0.328488
