  -5.1026752e+00  -5.1026752e+00   0.0000000e+00   7.2193105e-17  -7.2193105e-17   0.0000000e+00   0.0000000e+00   7.2193105e-17  -7.2193105e-17   3.0000000e+00
  -4.8925018e+00  -4.8925018e+00   0.0000000e+00   5.5433699e-16  -5.5433699e-16   0.0000000e+00   0.0000000e+00   5.5433699e-16  -5.5433699e-16   3.0000000e+00
  -4.8418068e+00  -4.8418068e+00   0.0000000e+00  -2.9735591e-16   2.9735591e-16   0.0000000e+00   0.0000000e+00  -2.9735591e-16   2.9735591e-16   3.0000000e+00
  -4.6931076e+00  -4.6931076e+00   0.0000000e+00   1.7128421e-13  -1.7128421e-13   0.0000000e+00   0.0000000e+00   1.7128421e-13  -1.7128421e-13   3.0000000e+00
  -4.6456975e+00  -4.6456975e+00   0.0000000e+00  -2.9383203e-13   2.9383203e-13   0.0000000e+00   0.0000000e+00  -2.9383203e-13   2.9383203e-13   3.0000000e+00
  -4.5912032e+00  -4.5912032e+00   0.0000000e+00   1.4116537e-13  -1.4116537e-13   0.0000000e+00   0.0000000e+00   1.4116537e-13  -1.4116537e-13   3.0000000e+00
  -4.5048269e+00  -4.5048269e+00   0.0000000e+00   4.5779135e-11  -4.5779135e-11   0.0000000e+00   0.0000000e+00   4.5779135e-11  -4.5779135e-11   3.0000000e+00
  -4.4610101e+00  -4.4610101e+00   0.0000000e+00  -1.0872838e-10   1.0872838e-10   0.0000000e+00   0.0000000e+00  -1.0872838e-10   1.0872838e-10   3.0000000e+00
  -4.4092778e+00  -4.4092778e+00   0.0000000e+00   9.8104693e-11  -9.8104693e-11   0.0000000e+00   0.0000000e+00   9.8104693e-11  -9.8104693e-11   3.0000000e+00
  -4.3511083e+00  -4.3511083e+00   0.0000000e+00  -3.6132766e-11   3.6132766e-11   0.0000000e+00   0.0000000e+00  -3.6132766e-11   3.6132766e-11   3.0000000e+00
  -4.3281239e+00  -4.3281239e+00   0.0000000e+00   7.3577907e-09  -7.3577907e-09   0.0000000e+00   0.0000000e+00   7.3577907e-09  -7.3577907e-09   3.0000000e+00
  -4.2883143e+00  -4.2883144e+00   0.0000000e+00  -2.1072187e-08   2.1072187e-08   0.0000000e+00   0.0000000e+00  -2.1072187e-08   2.1072187e-08   3.0000000e+00
  -4.2394942e+00  -4.2394942e+00   0.0000000e+00   2.6644421e-08  -2.6644421e-08   0.0000000e+00   0.0000000e+00   2.6644421e-08  -2.6644421e-08   3.0000000e+00
  -4.1836876e+00  -4.1836876e+00   0.0000000e+00  -1.9496169e-08   1.9496169e-08   0.0000000e+00   0.0000000e+00  -1.9496169e-08   1.9496169e-08   3.0000000e+00
  -4.1636803e+00  -4.1636802e+00   0.0000000e+00   7.3136382e-07  -7.3136382e-07   0.0000000e+00   0.0000000e+00   7.3136382e-07  -7.3136382e-07   3.0000000e+00
  -4.1284630e+00  -4.1284634e+00   0.0000000e+00  -2.3040999e-06   2.3040999e-06   0.0000000e+00   0.0000000e+00  -2.3040999e-06   2.3040999e-06   3.0000000e+00
  -4.1218468e+00  -4.1218468e+00   0.0000000e+00   6.3207036e-09  -6.3207036e-09   0.0000000e+00   0.0000000e+00   6.3207036e-09  -6.3207036e-09   3.0000000e+00
  -4.0827341e+00  -4.0827335e+00   0.0000000e+00   3.5938129e-06  -3.5938129e-06   0.0000000e+00   0.0000000e+00   3.5938129e-06  -3.5938129e-06   3.0000000e+00
  -4.0294084e+00  -4.0294090e+00   0.0000000e+00  -4.0503435e-06   4.0503435e-06   0.0000000e+00   0.0000000e+00  -4.0503435e-06   4.0503435e-06   3.0000000e+00
  -4.0125961e+00  -4.0125861e+00   0.0000000e+00   4.4377216e-05  -4.4377216e-05   0.0000000e+00   0.0000000e+00   4.4377216e-05  -4.4377216e-05   3.0000000e+00
  -3.9828397e+00  -3.9828695e+00   0.0000000e+00  -1.4016744e-04   1.4016744e-04   0.0000000e+00   0.0000000e+00  -1.4016744e-04   1.4016744e-04   3.0000000e+00
  -3.9695676e+00  -3.9695671e+00   0.0000000e+00   3.0696174e-06  -3.0696174e-06   0.0000000e+00   0.0000000e+00   3.0696174e-06  -3.0696174e-06   3.0000000e+00
  -3.9404657e+00  -3.9404165e+00   0.0000000e+00   2.4879327e-04  -2.4879327e-04   0.0000000e+00   0.0000000e+00   2.4879327e-04  -2.4879327e-04   3.0000000e+00
  -3.9039249e+00  -3.9039254e+00   0.0000000e+00  -3.1682690e-06   3.1682690e-06   0.0000000e+00   0.0000000e+00  -3.1682690e-06   3.1682690e-06   3.0000000e+00
  -3.8898248e+00  -3.8899014e+00   0.0000000e+00  -4.1927759e-04   4.1927759e-04   0.0000000e+00   0.0000000e+00  -4.1927759e-04   4.1927759e-04   3.0000000e+00
  -3.8772701e+00  -3.8768068e+00   0.0000000e+00   1.5719719e-03  -1.5719719e-03   0.0000000e+00   0.0000000e+00   1.5719719e-03  -1.5719719e-03   3.0000000e+00
  -3.8534819e+00  -3.8546911e+00   0.0000000e+00  -4.0635027e-03   4.0635027e-03   0.0000000e+00   0.0000000e+00  -4.0635027e-03   4.0635027e-03   3.0000000e+00
  -3.8325759e+00  -3.8324142e+00   0.0000000e+00   6.5059452e-04  -6.5059452e-04   0.0000000e+00   0.0000000e+00   6.5059452e-04  -6.5059452e-04   3.0000000e+00
  -3.8166973e+00  -3.8147611e+00   0.0000000e+00   7.4695968e-03  -7.4695968e-03   0.0000000e+00   0.0000000e+00   7.4695968e-03  -7.4695968e-03   3.0000000e+00
  -3.7704187e+00  -3.7744998e+00   0.0000000e+00  -1.4545716e-02   1.4545716e-02   0.0000000e+00   0.0000000e+00  -1.4545716e-02   1.4545716e-02   3.0000000e+00
  -3.7686802e+00  -3.7670722e+00   0.0000000e+00  -3.5817327e-04   3.5817327e-04   0.0000000e+00   0.0000000e+00  -3.5817327e-04   3.5817327e-04   3.0000000e+00
  -3.7648123e+00  -3.7604782e+00   0.0000000e+00   1.8679396e-02  -1.8679396e-02   0.0000000e+00   0.0000000e+00   1.8679396e-02  -1.8679396e-02   3.0000000e+00
  -3.7383395e+00  -3.7493653e+00   0.0000000e+00  -2.1583444e-02   2.1583444e-02   0.0000000e+00   0.0000000e+00  -2.1583444e-02   2.1583444e-02   3.0000000e+00
  -3.7085091e+00  -3.7165064e+00   0.0000000e+00   2.6043906e-02  -2.6043906e-02   0.0000000e+00   0.0000000e+00   2.6043906e-02  -2.6043906e-02   3.0000000e+00
  -3.7085091e+00  -3.7041602e+00   0.0000000e+00   1.7613459e-02  -1.7613459e-02   0.0000000e+00   0.0000000e+00   1.7613459e-02  -1.7613459e-02   3.0000000e+00
  -3.6975564e+00  -3.6975151e+00   0.0000000e+00   1.6296974e-04  -1.6296974e-04   0.0000000e+00   0.0000000e+00   1.6296974e-04  -1.6296974e-04   3.0000000e+00
  -3.6783084e+00  -3.6829432e+00   0.0000000e+00  -4.2582150e-02   4.2582150e-02   0.0000000e+00   0.0000000e+00  -4.2582150e-02   4.2582150e-02   3.0000000e+00
  -3.6610195e+00  -3.6663403e+00   0.0000000e+00  -3.8395604e-03   3.8395604e-03   0.0000000e+00   0.0000000e+00  -3.8395604e-03   3.8395604e-03   3.0000000e+00
  -3.6459648e+00  -3.6469742e+00   0.0000000e+00   9.4903076e-04  -9.4903076e-04   0.0000000e+00   0.0000000e+00   9.4903076e-04  -9.4903076e-04   3.0000000e+00
  -3.6441176e+00  -3.6396261e+00   0.0000000e+00  -8.2737888e-03   8.2737888e-03   0.0000000e+00   0.0000000e+00  -8.2737888e-03   8.2737888e-03   3.0000000e+00
  -3.6141208e+00  -3.6183546e+00   0.0000000e+00   6.4825152e-02  -6.4825152e-02   0.0000000e+00   0.0000000e+00   6.4825152e-02  -6.4825152e-02   3.0000000e+00
  -3.6141208e+00  -3.6001844e+00   0.0000000e+00  -3.6374369e-03   3.6374369e-03   0.0000000e+00   0.0000000e+00  -3.6374369e-03   3.6374369e-03   3.0000000e+00
  -3.5852653e+00  -3.5842087e+00   0.0000000e+00  -4.2808547e-02   4.2808547e-02   0.0000000e+00   0.0000000e+00  -4.2808547e-02   4.2808547e-02   3.0000000e+00
  -3.5789518e+00  -3.5787711e+00   0.0000000e+00   3.4436188e-04  -3.4436188e-04   0.0000000e+00   0.0000000e+00   3.4436188e-04  -3.4436188e-04   3.0000000e+00
  -3.5535351e+00  -3.5646485e+00   0.0000000e+00  -1.5594880e-03   1.5594880e-03   0.0000000e+00   0.0000000e+00  -1.5594880e-03   1.5594880e-03   3.0000000e+00
  -3.5534688e+00  -3.5533457e+00   0.0000000e+00  -3.1410144e-02   3.1410144e-02   0.0000000e+00   0.0000000e+00  -3.1410144e-02   3.1410144e-02   3.0000000e+00
  -3.5331822e+00  -3.5244078e+00   0.0000000e+00   1.9152449e-02  -1.9152449e-02   0.0000000e+00   0.0000000e+00   1.9152449e-02  -1.9152449e-02   3.0000000e+00
  -3.5047436e+00  -3.5176573e+00   0.0000000e+00   7.0316994e-02  -7.0316994e-02   0.0000000e+00   0.0000000e+00   7.0316994e-02  -7.0316994e-02   3.0000000e+00
  -3.5047436e+00  -3.5047633e+00   0.0000000e+00  -1.1679199e-04   1.1679199e-04   0.0000000e+00   0.0000000e+00  -1.1679199e-04   1.1679199e-04   3.0000000e+00
  -3.4962104e+00  -3.4957659e+00   0.0000000e+00   6.0209898e-03  -6.0209898e-03   0.0000000e+00   0.0000000e+00   6.0209898e-03  -6.0209898e-03   3.0000000e+00
  -3.4891961e+00  -3.4834672e+00   0.0000000e+00  -2.0510670e-02   2.0510670e-02   0.0000000e+00   0.0000000e+00  -2.0510670e-02   2.0510670e-02   3.0000000e+00
  -3.4891961e+00  -3.4800771e+00   0.0000000e+00  -5.3211544e-02   5.3211544e-02   0.0000000e+00   0.0000000e+00  -5.3211544e-02   5.3211544e-02   3.0000000e+00
  -3.4700183e+00  -3.4614109e+00   0.0000000e+00  -1.3087633e-02   1.3087633e-02   0.0000000e+00   0.0000000e+00  -1.3087633e-02   1.3087633e-02   3.0000000e+00
  -3.4366183e+00  -3.4342316e+00   0.0000000e+00  -1.0134389e-02   1.0134389e-02   0.0000000e+00   0.0000000e+00  -1.0134389e-02   1.0134389e-02   3.0000000e+00
  -3.4074790e+00  -3.4148383e+00   0.0000000e+00   6.9470826e-03  -6.9470826e-03   0.0000000e+00   0.0000000e+00   6.9470826e-03  -6.9470826e-03   3.0000000e+00
  -3.4074790e+00  -3.4099778e+00   0.0000000e+00   3.8356007e-02  -3.8356007e-02   0.0000000e+00   0.0000000e+00   3.8356007e-02  -3.8356007e-02   3.0000000e+00
  -3.4007437e+00  -3.4035986e+00   0.0000000e+00   7.7920234e-02  -7.7920234e-02   0.0000000e+00   0.0000000e+00   7.7920234e-02  -7.7920234e-02   3.0000000e+00
  -3.4007437e+00  -3.3885781e+00   0.0000000e+00   1.6204767e-02  -1.6204767e-02   0.0000000e+00   0.0000000e+00   1.6204767e-02  -1.6204767e-02   3.0000000e+00
  -3.3594221e+00  -3.3784375e+00   0.0000000e+00  -4.0078726e-02   4.0078726e-02   0.0000000e+00   0.0000000e+00  -4.0078726e-02   4.0078726e-02   3.0000000e+00
  -3.3594221e+00  -3.3610469e+00   0.0000000e+00  -7.0241470e-02   7.0241470e-02   0.0000000e+00   0.0000000e+00  -7.0241470e-02   7.0241470e-02   3.0000000e+00
  -3.3545683e+00  -3.3530383e+00   0.0000000e+00  -4.8478506e-02   4.8478506e-02   0.0000000e+00   0.0000000e+00  -4.8478506e-02   4.8478506e-02   3.0000000e+00
  -3.3283713e+00  -3.3278311e+00   0.0000000e+00   9.8037182e-03  -9.8037182e-03   0.0000000e+00   0.0000000e+00   9.8037182e-03  -9.8037182e-03   3.0000000e+00
  -3.3262500e+00  -3.3252471e+00   0.0000000e+00   1.4065021e-02  -1.4065021e-02   0.0000000e+00   0.0000000e+00   1.4065021e-02  -1.4065021e-02   3.0000000e+00
  -3.3149758e+00  -3.3066403e+00   0.0000000e+00   9.8931586e-03  -9.8931586e-03   0.0000000e+00   0.0000000e+00   9.8931586e-03  -9.8931586e-03   3.0000000e+00
  -3.2916925e+00  -3.2982120e+00   0.0000000e+00   2.5171158e-02  -2.5171158e-02   0.0000000e+00   0.0000000e+00   2.5171158e-02  -2.5171158e-02   3.0000000e+00
  -3.2877264e+00  -3.2798618e+00   0.0000000e+00   2.5729915e-04  -2.5729915e-04   0.0000000e+00   0.0000000e+00   2.5729915e-04  -2.5729915e-04   3.0000000e+00
  -3.2595015e+00  -3.2716063e+00   0.0000000e+00   3.4571061e-02  -3.4571061e-02   0.0000000e+00   0.0000000e+00   3.4571061e-02  -3.4571061e-02   3.0000000e+00
  -3.2595015e+00  -3.2560587e+00   0.0000000e+00  -1.9053561e-02   1.9053561e-02   0.0000000e+00   0.0000000e+00  -1.9053561e-02   1.9053561e-02   3.0000000e+00
  -3.2595015e+00  -3.2505323e+00   0.0000000e+00   1.2722294e-02  -1.2722294e-02   0.0000000e+00   0.0000000e+00   1.2722294e-02  -1.2722294e-02   3.0000000e+00
  -3.2368122e+00  -3.2420716e+00   0.0000000e+00  -1.3710172e-02   1.3710172e-02   0.0000000e+00   0.0000000e+00  -1.3710172e-02   1.3710172e-02   3.0000000e+00
  -3.2175184e+00  -3.2157329e+00   0.0000000e+00  -2.4909697e-02   2.4909697e-02   0.0000000e+00   0.0000000e+00  -2.4909697e-02   2.4909697e-02   3.0000000e+00
  -3.2106827e+00  -3.2059844e+00   0.0000000e+00   2.3376988e-02  -2.3376988e-02   0.0000000e+00   0.0000000e+00   2.3376988e-02  -2.3376988e-02   3.0000000e+00
  -3.1952895e+00  -3.1880761e+00   0.0000000e+00   7.8895412e-02  -7.8895412e-02   0.0000000e+00   0.0000000e+00   7.8895412e-02  -7.8895412e-02   3.0000000e+00
  -3.1697578e+00  -3.1782087e+00   0.0000000e+00  -3.7299124e-02   3.7299124e-02   0.0000000e+00   0.0000000e+00  -3.7299124e-02   3.7299124e-02   3.0000000e+00
  -3.1667313e+00  -3.1657489e+00   0.0000000e+00   1.9024578e-02  -1.9024578e-02   0.0000000e+00   0.0000000e+00   1.9024578e-02  -1.9024578e-02   3.0000000e+00
  -3.1667313e+00  -3.1631516e+00   0.0000000e+00  -1.2982282e-02   1.2982282e-02   0.0000000e+00   0.0000000e+00  -1.2982282e-02   1.2982282e-02   3.0000000e+00
  -3.1464803e+00  -3.1439566e+00   0.0000000e+00  -8.3062009e-02   8.3062009e-02   0.0000000e+00   0.0000000e+00  -8.3062009e-02   8.3062009e-02   3.0000000e+00
  -3.1383470e+00  -3.1391886e+00   0.0000000e+00  -8.3193126e-02   8.3193126e-02   0.0000000e+00   0.0000000e+00  -8.3193126e-02   8.3193126e-02   3.0000000e+00
  -3.1201505e+00  -3.1229162e+00   0.0000000e+00  -2.9947532e-02   2.9947532e-02   0.0000000e+00   0.0000000e+00  -2.9947532e-02   2.9947532e-02   3.0000000e+00
  -3.1201505e+00  -3.1130647e+00   0.0000000e+00   6.8906677e-02  -6.8906677e-02   0.0000000e+00   0.0000000e+00   6.8906677e-02  -6.8906677e-02   3.0000000e+00
  -3.0883166e+00  -3.0873401e+00   0.0000000e+00  -3.6987647e-02   3.6987647e-02   0.0000000e+00   0.0000000e+00  -3.6987647e-02   3.6987647e-02   3.0000000e+00
  -3.0812515e+00  -3.0812019e+00   0.0000000e+00   7.3527955e-02  -7.3527955e-02   0.0000000e+00   0.0000000e+00   7.3527955e-02  -7.3527955e-02   3.0000000e+00
  -3.0812515e+00  -3.0746422e+00   0.0000000e+00   3.3807165e-02  -3.3807165e-02   0.0000000e+00   0.0000000e+00   3.3807165e-02  -3.3807165e-02   3.0000000e+00
  -3.0508937e+00  -3.0516056e+00   0.0000000e+00   8.0568520e-02  -8.0568520e-02   0.0000000e+00   0.0000000e+00   8.0568520e-02  -8.0568520e-02   3.0000000e+00
  -3.0508937e+00  -3.0457607e+00   0.0000000e+00   4.3528584e-02  -4.3528584e-02   0.0000000e+00   0.0000000e+00   4.3528584e-02  -4.3528584e-02   3.0000000e+00
  -3.0328398e+00  -3.0327411e+00   0.0000000e+00  -1.2437966e-02   1.2437966e-02   0.0000000e+00   0.0000000e+00  -1.2437966e-02   1.2437966e-02   3.0000000e+00
  -3.0181550e+00  -3.0237711e+00   0.0000000e+00   3.6882674e-03  -3.6882674e-03   0.0000000e+00   0.0000000e+00   3.6882674e-03  -3.6882674e-03   3.0000000e+00
  -3.0156252e+00  -3.0144800e+00   0.0000000e+00  -8.3802476e-02   8.3802476e-02   0.0000000e+00   0.0000000e+00  -8.3802476e-02   8.3802476e-02   3.0000000e+00
  -2.9907894e+00  -2.9941611e+00   0.0000000e+00  -3.6470101e-02   3.6470101e-02   0.0000000e+00   0.0000000e+00  -3.6470101e-02   3.6470101e-02   3.0000000e+00
  -2.9835695e+00  -2.9840972e+00   0.0000000e+00   2.6441620e-02  -2.6441620e-02   0.0000000e+00   0.0000000e+00   2.6441620e-02  -2.6441620e-02   3.0000000e+00
  -2.9668855e+00  -2.9648419e+00   0.0000000e+00   3.7318288e-02  -3.7318288e-02   0.0000000e+00   0.0000000e+00   3.7318288e-02  -3.7318288e-02   3.0000000e+00
  -2.9605519e+00  -2.9634923e+00   0.0000000e+00  -5.2785643e-02   5.2785643e-02   0.0000000e+00   0.0000000e+00  -5.2785643e-02   5.2785643e-02   3.0000000e+00
  -2.9605519e+00  -2.9525128e+00   0.0000000e+00  -2.6397814e-02   2.6397814e-02   0.0000000e+00   0.0000000e+00  -2.6397814e-02   2.6397814e-02   3.0000000e+00
  -2.9333697e+00  -2.9395234e+00   0.0000000e+00   1.5024740e-02  -1.5024740e-02   0.0000000e+00   0.0000000e+00   1.5024740e-02  -1.5024740e-02   3.0000000e+00
  -2.9205737e+00  -2.9256019e+00   0.0000000e+00  -1.0265069e-01   1.0265069e-01   0.0000000e+00   0.0000000e+00  -1.0265069e-01   1.0265069e-01   3.0000000e+00
  -2.9136673e+00  -2.9160368e+00   0.0000000e+00   4.0157221e-02  -4.0157221e-02   0.0000000e+00   0.0000000e+00   4.0157221e-02  -4.0157221e-02   3.0000000e+00
  -2.9136673e+00  -2.9075957e+00   0.0000000e+00  -3.1602732e-03   3.1602732e-03   0.0000000e+00   0.0000000e+00  -3.1602732e-03   3.1602732e-03   3.0000000e+00
  -2.8855604e+00  -2.8882978e+00   0.0000000e+00   7.1326150e-02  -7.1326150e-02   0.0000000e+00   0.0000000e+00   7.1326150e-02  -7.1326150e-02   3.0000000e+00
  -2.8813857e+00  -2.8803604e+00   0.0000000e+00  -3.5320717e-02   3.5320717e-02   0.0000000e+00   0.0000000e+00  -3.5320717e-02   3.5320717e-02   3.0000000e+00
  -2.8626643e+00  -2.8615385e+00   0.0000000e+00  -4.2469819e-02   4.2469819e-02   0.0000000e+00   0.0000000e+00  -4.2469819e-02   4.2469819e-02   3.0000000e+00
  -2.8596251e+00  -2.8534393e+00   0.0000000e+00   4.9865109e-02  -4.9865109e-02   0.0000000e+00   0.0000000e+00   4.9865109e-02  -4.9865109e-02   3.0000000e+00
  -2.8348821e+00  -2.8425989e+00   0.0000000e+00   5.7605245e-02  -5.7605245e-02   0.0000000e+00   0.0000000e+00   5.7605245e-02  -5.7605245e-02   3.0000000e+00
  -2.8080786e+00  -2.8202427e+00   0.0000000e+00  -1.7352263e-02   1.7352263e-02   0.0000000e+00   0.0000000e+00  -1.7352263e-02   1.7352263e-02   3.0000000e+00
  -2.8080786e+00  -2.8155809e+00   0.0000000e+00   1.8376100e-02  -1.8376100e-02   0.0000000e+00   0.0000000e+00   1.8376100e-02  -1.8376100e-02   3.0000000e+00
  -2.8080786e+00  -2.8109793e+00   0.0000000e+00  -1.8092437e-02   1.8092437e-02   0.0000000e+00   0.0000000e+00  -1.8092437e-02   1.8092437e-02   3.0000000e+00
  -2.7871793e+00  -2.7902316e+00   0.0000000e+00  -1.5682782e-02   1.5682782e-02   0.0000000e+00   0.0000000e+00  -1.5682782e-02   1.5682782e-02   3.0000000e+00
  -2.7871793e+00  -2.7854268e+00   0.0000000e+00   4.3279759e-03  -4.3279759e-03   0.0000000e+00   0.0000000e+00   4.3279759e-03  -4.3279759e-03   3.0000000e+00
  -2.7743021e+00  -2.7704217e+00   0.0000000e+00   1.5658458e-02  -1.5658458e-02   0.0000000e+00   0.0000000e+00   1.5658458e-02  -1.5658458e-02   3.0000000e+00
  -2.7665061e+00  -2.7630583e+00   0.0000000e+00   4.7262600e-02  -4.7262600e-02   0.0000000e+00   0.0000000e+00   4.7262600e-02  -4.7262600e-02   3.0000000e+00
  -2.7585200e+00  -2.7462984e+00   0.0000000e+00   4.4848419e-02  -4.4848419e-02   0.0000000e+00   0.0000000e+00   4.4848419e-02  -4.4848419e-02   3.0000000e+00
  -2.7291991e+00  -2.7373184e+00   0.0000000e+00   4.4112352e-02  -4.4112352e-02   0.0000000e+00   0.0000000e+00   4.4112352e-02  -4.4112352e-02   3.0000000e+00
  -2.7264295e+00  -2.7239261e+00   0.0000000e+00  -6.7815209e-02   6.7815209e-02   0.0000000e+00   0.0000000e+00  -6.7815209e-02   6.7815209e-02   3.0000000e+00
  -2.7264295e+00  -2.7181902e+00   0.0000000e+00  -2.5071421e-02   2.5071421e-02   0.0000000e+00   0.0000000e+00  -2.5071421e-02   2.5071421e-02   3.0000000e+00
  -2.6995046e+00  -2.7030503e+00   0.0000000e+00  -8.9757608e-02   8.9757608e-02   0.0000000e+00   0.0000000e+00  -8.9757608e-02   8.9757608e-02   3.0000000e+00
  -2.6974002e+00  -2.6975220e+00   0.0000000e+00  -3.8148841e-03   3.8148841e-03   0.0000000e+00   0.0000000e+00  -3.8148841e-03   3.8148841e-03   3.0000000e+00
  -2.6822327e+00  -2.6751695e+00   0.0000000e+00  -3.3019217e-02   3.3019217e-02   0.0000000e+00   0.0000000e+00  -3.3019217e-02   3.3019217e-02   3.0000000e+00
  -2.6645976e+00  -2.6708762e+00   0.0000000e+00   8.2962632e-02  -8.2962632e-02   0.0000000e+00   0.0000000e+00   8.2962632e-02  -8.2962632e-02   3.0000000e+00
  -2.6541344e+00  -2.6548414e+00   0.0000000e+00  -8.2498052e-02   8.2498052e-02   0.0000000e+00   0.0000000e+00  -8.2498052e-02   8.2498052e-02   3.0000000e+00
  -2.6359402e+00  -2.6388582e+00   0.0000000e+00  -4.1382976e-02   4.1382976e-02   0.0000000e+00   0.0000000e+00  -4.1382976e-02   4.1382976e-02   3.0000000e+00
  -2.6292002e+00  -2.6325495e+00   0.0000000e+00  -1.7207686e-02   1.7207686e-02   0.0000000e+00   0.0000000e+00  -1.7207686e-02   1.7207686e-02   3.0000000e+00
  -2.6139197e+00  -2.6182031e+00   0.0000000e+00   2.0074538e-02  -2.0074538e-02   0.0000000e+00   0.0000000e+00   2.0074538e-02  -2.0074538e-02   3.0000000e+00
  -2.6139197e+00  -2.6147271e+00   0.0000000e+00  -1.0879917e-01   1.0879917e-01   0.0000000e+00   0.0000000e+00  -1.0879917e-01   1.0879917e-01   3.0000000e+00
  -2.5922209e+00  -2.5969074e+00   0.0000000e+00   1.2253552e-01  -1.2253552e-01   0.0000000e+00   0.0000000e+00   1.2253552e-01  -1.2253552e-01   3.0000000e+00
  -2.5843017e+00  -2.5798975e+00   0.0000000e+00  -7.3560336e-02   7.3560336e-02   0.0000000e+00   0.0000000e+00  -7.3560336e-02   7.3560336e-02   3.0000000e+00
  -2.5843017e+00  -2.5754417e+00   0.0000000e+00   1.7021257e-02  -1.7021257e-02   0.0000000e+00   0.0000000e+00   1.7021257e-02  -1.7021257e-02   3.0000000e+00
  -2.5657715e+00  -2.5664809e+00   0.0000000e+00   7.2358255e-02  -7.2358255e-02   0.0000000e+00   0.0000000e+00   7.2358255e-02  -7.2358255e-02   3.0000000e+00
  -2.5569338e+00  -2.5518394e+00   0.0000000e+00   8.7896968e-02  -8.7896968e-02   0.0000000e+00   0.0000000e+00   8.7896968e-02  -8.7896968e-02   3.0000000e+00
  -2.5398897e+00  -2.5441081e+00   0.0000000e+00   2.1780770e-01  -2.1780770e-01   0.0000000e+00   0.0000000e+00   2.1780770e-01  -2.1780770e-01   3.0000000e+00
  -2.5350217e+00  -2.5333846e+00   0.0000000e+00  -1.1214941e-02   1.1214941e-02   0.0000000e+00   0.0000000e+00  -1.1214941e-02   1.1214941e-02   3.0000000e+00
  -2.5301715e+00  -2.5176195e+00   0.0000000e+00   1.3521404e-02  -1.3521404e-02   0.0000000e+00   0.0000000e+00   1.3521404e-02  -1.3521404e-02   3.0000000e+00
  -2.5034458e+00  -2.5046806e+00   0.0000000e+00  -6.0237987e-02   6.0237987e-02   0.0000000e+00   0.0000000e+00  -6.0237987e-02   6.0237987e-02   3.0000000e+00
  -2.5034458e+00  -2.5006268e+00   0.0000000e+00  -1.4690058e-02   1.4690058e-02   0.0000000e+00   0.0000000e+00  -1.4690058e-02   1.4690058e-02   3.0000000e+00
  -2.4876321e+00  -2.4843443e+00   0.0000000e+00   9.3241314e-02  -9.3241314e-02   0.0000000e+00   0.0000000e+00   9.3241314e-02  -9.3241314e-02   3.0000000e+00
  -2.4742906e+00  -2.4707228e+00   0.0000000e+00   6.2388288e-03  -6.2388288e-03   0.0000000e+00   0.0000000e+00   6.2388288e-03  -6.2388288e-03   3.0000000e+00
  -2.4633231e+00  -2.4618896e+00   0.0000000e+00  -1.0778707e-01   1.0778707e-01   0.0000000e+00   0.0000000e+00  -1.0778707e-01   1.0778707e-01   3.0000000e+00
  -2.4433508e+00  -2.4529237e+00   0.0000000e+00  -1.8308938e-01   1.8308938e-01   0.0000000e+00   0.0000000e+00  -1.8308938e-01   1.8308938e-01   3.0000000e+00
  -2.4433508e+00  -2.4406585e+00   0.0000000e+00  -1.3565779e-01   1.3565779e-01   0.0000000e+00   0.0000000e+00  -1.3565779e-01   1.3565779e-01   3.0000000e+00
  -2.4272791e+00  -2.4320480e+00   0.0000000e+00   6.0104545e-03  -6.0104545e-03   0.0000000e+00   0.0000000e+00   6.0104545e-03  -6.0104545e-03   3.0000000e+00
  -2.4154525e+00  -2.4203131e+00   0.0000000e+00  -2.7732903e-03   2.7732903e-03   0.0000000e+00   0.0000000e+00  -2.7732903e-03   2.7732903e-03   3.0000000e+00
  -2.4088440e+00  -2.4029746e+00   0.0000000e+00  -1.4634855e-01   1.4634855e-01   0.0000000e+00   0.0000000e+00  -1.4634855e-01   1.4634855e-01   3.0000000e+00
  -2.3948257e+00  -2.3949862e+00   0.0000000e+00   4.3494524e-02  -4.3494524e-02   0.0000000e+00   0.0000000e+00   4.3494524e-02  -4.3494524e-02   3.0000000e+00
  -2.3948257e+00  -2.3872068e+00   0.0000000e+00   1.4749416e-01  -1.4749416e-01   0.0000000e+00   0.0000000e+00   1.4749416e-01  -1.4749416e-01   3.0000000e+00
  -2.3653231e+00  -2.3763511e+00   0.0000000e+00   1.6627338e-02  -1.6627338e-02   0.0000000e+00   0.0000000e+00   1.6627338e-02  -1.6627338e-02   3.0000000e+00
  -2.3653231e+00  -2.3673289e+00   0.0000000e+00  -9.3061562e-02   9.3061562e-02   0.0000000e+00   0.0000000e+00  -9.3061562e-02   9.3061562e-02   3.0000000e+00
  -2.3601870e+00  -2.3588976e+00   0.0000000e+00   1.3650627e-01  -1.3650627e-01   0.0000000e+00   0.0000000e+00   1.3650627e-01  -1.3650627e-01   3.0000000e+00
  -2.3286023e+00  -2.3345787e+00   0.0000000e+00   1.0511150e-01  -1.0511150e-01   0.0000000e+00   0.0000000e+00   1.0511150e-01  -1.0511150e-01   3.0000000e+00
  -2.3286023e+00  -2.3262977e+00   0.0000000e+00  -8.6785810e-02   8.6785810e-02   0.0000000e+00   0.0000000e+00  -8.6785810e-02   8.6785810e-02   3.0000000e+00
  -2.3134373e+00  -2.3151678e+00   0.0000000e+00   3.8824211e-02  -3.8824211e-02   0.0000000e+00   0.0000000e+00   3.8824211e-02  -3.8824211e-02   3.0000000e+00
  -2.3134373e+00  -2.3112041e+00   0.0000000e+00  -5.3953272e-02   5.3953272e-02   0.0000000e+00   0.0000000e+00  -5.3953272e-02   5.3953272e-02   3.0000000e+00
  -2.2939420e+00  -2.2954077e+00   0.0000000e+00   1.7968757e-01  -1.7968757e-01   0.0000000e+00   0.0000000e+00   1.7968757e-01  -1.7968757e-01   3.0000000e+00
  -2.2829627e+00  -2.2792540e+00   0.0000000e+00  -1.2965477e-01   1.2965477e-01   0.0000000e+00   0.0000000e+00  -1.2965477e-01   1.2965477e-01   3.0000000e+00
  -2.2689026e+00  -2.2755881e+00   0.0000000e+00  -2.3106474e-02   2.3106474e-02   0.0000000e+00   0.0000000e+00  -2.3106474e-02   2.3106474e-02   3.0000000e+00
  -2.2629116e+00  -2.2617130e+00   0.0000000e+00   2.8706547e-01  -2.8706547e-01   0.0000000e+00   0.0000000e+00   2.8706547e-01  -2.8706547e-01   3.0000000e+00
  -2.2586672e+00  -2.2516806e+00   0.0000000e+00  -4.8095100e-02   4.8095100e-02   0.0000000e+00   0.0000000e+00  -4.8095100e-02   4.8095100e-02   3.0000000e+00
  -2.2226089e+00  -2.2364428e+00   0.0000000e+00  -5.0096565e-02   5.0096565e-02   0.0000000e+00   0.0000000e+00  -5.0096565e-02   5.0096565e-02   3.0000000e+00
  -2.2226089e+00  -2.2307467e+00   0.0000000e+00  -1.3468186e-01   1.3468186e-01   0.0000000e+00   0.0000000e+00  -1.3468186e-01   1.3468186e-01   3.0000000e+00
  -2.2219720e+00  -2.2200924e+00   0.0000000e+00   5.4006849e-02  -5.4006849e-02   0.0000000e+00   0.0000000e+00   5.4006849e-02  -5.4006849e-02   3.0000000e+00
  -2.2109923e+00  -2.2102040e+00   0.0000000e+00  -1.1997665e-01   1.1997665e-01   0.0000000e+00   0.0000000e+00  -1.1997665e-01   1.1997665e-01   3.0000000e+00
  -2.2109923e+00  -2.2001822e+00   0.0000000e+00   2.2750930e-01  -2.2750930e-01   0.0000000e+00   0.0000000e+00   2.2750930e-01  -2.2750930e-01   3.0000000e+00
  -2.1819244e+00  -2.1888190e+00   0.0000000e+00  -1.9278991e-01   1.9278991e-01   0.0000000e+00   0.0000000e+00  -1.9278991e-01   1.9278991e-01   3.0000000e+00
  -2.1775447e+00  -2.1753609e+00   0.0000000e+00   7.6621598e-02  -7.6621598e-02   0.0000000e+00   0.0000000e+00   7.6621598e-02  -7.6621598e-02   3.0000000e+00
  -2.1677259e+00  -2.1674194e+00   0.0000000e+00   1.1599663e-01  -1.1599663e-01   0.0000000e+00   0.0000000e+00   1.1599663e-01  -1.1599663e-01   3.0000000e+00
  -2.1590962e+00  -2.1564682e+00   0.0000000e+00  -3.2306421e-01   3.2306421e-01   0.0000000e+00   0.0000000e+00  -3.2306421e-01   3.2306421e-01   3.0000000e+00
  -2.1590962e+00  -2.1504272e+00   0.0000000e+00   2.3748384e-01  -2.3748384e-01   0.0000000e+00   0.0000000e+00   2.3748384e-01  -2.3748384e-01   3.0000000e+00
  -2.1305869e+00  -2.1330097e+00   0.0000000e+00  -1.7346404e-01   1.7346404e-01   0.0000000e+00   0.0000000e+00  -1.7346404e-01   1.7346404e-01   3.0000000e+00
  -2.1247342e+00  -2.1268643e+00   0.0000000e+00   3.6612439e-03  -3.6612439e-03   0.0000000e+00   0.0000000e+00   3.6612439e-03  -3.6612439e-03   3.0000000e+00
  -2.1142860e+00  -2.1161007e+00   0.0000000e+00  -3.1040379e-02   3.1040379e-02   0.0000000e+00   0.0000000e+00  -3.1040379e-02   3.1040379e-02   3.0000000e+00
  -2.1064646e+00  -2.1023790e+00   0.0000000e+00   8.3359760e-02  -8.3359760e-02   0.0000000e+00   0.0000000e+00   8.3359760e-02  -8.3359760e-02   3.0000000e+00
  -2.0845677e+00  -2.0861082e+00   0.0000000e+00  -1.0962845e-01   1.0962845e-01   0.0000000e+00   0.0000000e+00  -1.0962845e-01   1.0962845e-01   3.0000000e+00
  -2.0764454e+00  -2.0771016e+00   0.0000000e+00   2.4705493e-02  -2.4705493e-02   0.0000000e+00   0.0000000e+00   2.4705493e-02  -2.4705493e-02   3.0000000e+00
  -2.0662124e+00  -2.0690224e+00   0.0000000e+00   6.4929624e-02  -6.4929624e-02   0.0000000e+00   0.0000000e+00   6.4929624e-02  -6.4929624e-02   3.0000000e+00
  -2.0478859e+00  -2.0542614e+00   0.0000000e+00   3.9200232e-02  -3.9200232e-02   0.0000000e+00   0.0000000e+00   3.9200232e-02  -3.9200232e-02   3.0000000e+00
  -2.0466006e+00  -2.0400125e+00   0.0000000e+00  -2.7793128e-01   2.7793128e-01   0.0000000e+00   0.0000000e+00  -2.7793128e-01   2.7793128e-01   3.0000000e+00
  -2.0308211e+00  -2.0385252e+00   0.0000000e+00  -1.3893497e-01   1.3893497e-01   0.0000000e+00   0.0000000e+00  -1.3893497e-01   1.3893497e-01   3.0000000e+00
  -2.0308211e+00  -2.0310921e+00   0.0000000e+00  -6.8569345e-02   6.8569345e-02   0.0000000e+00   0.0000000e+00  -6.8569345e-02   6.8569345e-02   3.0000000e+00
  -2.0109494e+00  -2.0139648e+00   0.0000000e+00   1.6498210e-02  -1.6498210e-02   0.0000000e+00   0.0000000e+00   1.6498210e-02  -1.6498210e-02   3.0000000e+00
  -2.0075746e+00  -2.0037359e+00   0.0000000e+00   2.6777851e-01  -2.6777851e-01   0.0000000e+00   0.0000000e+00   2.6777851e-01  -2.6777851e-01   3.0000000e+00
  -1.9802768e+00  -1.9903719e+00   0.0000000e+00   2.4141798e-02  -2.4141798e-02   0.0000000e+00   0.0000000e+00   2.4141798e-02  -2.4141798e-02   3.0000000e+00
  -1.9776707e+00  -1.9775537e+00   0.0000000e+00   2.9678039e-01  -2.9678039e-01   0.0000000e+00   0.0000000e+00   2.9678039e-01  -2.9678039e-01   3.0000000e+00
  -1.9776707e+00  -1.9756009e+00   0.0000000e+00   1.4987056e-01  -1.4987056e-01   0.0000000e+00   0.0000000e+00   1.4987056e-01  -1.4987056e-01   3.0000000e+00
  -1.9641323e+00  -1.9644167e+00   0.0000000e+00   1.6567603e-01  -1.6567603e-01   0.0000000e+00   0.0000000e+00   1.6567603e-01  -1.6567603e-01   3.0000000e+00
  -1.9553343e+00  -1.9500640e+00   0.0000000e+00  -1.8804838e-01   1.8804838e-01   0.0000000e+00   0.0000000e+00  -1.8804838e-01   1.8804838e-01   3.0000000e+00
  -1.9363986e+00  -1.9385563e+00   0.0000000e+00  -9.9955571e-04   9.9955571e-04   0.0000000e+00   0.0000000e+00  -9.9955571e-04   9.9955571e-04   3.0000000e+00
  -1.9363986e+00  -1.9366740e+00   0.0000000e+00  -5.2728481e-02   5.2728481e-02   0.0000000e+00   0.0000000e+00  -5.2728481e-02   5.2728481e-02   3.0000000e+00
  -1.9323003e+00  -1.9282987e+00   0.0000000e+00   2.0300897e-01  -2.0300897e-01   0.0000000e+00   0.0000000e+00   2.0300897e-01  -2.0300897e-01   3.0000000e+00
  -1.9014714e+00  -1.9057730e+00   0.0000000e+00   1.8106551e-02  -1.8106551e-02   0.0000000e+00   0.0000000e+00   1.8106551e-02  -1.8106551e-02   3.0000000e+00
  -1.9014714e+00  -1.8995465e+00   0.0000000e+00   1.0080557e-01  -1.0080557e-01   0.0000000e+00   0.0000000e+00   1.0080557e-01  -1.0080557e-01   3.0000000e+00
  -1.8765163e+00  -1.8852046e+00   0.0000000e+00  -2.2044002e-01   2.2044002e-01   0.0000000e+00   0.0000000e+00  -2.2044002e-01   2.2044002e-01   3.0000000e+00
  -1.8704717e+00  -1.8719261e+00   0.0000000e+00  -2.1964878e-02   2.1964878e-02   0.0000000e+00   0.0000000e+00  -2.1964878e-02   2.1964878e-02   3.0000000e+00
  -1.8666243e+00  -1.8665838e+00   0.0000000e+00   6.3701635e-02  -6.3701635e-02   0.0000000e+00   0.0000000e+00   6.3701635e-02  -6.3701635e-02   3.0000000e+00
  -1.8666243e+00  -1.8566994e+00   0.0000000e+00  -5.8703692e-01   5.8703692e-01   0.0000000e+00   0.0000000e+00  -5.8703692e-01   5.8703692e-01   3.0000000e+00
  -1.8356074e+00  -1.8435674e+00   0.0000000e+00  -7.5687725e-02   7.5687725e-02   0.0000000e+00   0.0000000e+00  -7.5687725e-02   7.5687725e-02   3.0000000e+00
  -1.8356074e+00  -1.8371475e+00   0.0000000e+00  -5.1015741e-02   5.1015741e-02   0.0000000e+00   0.0000000e+00  -5.1015741e-02   5.1015741e-02   3.0000000e+00
  -1.8351540e+00  -1.8343080e+00   0.0000000e+00   2.9262925e-03  -2.9262925e-03   0.0000000e+00   0.0000000e+00   2.9262925e-03  -2.9262925e-03   3.0000000e+00
  -1.8118566e+00  -1.8186070e+00   0.0000000e+00  -1.6230690e-01   1.6230690e-01   0.0000000e+00   0.0000000e+00  -1.6230690e-01   1.6230690e-01   3.0000000e+00
  -1.8118566e+00  -1.8054604e+00   0.0000000e+00   7.7224224e-02  -7.7224224e-02   0.0000000e+00   0.0000000e+00   7.7224224e-02  -7.7224224e-02   3.0000000e+00
  -1.7944172e+00  -1.7938542e+00   0.0000000e+00   4.6175615e-02  -4.6175615e-02   0.0000000e+00   0.0000000e+00   4.6175615e-02  -4.6175615e-02   3.0000000e+00
  -1.7777177e+00  -1.7837036e+00   0.0000000e+00   5.6735778e-01  -5.6735778e-01   0.0000000e+00   0.0000000e+00   5.6735778e-01  -5.6735778e-01   3.0000000e+00
  -1.7777177e+00  -1.7748914e+00   0.0000000e+00  -2.0339970e-01   2.0339970e-01   0.0000000e+00   0.0000000e+00  -2.0339970e-01   2.0339970e-01   3.0000000e+00
  -1.7624186e+00  -1.7621167e+00   0.0000000e+00  -2.3505930e-02   2.3505930e-02   0.0000000e+00   0.0000000e+00  -2.3505930e-02   2.3505930e-02   3.0000000e+00
  -1.7526862e+00  -1.7565079e+00   0.0000000e+00   5.7508183e-02  -5.7508183e-02   0.0000000e+00   0.0000000e+00   5.7508183e-02  -5.7508183e-02   3.0000000e+00
  -1.7414053e+00  -1.7447802e+00   0.0000000e+00  -1.1901321e-01   1.1901321e-01   0.0000000e+00   0.0000000e+00  -1.1901321e-01   1.1901321e-01   3.0000000e+00
  -1.7298405e+00  -1.7298657e+00   0.0000000e+00   9.5872746e-04  -9.5872746e-04   0.0000000e+00   0.0000000e+00   9.5872746e-04  -9.5872746e-04   3.0000000e+00
  -1.7156398e+00  -1.7194820e+00   0.0000000e+00  -1.8078741e-01   1.8078741e-01   0.0000000e+00   0.0000000e+00  -1.8078741e-01   1.8078741e-01   3.0000000e+00
  -1.7136046e+00  -1.7088093e+00   0.0000000e+00   7.7523956e-02  -7.7523956e-02   0.0000000e+00   0.0000000e+00   7.7523956e-02  -7.7523956e-02   3.0000000e+00
  -1.7012626e+00  -1.7047334e+00   0.0000000e+00   4.2630353e-01  -4.2630353e-01   0.0000000e+00   0.0000000e+00   4.2630353e-01  -4.2630353e-01   3.0000000e+00
  -1.6795816e+00  -1.6861856e+00   0.0000000e+00  -6.2410919e-02   6.2410919e-02   0.0000000e+00   0.0000000e+00  -6.2410919e-02   6.2410919e-02   3.0000000e+00
  -1.6795816e+00  -1.6795777e+00   0.0000000e+00  -1.5290139e-02   1.5290139e-02   0.0000000e+00   0.0000000e+00  -1.5290139e-02   1.5290139e-02   3.0000000e+00
  -1.6599699e+00  -1.6582511e+00   0.0000000e+00   2.2901561e-01  -2.2901561e-01   0.0000000e+00   0.0000000e+00   2.2901561e-01  -2.2901561e-01   3.0000000e+00
  -1.6497807e+00  -1.6510528e+00   0.0000000e+00  -1.7223170e-01   1.7223170e-01   0.0000000e+00   0.0000000e+00  -1.7223170e-01   1.7223170e-01   3.0000000e+00
  -1.6497807e+00  -1.6496414e+00   0.0000000e+00  -2.9638445e-01   2.9638445e-01   0.0000000e+00   0.0000000e+00  -2.9638445e-01   2.9638445e-01   3.0000000e+00
  -1.6461343e+00  -1.6418671e+00   0.0000000e+00   2.6771134e-03  -2.6771134e-03   0.0000000e+00   0.0000000e+00   2.6771134e-03  -2.6771134e-03   3.0000000e+00
  -1.6371164e+00  -1.6299662e+00   0.0000000e+00   1.0953576e-01  -1.0953576e-01   0.0000000e+00   0.0000000e+00   1.0953576e-01  -1.0953576e-01   3.0000000e+00
  -1.6225866e+00  -1.6221587e+00   0.0000000e+00   1.2086814e-03  -1.2086814e-03   0.0000000e+00   0.0000000e+00   1.2086814e-03  -1.2086814e-03   3.0000000e+00
  -1.6006843e+00  -1.6077287e+00   0.0000000e+00   2.3095395e-01  -2.3095395e-01   0.0000000e+00   0.0000000e+00   2.3095395e-01  -2.3095395e-01   3.0000000e+00
  -1.5924806e+00  -1.5957542e+00   0.0000000e+00   7.1604259e-02  -7.1604259e-02   0.0000000e+00   0.0000000e+00   7.1604259e-02  -7.1604259e-02   3.0000000e+00
  -1.5797870e+00  -1.5825888e+00   0.0000000e+00  -2.9072545e-01   2.9072545e-01   0.0000000e+00   0.0000000e+00  -2.9072545e-01   2.9072545e-01   3.0000000e+00
  -1.5797870e+00  -1.5794982e+00   0.0000000e+00   5.6374189e-01  -5.6374189e-01   0.0000000e+00   0.0000000e+00   5.6374189e-01  -5.6374189e-01   3.0000000e+00
  -1.5797870e+00  -1.5718809e+00   0.0000000e+00  -2.5019442e-01   2.5019442e-01   0.0000000e+00   0.0000000e+00  -2.5019442e-01   2.5019442e-01   3.0000000e+00
  -1.5631579e+00  -1.5630391e+00   0.0000000e+00   1.2800825e-03  -1.2800825e-03   0.0000000e+00   0.0000000e+00   1.2800825e-03  -1.2800825e-03   3.0000000e+00
  -1.5351294e+00  -1.5412940e+00   0.0000000e+00  -4.0645541e-01   4.0645541e-01   0.0000000e+00   0.0000000e+00  -4.0645541e-01   4.0645541e-01   3.0000000e+00
  -1.5351294e+00  -1.5348807e+00   0.0000000e+00  -2.8635615e-02   2.8635615e-02   0.0000000e+00   0.0000000e+00  -2.8635615e-02   2.8635615e-02   3.0000000e+00
  -1.5260982e+00  -1.5274294e+00   0.0000000e+00   1.3168428e-01  -1.3168428e-01   0.0000000e+00   0.0000000e+00   1.3168428e-01  -1.3168428e-01   3.0000000e+00
  -1.5246676e+00  -1.5220049e+00   0.0000000e+00  -1.5618311e-01   1.5618311e-01   0.0000000e+00   0.0000000e+00  -1.5618311e-01   1.5618311e-01   3.0000000e+00
  -1.5117281e+00  -1.5115079e+00   0.0000000e+00   3.5278002e-03  -3.5278002e-03   0.0000000e+00   0.0000000e+00   3.5278002e-03  -3.5278002e-03   3.0000000e+00
  -1.5109640e+00  -1.5036695e+00   0.0000000e+00   3.6552103e-01  -3.6552103e-01   0.0000000e+00   0.0000000e+00   3.6552103e-01  -3.6552103e-01   3.0000000e+00
  -1.4880844e+00  -1.4834422e+00   0.0000000e+00  -1.3066198e-01   1.3066198e-01   0.0000000e+00   0.0000000e+00  -1.3066198e-01   1.3066198e-01   3.0000000e+00
  -1.4781108e+00  -1.4760091e+00   0.0000000e+00  -1.2776782e-01   1.2776782e-01   0.0000000e+00   0.0000000e+00  -1.2776782e-01   1.2776782e-01   3.0000000e+00
  -1.4630639e+00  -1.4652591e+00   0.0000000e+00   1.0789108e-01  -1.0789108e-01   0.0000000e+00   0.0000000e+00   1.0789108e-01  -1.0789108e-01   3.0000000e+00
  -1.4497550e+00  -1.4469214e+00   0.0000000e+00  -6.3214431e-01   6.3214431e-01   0.0000000e+00   0.0000000e+00  -6.3214431e-01   6.3214431e-01   3.0000000e+00
  -1.4438095e+00  -1.4438774e+00   0.0000000e+00   2.1126127e-02  -2.1126127e-02   0.0000000e+00   0.0000000e+00   2.1126127e-02  -2.1126127e-02   3.0000000e+00
  -1.4438095e+00  -1.4427401e+00   0.0000000e+00   5.5728176e-02  -5.5728176e-02   0.0000000e+00   0.0000000e+00   5.5728176e-02  -5.5728176e-02   3.0000000e+00
  -1.4159147e+00  -1.4160242e+00   0.0000000e+00  -3.2745255e-04   3.2745255e-04   0.0000000e+00   0.0000000e+00  -3.2745255e-04   3.2745255e-04   3.0000000e+00
  -1.4057778e+00  -1.4074278e+00   0.0000000e+00  -1.4218030e-01   1.4218030e-01   0.0000000e+00   0.0000000e+00  -1.4218030e-01   1.4218030e-01   3.0000000e+00
  -1.4057778e+00  -1.4065542e+00   0.0000000e+00   1.9269584e-02  -1.9269584e-02   0.0000000e+00   0.0000000e+00   1.9269584e-02  -1.9269584e-02   3.0000000e+00
  -1.3976606e+00  -1.3976340e+00   0.0000000e+00  -3.8411559e-04   3.8411559e-04   0.0000000e+00   0.0000000e+00  -3.8411559e-04   3.8411559e-04   3.0000000e+00
  -1.3935178e+00  -1.3850789e+00   0.0000000e+00   1.6705267e-01  -1.6705267e-01   0.0000000e+00   0.0000000e+00   1.6705267e-01  -1.6705267e-01   3.0000000e+00
  -1.3935178e+00  -1.3793167e+00   0.0000000e+00   1.7085144e-01  -1.7085144e-01   0.0000000e+00   0.0000000e+00   1.7085144e-01  -1.7085144e-01   3.0000000e+00
  -1.3615738e+00  -1.3631713e+00   0.0000000e+00   5.7981745e-02  -5.7981745e-02   0.0000000e+00   0.0000000e+00   5.7981745e-02  -5.7981745e-02   3.0000000e+00
  -1.3615738e+00  -1.3575617e+00   0.0000000e+00   4.5428564e-02  -4.5428564e-02   0.0000000e+00   0.0000000e+00   4.5428564e-02  -4.5428564e-02   3.0000000e+00
  -1.3512679e+00  -1.3439772e+00   0.0000000e+00  -6.6278524e-02   6.6278524e-02   0.0000000e+00   0.0000000e+00  -6.6278524e-02   6.6278524e-02   3.0000000e+00
  -1.3222207e+00  -1.3255611e+00   0.0000000e+00   1.0764726e+00  -1.0764726e+00   0.0000000e+00   0.0000000e+00   1.0764726e+00  -1.0764726e+00   3.0000000e+00
  -1.3222207e+00  -1.3222059e+00   0.0000000e+00   3.1923390e-03  -3.1923390e-03   0.0000000e+00   0.0000000e+00   3.1923390e-03  -3.1923390e-03   3.0000000e+00
  -1.3222207e+00  -1.3192476e+00   0.0000000e+00  -5.8100768e-01   5.8100768e-01   0.0000000e+00   0.0000000e+00  -5.8100768e-01   5.8100768e-01   3.0000000e+00
  -1.2929757e+00  -1.2939782e+00   0.0000000e+00   5.1022577e-01  -5.1022577e-01   0.0000000e+00   0.0000000e+00   5.1022577e-01  -5.1022577e-01   3.0000000e+00
  -1.2929757e+00  -1.2928870e+00   0.0000000e+00   3.9283153e-02  -3.9283153e-02   0.0000000e+00   0.0000000e+00   3.9283153e-02  -3.9283153e-02   3.0000000e+00
  -1.2858595e+00  -1.2857425e+00   0.0000000e+00  -1.2108030e-02   1.2108030e-02   0.0000000e+00   0.0000000e+00  -1.2108030e-02   1.2108030e-02   3.0000000e+00
  -1.2858595e+00  -1.2764099e+00   0.0000000e+00   3.5614801e-01  -3.5614801e-01   0.0000000e+00   0.0000000e+00   3.5614801e-01  -3.5614801e-01   3.0000000e+00
  -1.2513288e+00  -1.2481858e+00   0.0000000e+00  -9.6202907e-01   9.6202907e-01   0.0000000e+00   0.0000000e+00  -9.6202907e-01   9.6202907e-01   3.0000000e+00
  -1.2389212e+00  -1.2390532e+00   0.0000000e+00  -1.8422814e-01   1.8422814e-01   0.0000000e+00   0.0000000e+00  -1.8422814e-01   1.8422814e-01   3.0000000e+00
  -1.2352557e+00  -1.2355479e+00   0.0000000e+00  -2.3406033e-01   2.3406033e-01   0.0000000e+00   0.0000000e+00  -2.3406033e-01   2.3406033e-01   3.0000000e+00
  -1.2215939e+00  -1.2245110e+00   0.0000000e+00   1.8571836e-01  -1.8571836e-01   0.0000000e+00   0.0000000e+00   1.8571836e-01  -1.8571836e-01   3.0000000e+00
  -1.1983242e+00  -1.2090250e+00   0.0000000e+00   2.5690400e-01  -2.5690400e-01   0.0000000e+00   0.0000000e+00   2.5690400e-01  -2.5690400e-01   3.0000000e+00
  -1.1983242e+00  -1.2004875e+00   0.0000000e+00  -1.1448647e+00   1.1448647e+00   0.0000000e+00   0.0000000e+00  -1.1448647e+00   1.1448647e+00   3.0000000e+00
  -1.1983242e+00  -1.1983192e+00   0.0000000e+00  -1.4479998e-03   1.4479998e-03   0.0000000e+00   0.0000000e+00  -1.4479998e-03   1.4479998e-03   3.0000000e+00
  -1.1890902e+00  -1.1773318e+00   0.0000000e+00   1.1813324e+00  -1.1813324e+00   0.0000000e+00   0.0000000e+00   1.1813324e+00  -1.1813324e+00   3.0000000e+00
  -1.1627366e+00  -1.1678294e+00   0.0000000e+00  -3.3374251e-01   3.3374251e-01   0.0000000e+00   0.0000000e+00  -3.3374251e-01   3.3374251e-01   3.0000000e+00
  -1.1627366e+00  -1.1627723e+00   0.0000000e+00   3.6430614e-03  -3.6430614e-03   0.0000000e+00   0.0000000e+00   3.6430614e-03  -3.6430614e-03   3.0000000e+00
  -1.1600297e+00  -1.1534949e+00   0.0000000e+00  -6.2546480e-01   6.2546480e-01   0.0000000e+00   0.0000000e+00  -6.2546480e-01   6.2546480e-01   3.0000000e+00
  -1.1176699e+00  -1.1268997e+00   0.0000000e+00   7.1661467e-01  -7.1661467e-01   0.0000000e+00   0.0000000e+00   7.1661467e-01  -7.1661467e-01   3.0000000e+00
  -1.1131939e+00  -1.1140639e+00   0.0000000e+00   2.5997692e-01  -2.5997692e-01   0.0000000e+00   0.0000000e+00   2.5997692e-01  -2.5997692e-01   3.0000000e+00
  -1.1126968e+00  -1.1124537e+00   0.0000000e+00   2.1306441e-01  -2.1306441e-01   0.0000000e+00   0.0000000e+00   2.1306441e-01  -2.1306441e-01   3.0000000e+00
  -1.1005192e+00  -1.0980743e+00   0.0000000e+00  -5.1912488e-02   5.1912488e-02   0.0000000e+00   0.0000000e+00  -5.1912488e-02   5.1912488e-02   3.0000000e+00
  -1.0754836e+00  -1.0794254e+00   0.0000000e+00  -5.9816965e-01   5.9816965e-01   0.0000000e+00   0.0000000e+00  -5.9816965e-01   5.9816965e-01   3.0000000e+00
  -1.0418787e+00  -1.0570479e+00   0.0000000e+00   8.2265685e-01  -8.2265685e-01   0.0000000e+00   0.0000000e+00   8.2265685e-01  -8.2265685e-01   3.0000000e+00
  -1.0418787e+00  -1.0427795e+00   0.0000000e+00  -1.2946577e+00   1.2946577e+00   0.0000000e+00   0.0000000e+00  -1.2946577e+00   1.2946577e+00   3.0000000e+00
  -1.0376706e+00  -1.0376709e+00   0.0000000e+00  -8.6369113e-03   8.6369113e-03   0.0000000e+00   0.0000000e+00  -8.6369113e-03   8.6369113e-03   3.0000000e+00
  -1.0376706e+00  -1.0375701e+00   0.0000000e+00   7.6369438e-02  -7.6369438e-02   0.0000000e+00   0.0000000e+00   7.6369438e-02  -7.6369438e-02   3.0000000e+00
  -9.9295219e-01  -9.9613870e-01   0.0000000e+00  -5.4622092e-01   5.4622092e-01   0.0000000e+00   0.0000000e+00  -5.4622092e-01   5.4622092e-01   3.0000000e+00
  -9.9295219e-01  -9.8639578e-01   0.0000000e+00  -7.0287299e-01   7.0287299e-01   0.0000000e+00   0.0000000e+00  -7.0287299e-01   7.0287299e-01   3.0000000e+00
  -9.7167301e-01  -9.7976200e-01   0.0000000e+00   1.3638754e+00  -1.3638754e+00   0.0000000e+00   0.0000000e+00   1.3638754e+00  -1.3638754e+00   3.0000000e+00
  -9.7167301e-01  -9.7232168e-01   0.0000000e+00   4.9319738e-02  -4.9319738e-02   0.0000000e+00   0.0000000e+00   4.9319738e-02  -4.9319738e-02   3.0000000e+00
  -9.7167301e-01  -9.6143301e-01   0.0000000e+00   3.5425610e-01  -3.5425610e-01   0.0000000e+00   0.0000000e+00   3.5425610e-01  -3.5425610e-01   3.0000000e+00
  -9.4893984e-01  -9.4685746e-01   0.0000000e+00   1.3079124e+00  -1.3079124e+00   0.0000000e+00   0.0000000e+00   1.3079124e+00  -1.3079124e+00   3.0000000e+00
  -9.1324045e-01  -9.2152217e-01   0.0000000e+00  -8.1723914e-01   8.1723914e-01   0.0000000e+00   0.0000000e+00  -8.1723914e-01   8.1723914e-01   3.0000000e+00
  -9.1324045e-01  -9.1235310e-01   0.0000000e+00  -1.5330614e-01   1.5330614e-01   0.0000000e+00   0.0000000e+00  -1.5330614e-01   1.5330614e-01   3.0000000e+00
  -9.0841730e-01  -8.9026587e-01   0.0000000e+00   1.1133482e+00  -1.1133482e+00   0.0000000e+00   0.0000000e+00   1.1133482e+00  -1.1133482e+00   3.0000000e+00
  -8.6683866e-01  -8.6641858e-01   0.0000000e+00   8.3822786e-02  -8.3822786e-02   0.0000000e+00   0.0000000e+00   8.3822786e-02  -8.3822786e-02   3.0000000e+00
  -8.5444623e-01  -8.4943712e-01   0.0000000e+00  -1.5262340e+00   1.5262340e+00   0.0000000e+00   0.0000000e+00  -1.5262340e+00   1.5262340e+00   3.0000000e+00
  -8.3472894e-01  -8.2883230e-01   0.0000000e+00  -5.1269818e-01   5.1269818e-01   0.0000000e+00   0.0000000e+00  -5.1269818e-01   5.1269818e-01   3.0000000e+00
  -8.3472894e-01  -8.1582609e-01   0.0000000e+00  -1.3586326e+00   1.3586326e+00   0.0000000e+00   0.0000000e+00  -1.3586326e+00   1.3586326e+00   3.0000000e+00
  -7.8335446e-01  -8.0617206e-01   0.0000000e+00   7.5684075e-01  -7.5684075e-01   0.0000000e+00   0.0000000e+00   7.5684075e-01  -7.5684075e-01   3.0000000e+00
  -7.8133883e-01  -7.7436303e-01   0.0000000e+00   1.5005484e+00  -1.5005484e+00   0.0000000e+00   0.0000000e+00   1.5005484e+00  -1.5005484e+00   3.0000000e+00
  -7.8133883e-01  -7.5307443e-01   0.0000000e+00  -1.2277196e+00   1.2277196e+00   0.0000000e+00   0.0000000e+00  -1.2277196e+00   1.2277196e+00   3.0000000e+00
  -7.2043945e-01  -7.1958871e-01   0.0000000e+00   1.3620104e+00  -1.3620104e+00   0.0000000e+00   0.0000000e+00   1.3620104e+00  -1.3620104e+00   3.0000000e+00
  -6.8192032e-01  -6.4025550e-01   0.0000000e+00  -1.5902619e+00   1.5902619e+00   0.0000000e+00   0.0000000e+00  -1.5902619e+00   1.5902619e+00   3.0000000e+00
  -6.8192032e-01  -5.9156619e-01   0.0000000e+00   1.7057643e+00  -1.7057643e+00   0.0000000e+00   0.0000000e+00   1.7057643e+00  -1.7057643e+00   3.0000000e+00
