  -5.1365218e+00  -5.1365218e+00   3.1712116e-01   9.2261940e-02   2.2485922e-01   4.7568174e-01   2.2485922e-01   2.5963299e-02   2.2485922e-01   3.0000000e+00
  -4.9848479e+00  -4.9848479e+00   3.3839068e-01   2.3066830e-01   1.0772238e-01   5.0758602e-01   2.3066830e-01   4.6249420e-02   2.3066830e-01   3.0000000e+00
  -4.9486758e+00  -4.9486758e+00   3.1368814e-01   8.3391533e-02   2.3029661e-01   4.7053222e-01   9.9389932e-03   2.3029661e-01   2.3029661e-01   3.0000000e+00
  -4.8385970e+00  -4.8385970e+00   3.6069787e-01   2.3710307e-01   1.2359480e-01   5.4104681e-01   2.3710307e-01   6.6840673e-02   2.3710307e-01   3.0000000e+00
  -4.8041044e+00  -4.8041044e+00   3.3621574e-01   2.3687518e-01   9.9340561e-02   5.0432361e-01   2.3687518e-01   3.0573251e-02   2.3687518e-01   3.0000000e+00
  -4.7660365e+00  -4.7660365e+00   3.1110769e-01   7.4881893e-02   2.3622580e-01   4.6666153e-01  -5.7900584e-03   2.3622580e-01   2.3622580e-01   3.0000000e+00
  -4.6978687e+00  -4.6978687e+00   3.8422729e-01   2.4427307e-01   1.3995422e-01   5.7634094e-01   2.4427307e-01   8.7794793e-02   2.4427307e-01   3.0000000e+00
  -4.6651639e+00  -4.6651639e+00   3.6001285e-01   2.4424811e-01   1.1576474e-01   5.4001928e-01   2.4424811e-01   5.1523061e-02   2.4424811e-01   3.0000000e+00
  -4.6285916e+00  -4.6285916e+00   3.3517751e-01   9.1481570e-02   2.4369594e-01   5.0276626e-01   1.5374387e-02   2.4369594e-01   2.4369594e-01   3.0000000e+00
  -4.5886765e+00  -4.5886765e+00   3.0951971e-01   6.6790343e-02   2.4272936e-01   4.6427956e-01  -2.1179168e-02   2.4272936e-01   2.4272936e-01   3.0000000e+00
  -4.5627860e+00  -4.5627860e+00   4.0921494e-01   2.5231919e-01   1.5689575e-01   6.1382241e-01   2.5231919e-01   1.0918403e-01   2.5231919e-01   3.0000000e+00
  -4.5320009e+00  -4.5320009e+00   3.8534242e-01   2.5258092e-01   1.3276150e-01   5.7801363e-01   2.5258092e-01   7.2851789e-02   2.5258092e-01   3.0000000e+00
  -4.4969928e+00  -4.4969928e+00   3.6086276e-01   2.5217015e-01   1.0869261e-01   5.4129414e-01   3.6953846e-02   2.5217015e-01   2.5217015e-01   3.0000000e+00
  -4.4584211e+00  -4.4584211e+00   3.3547174e-01   8.4217618e-02   2.5125412e-01   5.0320761e-01   2.5125412e-01   6.9936423e-04   2.5125412e-01   3.0000000e+00
  -4.4335045e+00  -4.4335045e+00   4.3597052e-01   1.7454233e-01   2.6142819e-01   6.5395578e-01   2.6142819e-01   1.3109941e-01   2.6142819e-01   3.0000000e+00
  -4.4166826e+00  -4.4166826e+00   3.0910913e-01   2.4991256e-01   5.9196566e-02   4.6366369e-01  -3.6161432e-02   2.4991256e-01   2.4991256e-01   3.0000000e+00
  -4.4048025e+00  -4.4048025e+00   4.1255850e-01   2.6209836e-01   1.5046015e-01   6.1883775e-01   2.6209836e-01   9.4641042e-02   2.6209836e-01   3.0000000e+00
  -4.3714370e+00  -4.3714370e+00   3.8856408e-01   2.6188978e-01   1.2667431e-01   5.8284613e-01   5.9066571e-02   2.6188978e-01   2.6188978e-01   3.0000000e+00
  -4.3342560e+00  -4.3342560e+00   3.6353468e-01   2.6106229e-01   1.0247238e-01   5.4530201e-01   2.6106229e-01   2.3177424e-02   2.6106229e-01   3.0000000e+00
  -4.3102252e+00  -4.3102252e+00   4.6491433e-01   1.9305641e-01   2.7185792e-01   6.9737149e-01   2.7185792e-01   1.5365566e-01   2.7185792e-01   3.0000000e+00
  -4.2937254e+00  -4.2937254e+00   3.3738601e-01   2.5971507e-01   7.7670944e-02   5.0607902e-01  -1.3351119e-02   2.5971507e-01   2.5971507e-01   3.0000000e+00
  -4.2838144e+00  -4.2838144e+00   4.4215785e-01   1.6903856e-01   2.7311929e-01   6.6323678e-01   1.1699820e-01   2.7311929e-01   2.7311929e-01   3.0000000e+00
  -4.2521809e+00  -4.2521809e+00   4.1885423e-01   2.7319698e-01   1.4565725e-01   6.2828134e-01   2.7319698e-01   8.1887381e-02   2.7319698e-01   3.0000000e+00
  -4.2501618e+00  -4.2501618e+00   3.1012719e-01   2.5791430e-01   5.2212897e-02   4.6519079e-01  -5.0637803e-02   2.5791430e-01   2.5791430e-01   3.0000000e+00
  -4.2164467e+00  -4.2164467e+00   3.9433960e-01   1.2182162e-01   2.7251799e-01   5.9150940e-01   4.6473430e-02   2.7251798e-01   2.7251799e-01   3.0000000e+00
  -4.1932179e+00  -4.1932179e+00   4.9664380e-01   2.1265827e-01   2.8398552e-01   7.4496570e-01   2.8398553e-01   1.7699465e-01   2.8398552e-01   3.0000000e+00
  -4.1771591e+00  -4.1771591e+00   3.6852063e-01   9.7317654e-02   2.7120298e-01   5.5278095e-01   2.7120298e-01   1.0374993e-02   2.7120298e-01   3.0000000e+00
  -4.1693711e+00  -4.1693711e+00   4.7487789e-01   1.8875377e-01   2.8612412e-01   7.1231682e-01   1.4006860e-01   2.8612409e-01   2.8612412e-01   3.0000000e+00
  -4.1395696e+00  -4.1395696e+00   4.5259813e-01   2.8660358e-01   1.6599455e-01   6.7889723e-01   1.0569002e-01   2.8660363e-01   2.8660358e-01   3.0000000e+00
  -4.1346725e+00  -4.1346725e+00   3.4136956e-01   7.2050406e-02   2.6931915e-01   5.1205433e-01  -2.6583966e-02   2.6931915e-01   2.6931915e-01   3.0000000e+00
  -4.1053534e+00  -4.1053534e+00   4.2885381e-01   1.4267780e-01   2.8617601e-01   6.4328066e-01   2.8617594e-01   7.0928711e-02   2.8617601e-01   3.0000000e+00
  -4.0892511e+00  -4.0892511e+00   3.1294515e-01   2.6693056e-01   4.6014587e-02   4.6941772e-01  -6.4443399e-02   2.6693056e-01   2.6693056e-01   3.0000000e+00
  -4.0828641e+00  -4.0828641e+00   5.3206878e-01   2.3365550e-01   2.9841327e-01   7.9810357e-01   2.9841393e-01   2.0127637e-01   2.9841327e-01   3.0000000e+00
  -4.0673586e+00  -4.0673586e+00   4.0360577e-01   1.1862910e-01   2.8497666e-01   6.0540871e-01   3.5455304e-02   2.8497674e-01   2.8497666e-01   3.0000000e+00
  -4.0619519e+00  -4.0619520e+00   5.1190872e-01   2.1000539e-01   3.0190333e-01   7.6786149e-01   1.6405714e-01   3.0190102e-01   3.0190333e-01   3.0000000e+00
  -4.0340882e+00  -4.0340880e+00   4.9120187e-01   1.8826899e-01   3.0293288e-01   7.3680621e-01   1.3093567e-01   3.0293766e-01   3.0293288e-01   3.0000000e+00
  -4.0259836e+00  -4.0259836e+00   3.7681461e-01   2.8308437e-01   9.3730239e-02   5.6522186e-01   2.8308430e-01  -9.4681883e-04   2.8308437e-01   3.0000000e+00
  -4.0014896e+00  -4.0014900e+00   4.6867817e-01   3.0296414e-01   1.6571403e-01   7.0301157e-01   3.0295636e-01   9.7091072e-02   3.0296414e-01   3.0000000e+00
  -3.9815026e+00  -3.9815026e+00   3.4843671e-01   6.7912756e-02   2.8052395e-01   5.2265523e-01  -3.8392780e-02   2.8052406e-01   2.8052395e-01   3.0000000e+00
  -3.9797523e+00  -3.9797503e+00   5.7271559e-01   3.1623860e-01   2.5647699e-01   8.5909796e-01   3.1628246e-01   2.2657690e-01   3.1623860e-01   3.0000000e+00
  -3.9648683e+00  -3.9648678e+00   4.4451568e-01   1.4245380e-01   3.0206188e-01   6.6678163e-01   6.2645859e-02   3.0207389e-01   3.0206188e-01   3.0000000e+00
  -3.9622963e+00  -3.9623034e+00   5.5550359e-01   3.2200991e-01   2.3349368e-01   8.3316708e-01   1.8927586e-01   3.2188130e-01   3.2200991e-01   3.0000000e+00
  -3.9364734e+00  -3.9364583e+00   5.3712718e-01   2.1356233e-01   3.2356485e-01   8.0588013e-01   3.2383545e-01   1.5847983e-01   3.2356485e-01   3.0000000e+00
  -3.9341473e+00  -3.9341473e+00   3.1850491e-01   2.7735772e-01   4.1147190e-02   4.7775729e-01  -7.6958099e-02   2.7735767e-01   2.7735772e-01   3.0000000e+00
  -3.9246968e+00  -3.9246976e+00   4.1902604e-01   3.0051990e-01   1.1850614e-01   6.2852491e-01   3.0050506e-01   2.7499951e-02   3.0051990e-01   3.0000000e+00
  -3.9056339e+00  -3.9056619e+00   5.1699372e-01   3.2493279e-01   1.9206093e-01   7.7512004e-01   1.2576910e-01   3.2441815e-01   3.2493279e-01   3.0000000e+00
  -3.8850273e+00  -3.8849286e+00   6.2143871e-01   2.8211353e-01   3.3932519e-01   9.3319075e-01   3.4160269e-01   2.5226287e-01   3.3932519e-01   3.0000000e+00
  -3.8812968e+00  -3.8812957e+00   3.9404937e-01   2.9873811e-01   9.5311265e-02   5.9111520e-01  -6.3863724e-03   2.9876347e-01   2.9873811e-01   3.0000000e+00
  -3.8715748e+00  -3.8718563e+00   6.1283352e-01   2.6068828e-01   3.5214524e-01   9.1635544e-01   2.1650110e-01   3.4770910e-01   3.5214524e-01   3.0000000e+00
  -3.8705407e+00  -3.8704949e+00   4.9365065e-01   3.2393148e-01   1.6971918e-01   7.4110878e-01   9.2814263e-02   3.2436304e-01   3.2393148e-01   3.0000000e+00
  -3.8483145e+00  -3.8477743e+00   5.9352402e-01   2.4503442e-01   3.4848960e-01   8.9586510e-01   1.9031198e-01   3.5706352e-01   3.4848960e-01   3.0000000e+00
  -3.8351329e+00  -3.8351546e+00   3.8873687e-01   3.0255735e-01   8.6179522e-02   5.8198266e-01  -2.2458722e-02   3.0188403e-01   3.0255735e-01   3.0000000e+00
  -3.8315366e+00  -3.8316531e+00   4.5691754e-01   1.3594864e-01   3.2096890e-01   6.8363654e-01   4.3746047e-02   3.1892159e-01   3.2096890e-01   3.0000000e+00
  -3.8186296e+00  -3.8197884e+00   5.8981835e-01   2.2283444e-01   3.6698391e-01   8.7210821e-01   1.5736129e-01   3.4776301e-01   3.6698391e-01   3.0000000e+00
  -3.8039668e+00  -3.8012916e+00   6.9687318e-01   3.5684795e-01   3.4002523e-01   1.0615988e+00   4.4313572e-01   2.7843790e-01   3.4002523e-01   3.0000000e+00
  -3.7919189e+00  -3.7947793e+00   6.9325016e-01   3.1779638e-01   3.7545377e-01   9.6030205e-01   2.6421613e-01   3.7828954e-01   3.1779638e-01   3.0000000e+00
  -3.7919189e+00  -3.7913166e+00   4.9847817e-01   3.3429219e-01   1.6418599e-01   7.6553006e-01   8.5437157e-02   3.4580072e-01   3.3429219e-01   3.0000000e+00
  -3.7845623e+00  -3.7852407e+00   3.8618134e-01   8.1794160e-02   3.0438718e-01   5.7235319e-01   1.6696842e-02   2.5126917e-01   3.0438718e-01   3.0000000e+00
  -3.7845623e+00  -3.7839763e+00   4.6056529e-01   1.3855383e-01   3.2201146e-01   6.4673714e-01   3.1673675e-02   2.9305201e-01   3.2201146e-01   3.0000000e+00
  -3.7740465e+00  -3.7693479e+00   6.5420732e-01   3.4826659e-01   3.0594073e-01   9.8564576e-01   2.2973157e-01   4.0764760e-01   3.4826659e-01   3.0000000e+00
  -3.7519418e+00  -3.7576332e+00   6.5920417e-01   2.7393167e-01   3.8527251e-01   9.3681819e-01   1.9432793e-01   3.5721775e-01   3.8527251e-01   3.0000000e+00
  -3.7425518e+00  -3.7471236e+00   5.5590950e-01   3.6349565e-01   1.9241385e-01   7.7896634e-01   2.8333415e-01   1.3213654e-01   3.6349565e-01   3.0000000e+00
  -3.7421185e+00  -3.7411620e+00   4.4654074e-01   1.1954599e-01   3.2699475e-01   7.9513275e-01   3.6598016e-01   3.0960660e-01   1.1954599e-01   3.0000000e+00
  -3.7375294e+00  -3.7320045e+00   6.6596688e-01   3.9885721e-01   2.6710967e-01   9.3969582e-01   2.0593389e-01   3.3490472e-01   3.9885721e-01   3.0000000e+00
  -3.7242073e+00  -3.7195301e+00   6.8324967e-01   3.7138499e-01   3.1186468e-01   1.0663492e+00   3.8720325e-01   3.0776096e-01   3.7138499e-01   3.0000000e+00
  -3.7131759e+00  -3.7173556e+00   6.3713395e-01   2.7841693e-01   3.5871702e-01   9.5879400e-01   3.1875101e-01   3.6162606e-01   2.7841693e-01   3.0000000e+00
  -3.7072852e+00  -3.7043921e+00   5.5526917e-01   3.3712673e-01   2.1814244e-01   8.5066643e-01   1.4829769e-01   3.6524201e-01   3.3712673e-01   3.0000000e+00
  -3.6989832e+00  -3.6970324e+00   6.2209295e-01   3.0535594e-01   3.1673700e-01   9.1846395e-01   2.3323831e-01   3.6848864e-01   3.1673700e-01   3.0000000e+00
  -3.6932807e+00  -3.6932927e+00   3.8299534e-01   7.3569360e-02   3.0942598e-01   5.7315748e-01  -4.6606492e-02   3.1033799e-01   3.0942598e-01   3.0000000e+00
  -3.6932807e+00  -3.6891177e+00   6.6589484e-01   3.3806187e-01   3.2783298e-01   8.5605698e-01   1.8850845e-01   3.3971555e-01   3.2783298e-01   3.0000000e+00
  -3.6743277e+00  -3.6741808e+00   6.2054846e-01   2.6667568e-01   3.5387278e-01   1.0028835e+00   4.0797436e-01   3.2823342e-01   2.6667568e-01   3.0000000e+00
  -3.6681298e+00  -3.6676842e+00   6.8003226e-01   2.6471081e-01   4.1532145e-01   1.0100943e+00   3.2985938e-01   4.1552413e-01   2.6471081e-01   3.0000000e+00
  -3.6573517e+00  -3.6579149e+00   4.9118613e-01   1.4352204e-01   3.4766408e-01   7.4243027e-01   5.1194278e-02   3.4357191e-01   3.4766408e-01   3.0000000e+00
  -3.6444839e+00  -3.6500261e+00   6.1102593e-01   2.9275078e-01   3.1827515e-01   9.9569651e-01   4.0164575e-01   2.7577561e-01   3.1827515e-01   3.0000000e+00
  -3.6421183e+00  -3.6424458e+00   6.8090600e-01   3.4973625e-01   3.3116974e-01   8.5002327e-01   1.6815725e-01   3.5069628e-01   3.3116974e-01   3.0000000e+00
  -3.6421183e+00  -3.6421168e+00   3.3989476e-01   3.6524624e-02   3.0337014e-01   5.0901204e-01  -9.7680048e-02   3.0332195e-01   3.0337014e-01   3.0000000e+00
  -3.6327765e+00  -3.6326479e+00   5.7261190e-01   2.4040582e-01   3.3220607e-01   8.6928159e-01   2.9466610e-01   3.3420967e-01   2.4040582e-01   3.0000000e+00
  -3.6304665e+00  -3.6256779e+00   6.0455343e-01   3.0348935e-01   3.0106408e-01   9.3960779e-01   3.7967917e-01   2.5643926e-01   3.0348935e-01   3.0000000e+00
  -3.6304665e+00  -3.6222026e+00   6.9198654e-01   3.1892839e-01   3.7305815e-01   1.0270409e+00   4.1062867e-01   2.9748384e-01   3.1892839e-01   3.0000000e+00
  -3.6109535e+00  -3.6108910e+00   4.3723647e-01   3.3626813e-01   1.0096834e-01   6.5594413e-01  -1.6956542e-02   3.3663254e-01   3.3626813e-01   3.0000000e+00
  -3.6061870e+00  -3.6066943e+00   6.3538912e-01   3.2549682e-01   3.0989230e-01   9.1252840e-01   2.5694805e-01   3.3008353e-01   3.2549682e-01   3.0000000e+00
  -3.5881462e+00  -3.5909056e+00   5.9132921e-01   3.1773841e-01   2.7359080e-01   8.6112035e-01   2.4672174e-01   2.9666020e-01   3.1773841e-01   3.0000000e+00
  -3.5881462e+00  -3.5878298e+00   5.8182968e-01   3.8876526e-01   1.9306442e-01   8.5162082e-01   3.2202034e-01   1.4083521e-01   3.8876526e-01   3.0000000e+00
  -3.5848538e+00  -3.5796240e+00   5.5203019e-01   2.7957597e-01   2.7245422e-01   8.4177681e-01   2.9788148e-01   2.6431935e-01   2.7957597e-01   3.0000000e+00
  -3.5709716e+00  -3.5668453e+00   6.7286618e-01   3.4952824e-01   3.2333795e-01   9.5476009e-01   2.8132252e-01   3.2390934e-01   3.4952824e-01   3.0000000e+00
  -3.5601526e+00  -3.5620636e+00   5.7594261e-01   2.9343277e-01   2.8250983e-01   7.7424893e-01   1.9822144e-01   2.9351765e-01   2.8250983e-01   3.0000000e+00
  -3.5601526e+00  -3.5601561e+00   3.9693306e-01   6.7995061e-02   3.2893800e-01   5.9523938e-01  -6.2624238e-02   3.2892562e-01   3.2893800e-01   3.0000000e+00
  -3.5601526e+00  -3.5552432e+00   5.4379595e-01   2.7902148e-01   2.6477447e-01   7.4210227e-01   1.9827940e-01   2.6480139e-01   2.7902148e-01   3.0000000e+00
  -3.5436962e+00  -3.5452842e+00   5.7128641e-01   2.5438507e-01   3.1690134e-01   8.3442798e-01   2.4686348e-01   2.7066316e-01   3.1690134e-01   3.0000000e+00
  -3.5417023e+00  -3.5400233e+00   5.3885520e-01   1.6939110e-01   3.6946411e-01   8.2191447e-01   6.3251808e-02   3.8919855e-01   3.6946411e-01   3.0000000e+00
  -3.5417023e+00  -3.5380036e+00   6.4841392e-01   3.7865028e-01   2.6976365e-01   9.3147319e-01   3.8376509e-01   2.7794446e-01   2.6976365e-01   3.0000000e+00
  -3.5231870e+00  -3.5224014e+00   5.2042606e-01   2.5677487e-01   2.6365119e-01   8.1713429e-01   3.0421453e-01   2.5614489e-01   2.5677487e-01   3.0000000e+00
  -3.5062239e+00  -3.5066869e+00   5.3465111e-01   2.8077609e-01   2.5387502e-01   7.1305197e-01   1.7838873e-01   2.8078821e-01   2.5387502e-01   3.0000000e+00
  -3.5062239e+00  -3.5062208e+00   3.5656492e-01   3.5700897e-02   3.2086402e-01   5.3496577e-01  -1.0681361e-01   3.2091537e-01   3.2086402e-01   3.0000000e+00
  -3.4998178e+00  -3.5023330e+00   5.4447495e-01   2.6066372e-01   2.8381124e-01   9.1975087e-01   3.7724162e-01   2.8184553e-01   2.6066372e-01   3.0000000e+00
  -3.4893520e+00  -3.4934013e+00   4.9499652e-01   2.6951799e-01   2.2547853e-01   7.3531436e-01   2.0577508e-01   2.6002128e-01   2.6951799e-01   3.0000000e+00
  -3.4893520e+00  -3.4897584e+00   5.0207837e-01   3.7400911e-01   1.2806927e-01   7.4239621e-01   1.7843988e-03   3.6660270e-01   3.7400911e-01   3.0000000e+00
  -3.4893520e+00  -3.4858821e+00   6.1789568e-01   2.7436877e-01   3.4352690e-01   8.5821351e-01   2.3007689e-01   3.5376785e-01   2.7436877e-01   3.0000000e+00
  -3.4798913e+00  -3.4793232e+00   4.9911357e-01   2.3209272e-01   2.6702085e-01   7.4957201e-01   2.1926937e-01   2.6328179e-01   2.6702085e-01   3.0000000e+00
  -3.4798913e+00  -3.4717618e+00   5.2218388e-01   2.5208915e-01   2.7009474e-01   7.7264233e-01   2.8955076e-01   2.3100242e-01   2.5208915e-01   3.0000000e+00
  -3.4607081e+00  -3.4701166e+00   4.7790500e-01   2.5555629e-01   2.2234871e-01   7.4985050e-01   3.1156503e-01   1.8272918e-01   2.5555629e-01   3.0000000e+00
  -3.4520126e+00  -3.4518275e+00   5.0561411e-01   2.8847030e-01   2.1714381e-01   7.4623578e-01   2.3726260e-01   2.9182937e-01   2.1714381e-01   3.0000000e+00
  -3.4481525e+00  -3.4458543e+00   6.3489372e-01   2.3898768e-01   3.9590604e-01   8.7057125e-01   2.2112886e-01   2.5353636e-01   3.9590604e-01   3.0000000e+00
  -3.4355298e+00  -3.4354552e+00   4.3953014e-01   3.5733042e-01   8.2199718e-02   6.6060363e-01  -5.6713989e-02   3.5998719e-01   3.5733042e-01   3.0000000e+00
  -3.4314855e+00  -3.4318909e+00   5.0123918e-01   2.9589107e-01   2.0534811e-01   7.7794284e-01   1.5756540e-01   3.2448637e-01   2.9589107e-01   3.0000000e+00
  -3.4314855e+00  -3.4273904e+00   4.8541877e-01   2.2954165e-01   2.5587712e-01   7.6212242e-01   3.1209251e-01   2.2048826e-01   2.2954165e-01   3.0000000e+00
  -3.4221326e+00  -3.4213599e+00   4.6151912e-01   2.1670249e-01   2.4481663e-01   6.8143674e-01   2.4954740e-01   2.1518686e-01   2.1670249e-01   3.0000000e+00
  -3.4221326e+00  -3.4146069e+00   4.6760433e-01   2.4306036e-01   2.2454397e-01   6.8752196e-01   1.9451072e-01   2.4995088e-01   2.4306036e-01   3.0000000e+00
  -3.4016251e+00  -3.4020302e+00   4.6779288e-01   2.4424676e-01   2.2354612e-01   7.9224322e-01   3.6261880e-01   2.0607830e-01   2.2354612e-01   3.0000000e+00
  -3.4016251e+00  -3.3987830e+00   5.2529129e-01   2.2677855e-01   2.9851274e-01   8.4974163e-01   3.5466602e-01   2.6829706e-01   2.2677855e-01   3.0000000e+00
  -3.4016251e+00  -3.3941158e+00   4.1073420e-01   1.8606300e-01   2.2467121e-01   7.3518454e-01   3.3004402e-01   2.1907752e-01   1.8606300e-01   3.0000000e+00
  -3.3853144e+00  -3.3835737e+00   4.9900101e-01   2.6787342e-01   2.3112759e-01   7.8951969e-01   3.3395494e-01   1.8769132e-01   2.6787342e-01   3.0000000e+00
  -3.3781001e+00  -3.3787089e+00   5.0976082e-01   1.8372392e-01   3.2603690e-01   7.0342480e-01   3.3899930e-01   1.8070159e-01   1.8372392e-01   3.0000000e+00
  -3.3781001e+00  -3.3781000e+00   3.9374976e-01   3.3382554e-01   5.9924220e-02   5.8741374e-01  -9.2330580e-02   3.4591878e-01   3.3382554e-01   3.0000000e+00
  -3.3719926e+00  -3.3720045e+00   3.9357011e-01   2.1057475e-01   1.8299536e-01   6.2029062e-01   2.2925004e-01   2.0804522e-01   1.8299536e-01   3.0000000e+00
  -3.3601828e+00  -3.3586735e+00   5.1828712e-01   1.9607706e-01   3.2221005e-01   7.6958447e-01   2.4381566e-01   3.2969175e-01   1.9607706e-01   3.0000000e+00
  -3.3522597e+00  -3.3522383e+00   4.1980144e-01   1.9243290e-01   2.2736854e-01   6.1732621e-01   2.2910114e-01   1.9579217e-01   1.9243290e-01   3.0000000e+00
  -3.3442584e+00  -3.3436998e+00   3.9752764e-01   2.0634629e-01   1.9118135e-01   6.4185716e-01   2.4444892e-01   1.9106195e-01   2.0634629e-01   3.0000000e+00
  -3.3407435e+00  -3.3405922e+00   5.0153059e-01   2.5769337e-01   2.4383722e-01   6.9183597e-01   1.8860964e-01   2.4553297e-01   2.5769337e-01   3.0000000e+00
  -3.3220308e+00  -3.3291676e+00   5.2015240e-01   3.3241422e-01   1.8773818e-01   7.7383275e-01   1.0072464e-01   3.4069389e-01   3.3241422e-01   3.0000000e+00
  -3.3220308e+00  -3.3228328e+00   4.0763347e-01   2.1438252e-01   1.9325095e-01   6.6131381e-01   2.7172198e-01   1.7520932e-01   2.1438252e-01   3.0000000e+00
  -3.3220308e+00  -3.3214992e+00   4.6631093e-01   1.7227339e-01   2.9403755e-01   7.1999128e-01   3.6881008e-01   5.7143653e-02   2.9403755e-01   3.0000000e+00
  -3.3143225e+00  -3.3174435e+00   3.7227992e-01   1.6921702e-01   2.0306290e-01   6.0909707e-01   2.4057855e-01   1.6545562e-01   2.0306290e-01   3.0000000e+00
  -3.3095915e+00  -3.3104789e+00   4.2345134e-01   1.9492145e-01   2.2852989e-01   6.4709298e-01   1.9425307e-01   2.2431002e-01   2.2852989e-01   3.0000000e+00
  -3.2973671e+00  -3.3009060e+00   4.9862713e-01   1.9296633e-01   3.0566079e-01   6.7687869e-01   1.7779884e-01   1.9341905e-01   3.0566079e-01   3.0000000e+00
  -3.2934813e+00  -3.2912675e+00   3.5041215e-01   1.5637612e-01   1.9403603e-01   5.4832058e-01   2.0833297e-01   1.8361148e-01   1.5637612e-01   3.0000000e+00
  -3.2855927e+00  -3.2863145e+00   4.3399342e-01   1.9159425e-01   2.4239918e-01   5.9831260e-01   1.5144538e-01   2.0446804e-01   2.4239918e-01   3.0000000e+00
  -3.2753250e+00  -3.2743719e+00   4.2397161e-01   2.2853791e-01   1.9543370e-01   6.7713779e-01   2.6789111e-01   2.1381297e-01   1.9543370e-01   3.0000000e+00
  -3.2663011e+00  -3.2699487e+00   4.3309864e-01   1.8109381e-01   2.5200483e-01   7.0258821e-01   2.8714049e-01   2.3435390e-01   1.8109381e-01   3.0000000e+00
  -3.2663011e+00  -3.2659192e+00   3.4533357e-01   1.8375116e-01   1.6158241e-01   6.1482313e-01   2.7346287e-01   1.5760911e-01   1.8375116e-01   3.0000000e+00
  -3.2579907e+00  -3.2600371e+00   4.4829323e-01   7.0812874e-02   3.7748036e-01   6.6049614e-01  -3.9919826e-02   3.2293561e-01   3.7748036e-01   3.0000000e+00
  -3.2579907e+00  -3.2577522e+00   3.5775762e-01   1.7350475e-01   1.8425288e-01   5.6996053e-01   2.3065310e-01   1.6580269e-01   1.7350475e-01   3.0000000e+00
  -3.2415607e+00  -3.2450417e+00   4.1912105e-01   1.5381243e-01   2.6530862e-01   6.6688603e-01   3.0314545e-01   2.0992815e-01   1.5381243e-01   3.0000000e+00
  -3.2415607e+00  -3.2416757e+00   3.9882035e-01   1.9511933e-01   2.0370102e-01   6.4658533e-01   2.4900799e-01   2.0245801e-01   1.9511933e-01   3.0000000e+00
  -3.2415607e+00  -3.2378752e+00   3.3198682e-01   1.7074766e-01   1.6123916e-01   5.7975180e-01   2.7527564e-01   1.3372849e-01   1.7074766e-01   3.0000000e+00
  -3.2301785e+00  -3.2307284e+00   4.1120359e-01   1.9081500e-01   2.2038859e-01   6.1519567e-01   1.6286019e-01   2.3194689e-01   2.2038859e-01   3.0000000e+00
  -3.2271064e+00  -3.2205401e+00   4.4737338e-01   2.7770399e-01   1.6966938e-01   6.6338664e-01   1.1625302e-01   2.6942963e-01   2.7770399e-01   3.0000000e+00
  -3.2133389e+00  -3.2176261e+00   3.6080434e-01   1.9779999e-01   1.6300435e-01   5.1871926e-01   1.5604255e-01   1.6487672e-01   1.9779999e-01   3.0000000e+00
  -3.2063234e+00  -3.2060782e+00   3.4544728e-01   1.4688870e-01   1.9855858e-01   5.2447585e-01   1.7848162e-01   1.9910553e-01   1.4688870e-01   3.0000000e+00
  -3.2027959e+00  -3.1997076e+00   3.6664188e-01   1.5320053e-01   2.1344135e-01   5.5774377e-01   9.8763109e-02   2.4553931e-01   2.1344135e-01   3.0000000e+00
  -3.1870201e+00  -3.1912395e+00   4.0406695e-01   1.8230681e-01   2.2176014e-01   6.1244098e-01   2.5418008e-01   1.7595409e-01   1.8230681e-01   3.0000000e+00
  -3.1870201e+00  -3.1846643e+00   3.3332703e-01   1.6494948e-01   1.6837755e-01   5.4170106e-01   2.0843609e-01   1.6488743e-01   1.6837755e-01   3.0000000e+00
  -3.1798872e+00  -3.1825419e+00   4.3171561e-01   2.4212313e-01   1.8959248e-01   5.6054910e-01   1.2806734e-01   1.9035862e-01   2.4212313e-01   3.0000000e+00
  -3.1798872e+00  -3.1775887e+00   3.6585015e-01   1.3482196e-01   2.3102819e-01   4.9468363e-01   1.0341876e-01   1.6023668e-01   2.3102819e-01   3.0000000e+00
  -3.1621722e+00  -3.1694894e+00   3.3745250e-01   1.7278381e-01   1.6466870e-01   5.5908974e-01   2.6547458e-01   1.2083135e-01   1.7278381e-01   3.0000000e+00
  -3.1612876e+00  -3.1605352e+00   4.1100555e-01   2.0598813e-01   2.0501743e-01   5.7554608e-01   1.5952288e-01   2.1100577e-01   2.0501743e-01   3.0000000e+00
  -3.1536250e+00  -3.1570949e+00   3.4898787e-01   1.6433232e-01   1.8465555e-01   5.1196228e-01   1.2776116e-01   1.9954557e-01   1.8465555e-01   3.0000000e+00
  -3.1531009e+00  -3.1514655e+00   3.1293920e-01   1.8183073e-01   1.3110846e-01   5.4028728e-01   2.6007923e-01   9.8377315e-02   1.8183073e-01   3.0000000e+00
  -3.1531009e+00  -3.1505143e+00   3.5882845e-01   2.3501295e-01   1.2381549e-01   5.8617653e-01   9.0408650e-02   2.6075492e-01   2.3501295e-01   3.0000000e+00
  -3.1407364e+00  -3.1403466e+00   3.6055898e-01   1.1721807e-01   2.4334092e-01   5.1133838e-01   1.5791403e-01   1.1008343e-01   2.4334092e-01   3.0000000e+00
  -3.1331301e+00  -3.1323722e+00   3.7751471e-01   1.5887390e-01   2.1864081e-01   5.5360500e-01   2.6264733e-01   1.3208377e-01   1.5887390e-01   3.0000000e+00
  -3.1232661e+00  -3.1251880e+00   2.6086387e-01   1.0628589e-01   1.5457799e-01   3.9551369e-01   9.7562302e-02   1.4337339e-01   1.5457799e-01   3.0000000e+00
  -3.1186511e+00  -3.1194531e+00   3.3687895e-01   2.0616193e-01   1.3071702e-01   4.8639911e-01   1.4943816e-01   2.0624393e-01   1.3071702e-01   3.0000000e+00
  -3.1092692e+00  -3.1099751e+00   3.2613518e-01   1.3262985e-01   1.9350533e-01   4.6944396e-01   2.1700913e-01   1.1980498e-01   1.3262985e-01   3.0000000e+00
  -3.1092692e+00  -3.1053432e+00   3.0376733e-01   1.3137382e-01   1.7239351e-01   4.4707611e-01   1.8926864e-01   1.2643365e-01   1.3137382e-01   3.0000000e+00
  -3.0946953e+00  -3.0947390e+00   2.9910003e-01   1.2617417e-01   1.7292587e-01   4.0691945e-01   1.0569446e-01   1.7505082e-01   1.2617417e-01   3.0000000e+00
  -3.0863774e+00  -3.0882118e+00   3.0710456e-01   1.8066841e-01   1.2643615e-01   5.3515517e-01   2.2836493e-01   1.8035409e-01   1.2643615e-01   3.0000000e+00
  -3.0863774e+00  -3.0855661e+00   3.3175587e-01   1.7274693e-01   1.5900894e-01   5.5980647e-01   2.3005228e-01   1.5700726e-01   1.7274693e-01   3.0000000e+00
  -3.0863774e+00  -3.0809226e+00   3.6118530e-01   1.9047256e-01   1.7071274e-01   5.8923590e-01   3.0090854e-01   9.7854802e-02   1.9047256e-01   3.0000000e+00
  -3.0743474e+00  -3.0740722e+00   2.7889269e-01   1.0490104e-01   1.7399165e-01   4.3759264e-01   1.5960605e-01   1.0399494e-01   1.7399165e-01   3.0000000e+00
  -3.0743474e+00  -3.0696125e+00   3.6198077e-01   1.7008857e-01   1.9189220e-01   5.2068072e-01   1.5365203e-01   1.9694012e-01   1.7008857e-01   3.0000000e+00
  -3.0647760e+00  -3.0605794e+00   2.6449099e-01   1.3824638e-01   1.2624461e-01   4.3386589e-01   1.6949772e-01   1.2612179e-01   1.3824638e-01   3.0000000e+00
  -3.0647760e+00  -3.0583832e+00   3.6858858e-01   1.8379461e-01   1.8479397e-01   5.3796348e-01   1.0880334e-01   2.4436617e-01   1.8479397e-01   3.0000000e+00
  -3.0510964e+00  -3.0493094e+00   2.8793692e-01   1.4948337e-01   1.3845354e-01   4.5138678e-01   1.8797137e-01   1.2496186e-01   1.3845354e-01   3.0000000e+00
  -3.0416765e+00  -3.0417458e+00   3.1990259e-01   2.0779794e-01   1.1210465e-01   4.4805736e-01   7.8436446e-02   1.6182298e-01   2.0779794e-01   3.0000000e+00
  -3.0382121e+00  -3.0343929e+00   2.1244569e-01   9.7814833e-02   1.1463086e-01   3.3629606e-01   1.2466662e-01   1.1381460e-01   9.7814833e-02   3.0000000e+00
  -3.0255043e+00  -3.0286563e+00   2.9054433e-01   1.6678056e-01   1.2376376e-01   4.4471281e-01   1.9584914e-01   1.2509991e-01   1.2376376e-01   3.0000000e+00
  -3.0255043e+00  -3.0266865e+00   3.9162610e-01   1.6589613e-01   2.2572998e-01   5.4579458e-01   2.5194982e-01   1.2794864e-01   1.6589613e-01   3.0000000e+00
  -3.0169488e+00  -3.0183946e+00   2.9679654e-01   1.0870802e-01   1.8808852e-01   3.9620824e-01   5.5665465e-02   1.5245425e-01   1.8808852e-01   3.0000000e+00
  -3.0169488e+00  -3.0121844e+00   2.9100321e-01   1.2349748e-01   1.6750573e-01   3.9041491e-01   9.3091480e-02   1.2981770e-01   1.6750573e-01   3.0000000e+00
  -3.0069913e+00  -3.0081394e+00   2.5416547e-01   1.4270588e-01   1.1145959e-01   4.1135162e-01   2.2145101e-01   7.8441026e-02   1.1145959e-01   3.0000000e+00
  -2.9994622e+00  -2.9976979e+00   3.4298387e-01   1.6613589e-01   1.7684798e-01   4.5687824e-01   1.1370591e-01   1.7703643e-01   1.6613589e-01   3.0000000e+00
  -2.9994622e+00  -2.9958050e+00   2.4624366e-01   1.5239161e-01   9.3852046e-02   3.6013802e-01   1.6258891e-01   1.0369707e-01   9.3852046e-02   3.0000000e+00
  -2.9794547e+00  -2.9874100e+00   2.2267102e-01   9.2222885e-02   1.3044813e-01   3.5434640e-01   7.2965755e-02   1.5093251e-01   1.3044813e-01   3.0000000e+00
  -2.9785401e+00  -2.9783569e+00   2.4629719e-01   1.2854855e-01   1.1774864e-01   4.0988185e-01   1.9331797e-01   8.8015329e-02   1.2854855e-01   3.0000000e+00
  -2.9731250e+00  -2.9731546e+00   3.0113945e-01   9.6488308e-02   2.0465114e-01   4.3612122e-01   2.6066306e-01   7.8969847e-02   9.6488308e-02   3.0000000e+00
  -2.9695275e+00  -2.9673617e+00   1.9638581e-01   7.5664732e-02   1.2072108e-01   4.2324826e-01   2.2996912e-01   7.2558060e-02   1.2072108e-01   3.0000000e+00
  -2.9593880e+00  -2.9634066e+00   2.9569070e-01   1.2483288e-01   1.7085781e-01   3.9491249e-01   8.4560720e-02   1.8551889e-01   1.2483288e-01   3.0000000e+00
  -2.9543451e+00  -2.9547065e+00   2.3313076e-01   1.0446482e-01   1.2866594e-01   4.0931945e-01   1.8349513e-01   1.2135950e-01   1.0446482e-01   3.0000000e+00
  -2.9481302e+00  -2.9460519e+00   2.1674192e-01   1.0577750e-01   1.1096443e-01   3.1367112e-01   7.2193480e-02   1.3570014e-01   1.0577750e-01   3.0000000e+00
  -2.9407826e+00  -2.9407155e+00   2.5601823e-01   1.6717733e-01   8.8840904e-02   3.7540725e-01   2.3329532e-01   5.3271024e-02   8.8840904e-02   3.0000000e+00
  -2.9341652e+00  -2.9356787e+00   2.7949458e-01   1.9165464e-01   8.7839947e-02   4.0197101e-01   4.5279706e-02   1.6503667e-01   1.9165464e-01   3.0000000e+00
  -2.9341652e+00  -2.9311611e+00   2.5503239e-01   1.2903364e-01   1.2599875e-01   3.7750882e-01   5.5580311e-02   1.9592976e-01   1.2599875e-01   3.0000000e+00
  -2.9278759e+00  -2.9271415e+00   2.7684253e-01   1.6106282e-01   1.1577970e-01   3.7273156e-01   8.1934956e-02   1.7501690e-01   1.1577970e-01   3.0000000e+00
  -2.9168443e+00  -2.9185398e+00   2.5363804e-01   1.3988639e-01   1.1375165e-01   3.8034115e-01   1.4432700e-01   1.2226249e-01   1.1375165e-01   3.0000000e+00
  -2.9165422e+00  -2.9132401e+00   1.7593534e-01   1.1268142e-01   6.3253925e-02   3.2760452e-01   1.5200766e-01   6.2915439e-02   1.1268142e-01   3.0000000e+00
  -2.9017891e+00  -2.9084109e+00   1.8004148e-01   3.8243335e-02   1.4179814e-01   2.5980210e-01   2.2768871e-02   9.5235090e-02   1.4179814e-01   3.0000000e+00
  -2.9013560e+00  -2.9008939e+00   2.6095571e-01   1.6835217e-01   9.2603542e-02   3.8376202e-01   1.2358939e-01   9.1820465e-02   1.6835217e-01   3.0000000e+00
  -2.8954776e+00  -2.8959311e+00   2.7290840e-01   1.8916350e-01   8.3744905e-02   4.1455130e-01   6.0988819e-02   1.6439899e-01   1.8916350e-01   3.0000000e+00
  -2.8912982e+00  -2.8871994e+00   2.5879145e-01   1.7525911e-01   8.3532336e-02   3.5366939e-01   9.4232578e-02   1.7590448e-01   8.3532336e-02   3.0000000e+00
  -2.8811179e+00  -2.8806876e+00   1.6547264e-01   5.9867768e-02   1.0560487e-01   2.9136394e-01   1.5723050e-01   2.8528575e-02   1.0560487e-01   3.0000000e+00
  -2.8745227e+00  -2.8741556e+00   2.7620437e-01   1.2014019e-01   1.5606418e-01   3.7843714e-01   9.8444338e-02   1.5985261e-01   1.2014019e-01   3.0000000e+00
  -2.8745227e+00  -2.8688496e+00   2.0700616e-01   1.0565872e-01   1.0134744e-01   3.0923893e-01   1.1639713e-01   9.1494362e-02   1.0134744e-01   3.0000000e+00
  -2.8537366e+00  -2.8635696e+00   1.9333107e-01   8.1600257e-02   1.1173081e-01   2.8346988e-01   1.5993751e-01   4.1932115e-02   8.1600257e-02   3.0000000e+00
  -2.8537366e+00  -2.8560377e+00   2.0987620e-01   1.1504125e-01   9.4834949e-02   3.0001501e-01   8.8481541e-02   1.1669852e-01   9.4834949e-02   3.0000000e+00
  -2.8537366e+00  -2.8542311e+00   2.9075928e-01   1.6600728e-01   1.2475200e-01   3.8089809e-01   5.6943592e-02   1.9920250e-01   1.2475200e-01   3.0000000e+00
  -2.8479468e+00  -2.8470160e+00   1.4913846e-01   1.0141522e-01   4.7723242e-02   2.2028704e-01   4.2108929e-02   7.6762889e-02   1.0141522e-01   3.0000000e+00
  -2.8362480e+00  -2.8390159e+00   2.1983709e-01   1.2438933e-01   9.5447765e-02   3.1416132e-01   1.2452479e-01   9.4188774e-02   9.5447765e-02   3.0000000e+00
  -2.8271813e+00  -2.8316829e+00   1.8989077e-01   1.1712929e-01   7.2761477e-02   2.6733822e-01   1.4246034e-01   5.2116400e-02   7.2761477e-02   3.0000000e+00
  -2.8271813e+00  -2.8267632e+00   1.8039995e-01   5.8831787e-02   1.2156817e-01   2.5784740e-01   5.0589391e-02   8.5689845e-02   1.2156817e-01   3.0000000e+00
  -2.8214425e+00  -2.8223948e+00   2.1911456e-01   1.3899765e-01   8.0116907e-02   3.3940504e-01   1.5943467e-01   9.9853465e-02   8.0116907e-02   3.0000000e+00
  -2.8214425e+00  -2.8185317e+00   1.6609814e-01   4.8719213e-02   1.1737893e-01   2.8638863e-01   8.3256947e-03   1.6068400e-01   1.1737893e-01   3.0000000e+00
  -2.8120301e+00  -2.8087968e+00   1.7856070e-01   1.0945527e-01   6.9105431e-02   2.6261547e-01   1.6318935e-01   3.0320689e-02   6.9105431e-02   3.0000000e+00
  -2.8006369e+00  -2.8038864e+00   1.7693894e-01   5.6041504e-02   1.2089743e-01   2.4778883e-01   1.5546276e-01   3.6284565e-02   5.6041504e-02   3.0000000e+00
  -2.7979991e+00  -2.7977760e+00   1.8166051e-01   6.4669475e-02   1.1699104e-01   3.5277449e-01   1.7763077e-01   5.8152682e-02   1.1699104e-01   3.0000000e+00
  -2.7879933e+00  -2.7909737e+00   2.2241740e-01   1.2479581e-01   9.7621594e-02   3.0817630e-01   5.5134886e-02   1.5541982e-01   9.7621594e-02   3.0000000e+00
  -2.7879933e+00  -2.7875291e+00   1.1891780e-01   7.7901339e-02   4.1016465e-02   2.0467671e-01   1.0861099e-01   5.5049255e-02   4.1016465e-02   3.0000000e+00
  -2.7831368e+00  -2.7794761e+00   1.6146797e-01   1.2851526e-01   3.2952702e-02   2.4449152e-01   1.6738270e-01   4.4156122e-02   3.2952702e-02   3.0000000e+00
  -2.7715654e+00  -2.7723751e+00   1.4224204e-01   6.5675181e-02   7.6566863e-02   2.3220906e-01   1.3721990e-01   2.9313978e-02   6.5675181e-02   3.0000000e+00
  -2.7653459e+00  -2.7651263e+00   1.3820472e-01   8.0655453e-02   5.7549271e-02   2.2954233e-01   1.5694676e-01   1.5046292e-02   5.7549271e-02   3.0000000e+00
  -2.7599918e+00  -2.7604669e+00   2.2819434e-01   2.0003285e-01   2.8161491e-02   3.7335408e-01   1.3614334e-01   2.0904925e-01   2.8161491e-02   3.0000000e+00
  -2.7599918e+00  -2.7563967e+00   1.4175768e-01   3.3447612e-02   1.0831007e-01   2.8691742e-01   1.8340669e-01   7.0063113e-02   3.3447612e-02   3.0000000e+00
  -2.7503215e+00  -2.7486865e+00   2.0597037e-01   1.3502900e-01   7.0941371e-02   3.0640990e-01   3.1119557e-02   1.4026135e-01   1.3502900e-01   3.0000000e+00
  -2.7469976e+00  -2.7411981e+00   1.4839207e-01   8.3196696e-02   6.5195377e-02   2.1866497e-01   3.6371629e-02   9.9096645e-02   8.3196696e-02   3.0000000e+00
  -2.7325847e+00  -2.7388947e+00   1.4394360e-01   8.0349810e-02   6.3593792e-02   2.0980555e-01   6.1198101e-02   6.8257642e-02   8.0349810e-02   3.0000000e+00
  -2.7284671e+00  -2.7273509e+00   1.2085734e-01   9.0153299e-02   3.0704043e-02   2.0934693e-01   1.1251368e-01   6.6129199e-02   3.0704043e-02   3.0000000e+00
  -2.7250886e+00  -2.7251256e+00   1.8642450e-01   1.2247892e-01   6.3945579e-02   2.4104158e-01   1.5879417e-01   1.8301834e-02   6.3945579e-02   3.0000000e+00
  -2.7160914e+00  -2.7203247e+00   1.2774127e-01   8.8134540e-02   3.9606729e-02   1.9034367e-01   1.3138909e-01   1.9347842e-02   3.9606729e-02   3.0000000e+00
  -2.7118946e+00  -2.7110169e+00   1.5343222e-01   8.1999312e-02   7.1432907e-02   1.8430147e-01   2.9387766e-02   7.2914393e-02   8.1999312e-02   3.0000000e+00
  -2.7118946e+00  -2.7068457e+00   1.3796650e-01   8.9222033e-02   4.8744472e-02   1.6883576e-01   2.5900139e-02   9.4191146e-02   4.8744472e-02   3.0000000e+00
  -2.6969827e+00  -2.6981734e+00   1.1490950e-01   9.7103507e-02   1.7805989e-02   2.2194751e-01   1.1468534e-01   8.9456182e-02   1.7805989e-02   3.0000000e+00
  -2.6961088e+00  -2.6955355e+00   2.1398842e-01   1.0543439e-01   1.0855402e-01   2.6012713e-01   2.3483140e-02   1.2808997e-01   1.0855402e-01   3.0000000e+00
  -2.6961088e+00  -2.6930658e+00   1.0421618e-01   2.7654398e-02   7.6561777e-02   1.5035489e-01   9.8184364e-02   2.4516129e-02   2.7654398e-02   3.0000000e+00
  -2.6822772e+00  -2.6873233e+00   1.2195513e-01   4.1243951e-02   8.0711178e-02   1.7169941e-01   9.1213274e-02   3.9242184e-02   4.1243951e-02   3.0000000e+00
  -2.6762005e+00  -2.6785654e+00   1.2742087e-01   5.5506523e-02   7.1914345e-02   1.7554356e-01   3.6681920e-02   8.3355117e-02   5.5506523e-02   3.0000000e+00
  -2.6762005e+00  -2.6738418e+00   1.6174436e-01   1.2118922e-01   4.0555147e-02   2.0986706e-01  -2.0008015e-02   1.0868585e-01   1.2118922e-01   3.0000000e+00
  -2.6668926e+00  -2.6641580e+00   9.9610451e-02   9.2791658e-02   6.8187934e-03   1.8922310e-01  -1.0080795e-02   1.0651224e-01   9.2791658e-02   3.0000000e+00
  -2.6668926e+00  -2.6606920e+00   1.0066092e-01   1.0115865e-03   9.9649329e-02   1.9027357e-01   1.6953971e-01   1.9722276e-02   1.0115865e-03   3.0000000e+00
  -2.6505025e+00  -2.6552880e+00   1.0017633e-01   3.7659204e-02   6.2517130e-02   1.4943075e-01   7.0606588e-02   4.1164957e-02   3.7659204e-02   3.0000000e+00
  -2.6505025e+00  -2.6490376e+00   1.5743846e-01   3.0223835e-02   1.2721463e-01   2.0669288e-01   6.2526895e-03   7.3225560e-02   1.2721463e-01   3.0000000e+00
  -2.6442302e+00  -2.6455981e+00   9.5789270e-02   7.6958397e-02   1.8830873e-02   1.7801774e-01   1.3064676e-02   8.7994663e-02   7.6958397e-02   3.0000000e+00
  -2.6389016e+00  -2.6413842e+00   1.0793399e-01   7.4962770e-02   3.2971216e-02   1.3268361e-01   2.4616210e-02   7.5096182e-02   3.2971216e-02   3.0000000e+00
  -2.6318663e+00  -2.6309064e+00   8.8343363e-02   8.2988450e-03   8.0044518e-02   1.1588657e-01   1.0831960e-01  -7.3186781e-04   8.2988450e-03   3.0000000e+00
  -2.6248280e+00  -2.6247358e+00   1.4989595e-01  -2.9628336e-02   1.7952428e-01   2.2687735e-01   7.5994262e-02   1.8051142e-01  -2.9628336e-02   3.0000000e+00
  -2.6187653e+00  -2.6166349e+00   5.4457261e-02   9.4245963e-04   5.3514802e-02   6.8816744e-02  -2.4054570e-02   3.9356513e-02   5.3514802e-02   3.0000000e+00
  -2.6095494e+00  -2.6135171e+00   4.9732281e-02   3.8463156e-02   1.1269125e-02   1.0714293e-01   5.8058421e-02   3.7815381e-02   1.1269125e-02   3.0000000e+00
  -2.6086363e+00  -2.6059619e+00   1.3103266e-01   3.1706429e-02   9.9326228e-02   2.0972551e-01   5.6877932e-03   1.0471149e-01   9.9326228e-02   3.0000000e+00
  -2.5932704e+00  -2.5995293e+00   4.1811193e-02   1.2818280e-02   2.8992913e-02   8.2994386e-02   6.6795141e-02   3.3809646e-03   1.2818280e-02   3.0000000e+00
  -2.5932704e+00  -2.5951615e+00   7.3713261e-02   1.0461013e-01  -3.0896874e-02   1.1489645e-01   1.4577996e-01   1.3369442e-05  -3.0896874e-02   3.0000000e+00
  -2.5904208e+00  -2.5904301e+00   1.2890839e-01   8.3437106e-03   1.2056468e-01   2.1698814e-01   8.2058244e-02   1.2658618e-01   8.3437106e-03   3.0000000e+00
  -2.5816706e+00  -2.5811790e+00   9.0731940e-02   2.9522903e-02   6.1209038e-02   1.1502868e-01   2.0392563e-02   6.5113212e-02   2.9522903e-02   3.0000000e+00
  -2.5816706e+00  -2.5792751e+00   3.8604937e-02  -3.2434250e-03   4.1848362e-02   6.2901675e-02   6.2938825e-02   3.2062755e-03  -3.2434250e-03   3.0000000e+00
  -2.5763263e+00  -2.5686733e+00   7.3722591e-02   6.0915576e-02   1.2807015e-02   9.3482056e-02   6.8441341e-02   1.2233701e-02   1.2807015e-02   3.0000000e+00
  -2.5589099e+00  -2.5671744e+00   1.0497385e-01   6.6001570e-02   3.8972282e-02   1.3913643e-01   1.5942661e-02   5.7192201e-02   6.6001570e-02   3.0000000e+00
  -2.5589099e+00  -2.5577878e+00   1.1704913e-02   2.5669013e-02  -1.3964099e-02   4.5867493e-02  -3.2700877e-02   5.2899358e-02   2.5669013e-02   3.0000000e+00
  -2.5564252e+00  -2.5554897e+00   1.1058539e-01   8.3589702e-02   2.6995693e-02   1.2190576e-01   1.0813760e-01  -1.3227539e-02   2.6995693e-02   3.0000000e+00
  -2.5513774e+00  -2.5508630e+00   5.2519141e-02   5.1751740e-02   7.6740107e-04   1.2396161e-01   8.1719177e-02   4.1475029e-02   7.6740107e-04   3.0000000e+00
  -2.5435514e+00  -2.5429380e+00   8.1895672e-02   3.0634195e-02   5.1261477e-02   7.3980910e-02  -7.9590302e-03   5.1305745e-02   3.0634195e-02   3.0000000e+00
  -2.5377102e+00  -2.5361785e+00   7.1486950e-02   3.1509994e-02   3.9976957e-02   9.6410725e-02   2.3225880e-02   4.1674852e-02   3.1509994e-02   3.0000000e+00
  -2.5309156e+00  -2.5308762e+00   8.4888327e-02   1.0688583e-01  -2.1997503e-02   1.4594040e-01   1.5292351e-01   1.5014398e-02  -2.1997503e-02   3.0000000e+00
  -2.5309156e+00  -2.5268169e+00   1.0563892e-01   9.3940809e-02   1.1698115e-02   1.6669100e-01  -2.5572564e-02   9.8322755e-02   9.3940809e-02   3.0000000e+00
  -2.5206919e+00  -2.5225063e+00   1.9598690e-02   2.2021767e-02  -2.4230768e-03   5.3140197e-02   5.2391395e-02  -2.1272965e-02   2.2021767e-02   3.0000000e+00
  -2.5173257e+00  -2.5162259e+00  -3.7710416e-03  -1.7045188e-02   1.3274146e-02   7.3429411e-03   2.0918334e-02   3.4697954e-03  -1.7045188e-02   3.0000000e+00
  -2.5054027e+00  -2.5097779e+00   7.1583604e-02   6.6510249e-02   5.0733548e-03   6.3719959e-02  -2.8615940e-02   2.5825650e-02   6.6510249e-02   3.0000000e+00
  -2.5018770e+00  -2.5035859e+00   4.4039990e-02   1.4340036e-02   2.9699954e-02   7.3161199e-02   7.5588783e-02  -1.6767620e-02   1.4340036e-02   3.0000000e+00
  -2.5011541e+00  -2.4987324e+00   7.5835960e-02  -5.2285394e-03   8.1064499e-02   6.6476548e-02  -4.6122919e-02   3.1534968e-02   8.1064499e-02   3.0000000e+00
  -2.4888753e+00  -2.4877578e+00   1.4624381e-02  -1.6970244e-02   3.1594625e-02   3.8860957e-02  -1.9835096e-02   2.7101429e-02   3.1594625e-02   3.0000000e+00
  -2.4841133e+00  -2.4837695e+00   2.0962683e-02   6.3718348e-02  -4.2755665e-02   1.1591409e-02   1.5815391e-03  -5.3708478e-02   6.3718348e-02   3.0000000e+00
  -2.4792888e+00  -2.4796090e+00   4.4023463e-02   7.8076043e-03   3.6215859e-02   6.5285003e-02  -1.8124255e-02   4.7193399e-02   3.6215859e-02   3.0000000e+00
  -2.4766468e+00  -2.4732185e+00   3.2700397e-02   1.2309085e-02   2.0391312e-02   6.2172210e-02   5.2568525e-02  -1.0787627e-02   2.0391312e-02   3.0000000e+00
  -2.4766468e+00  -2.4697637e+00   9.2746192e-02   1.5749943e-02   7.6996249e-02   1.2221801e-01   1.0251693e-01   3.9511308e-03   1.5749943e-02   3.0000000e+00
  -2.4608976e+00  -2.4636199e+00   5.3006302e-02   6.7681544e-03   4.6238148e-02   4.6855215e-02  -1.3930240e-02   5.4017301e-02   6.7681544e-03   3.0000000e+00
  -2.4593889e+00  -2.4561619e+00   2.0418931e-02  -2.3025422e-02   4.3444352e-02   2.3425328e-02   5.0363363e-02  -3.9126133e-03  -2.3025422e-02   3.0000000e+00
  -2.4523526e+00  -2.4513111e+00   1.2515636e-02   1.5384042e-02  -2.8684060e-03   2.8129241e-02  -1.5738369e-02   2.8483568e-02   1.5384042e-02   3.0000000e+00
  -2.4494305e+00  -2.4490895e+00  -2.7526113e-02  -1.2565084e-02  -1.4961029e-02  -3.1795455e-02   1.0813752e-02  -3.0044124e-02  -1.2565084e-02   3.0000000e+00
  -2.4371043e+00  -2.4375622e+00   6.2086676e-03   1.8589877e-02  -1.2381210e-02   3.9085563e-02   7.0559007e-02  -1.9092234e-02  -1.2381210e-02   3.0000000e+00
  -2.4371043e+00  -2.4360063e+00   3.2047283e-03   3.8149680e-03  -6.1023972e-04   3.6081624e-02   4.1669523e-02  -4.9776600e-03  -6.1023972e-04   3.0000000e+00
  -2.4267061e+00  -2.4256649e+00  -5.4328067e-02  -7.0875961e-03  -4.7240471e-02  -2.0558150e-02   3.3825710e-02  -7.1433886e-03  -4.7240471e-02   3.0000000e+00
  -2.4171188e+00  -2.4195005e+00   7.2168865e-02   8.4200011e-03   6.3748864e-02   1.1223242e-01   1.1774709e-01  -1.3934667e-02   8.4200011e-03   3.0000000e+00
  -2.4171188e+00  -2.4155163e+00   1.6797308e-02  -2.8059914e-02   4.4857223e-02   5.6860864e-02   7.1440937e-02   1.3479841e-02  -2.8059914e-02   3.0000000e+00
  -2.4104276e+00  -2.4134222e+00  -2.4717817e-02  -7.0313791e-03  -1.7686438e-02  -4.2719146e-02  -6.6391547e-03  -1.8393554e-02  -1.7686438e-02   3.0000000e+00
  -2.4029532e+00  -2.4050462e+00  -1.0916481e-02  -1.3128687e-03  -9.6036126e-03  -3.4299222e-02  -5.2339024e-02   1.9352671e-02  -1.3128687e-03   3.0000000e+00
  -2.4024420e+00  -2.4021582e+00  -7.0761884e-03   2.9876335e-02  -3.6952524e-02   2.4914502e-02   4.0488303e-02   2.1378723e-02  -3.6952524e-02   3.0000000e+00
  -2.3914703e+00  -2.3949918e+00   3.5680308e-02  -1.5522622e-02   5.1202929e-02   4.1549392e-02  -3.2701479e-02   2.3047942e-02   5.1202929e-02   3.0000000e+00
  -2.3871905e+00  -2.3858851e+00  -2.1391426e-02   2.5065983e-03  -2.3898024e-02  -1.0630276e-02   2.4687587e-02  -1.1419839e-02  -2.3898024e-02   3.0000000e+00
  -2.3871905e+00  -2.3828230e+00  -5.3331718e-02  -1.7473226e-02  -3.5858493e-02  -4.2570568e-02   1.5198524e-02  -2.1910600e-02  -3.5858493e-02   3.0000000e+00
  -2.3729748e+00  -2.3774998e+00  -2.6789655e-02   2.5947556e-02  -5.2737211e-02  -6.6396564e-02  -3.9113322e-02  -5.3230798e-02   2.5947556e-02   3.0000000e+00
  -2.3729748e+00  -2.3730891e+00  -2.1489910e-02   3.3662495e-02  -5.5152405e-02  -6.1096819e-02   3.8778116e-02  -4.4722529e-02  -5.5152405e-02   3.0000000e+00
  -2.3664512e+00  -2.3633575e+00   2.6646627e-02   2.9907087e-04   2.6347556e-02   1.5438854e-02  -3.2597467e-02   2.1688765e-02   2.6347556e-02   3.0000000e+00
  -2.3545341e+00  -2.3558531e+00  -6.5321243e-02  -1.2619761e-02  -5.2701482e-02  -4.9330376e-02   1.6578646e-02  -5.3289262e-02  -1.2619761e-02   3.0000000e+00
  -2.3545341e+00  -2.3524952e+00   7.2539268e-02   5.3145127e-02   1.9394142e-02   8.8530135e-02  -2.9647594e-02   6.5032602e-02   5.3145127e-02   3.0000000e+00
  -2.3475252e+00  -2.3476685e+00  -6.4720321e-02  -3.1683952e-02  -3.3036370e-02  -9.3361052e-02  -2.8206320e-02  -3.2118362e-02  -3.3036370e-02   3.0000000e+00
  -2.3475252e+00  -2.3433661e+00  -4.0495357e-02  -2.3824115e-02  -1.6671242e-02  -6.9136088e-02  -5.2966000e-02   5.0115482e-04  -1.6671242e-02   3.0000000e+00
  -2.3384102e+00  -2.3385585e+00  -1.3318295e-02   2.8364866e-02  -4.1683162e-02  -3.6204254e-02   1.5391902e-01  -1.4844011e-01  -4.1683162e-02   3.0000000e+00
  -2.3299393e+00  -2.3303338e+00   8.9069252e-03   4.0150687e-03   4.8918565e-03  -1.3815525e-02  -3.8819828e-02   2.0112447e-02   4.8918565e-03   3.0000000e+00
  -2.3239495e+00  -2.3250070e+00  -7.2361783e-02  -4.7812667e-02  -2.4549116e-02  -8.3158904e-02   3.3250716e-02  -9.1860504e-02  -2.4549116e-02   3.0000000e+00
  -2.3189999e+00  -2.3177139e+00  -3.6845875e-02  -5.7903167e-02   2.1057292e-02  -4.0916087e-02   7.9686128e-02  -6.2699049e-02  -5.7903167e-02   3.0000000e+00
  -2.3189999e+00  -2.3134146e+00  -5.7501842e-02  -5.2682859e-02  -4.8189834e-03  -6.1572055e-02   8.5670469e-02  -9.4559665e-02  -5.2682859e-02   3.0000000e+00
  -2.3054311e+00  -2.3117370e+00  -3.8060435e-02  -5.7433571e-02   1.9373136e-02  -4.9056660e-02  -1.0077136e-01   3.2341560e-02   1.9373136e-02   3.0000000e+00
  -2.3015487e+00  -2.3006595e+00  -4.8368513e-02  -3.1726549e-02  -1.6641964e-02  -9.7020048e-02  -1.2216503e-01   5.6871530e-02  -3.1726549e-02   3.0000000e+00
  -2.2959254e+00  -2.2962562e+00  -1.7574517e-02  -2.4520465e-02   6.9459478e-03  -6.3106461e-02  -9.0211555e-02   5.1625559e-02  -2.4520465e-02   3.0000000e+00
  -2.2925762e+00  -2.2903842e+00  -1.0788663e-01  -6.0481185e-02  -4.7405449e-02  -1.0222663e-01   6.8751398e-03  -4.8620589e-02  -6.0481185e-02   3.0000000e+00
  -2.2925762e+00  -2.2884344e+00  -6.2350116e-03  -6.4095363e-02   5.7860351e-02  -5.7501215e-04   4.5380990e-03   5.8982251e-02  -6.4095363e-02   3.0000000e+00
  -2.2764840e+00  -2.2836542e+00  -2.2436741e-02  -8.0783525e-02   5.8346784e-02  -4.5808779e-02  -3.1352514e-02   6.6327259e-02  -8.0783525e-02   3.0000000e+00
  -2.2764840e+00  -2.2748098e+00  -7.6407931e-02  -2.3838758e-02  -5.2569172e-02  -9.9779969e-02  -5.2681711e-02  -2.3259500e-02  -2.3838758e-02   3.0000000e+00
  -2.2720216e+00  -2.2729461e+00  -4.7105856e-02   5.6920890e-02  -1.0402675e-01  -1.0746356e-01   7.7787723e-02  -8.1224535e-02  -1.0402675e-01   3.0000000e+00
  -2.2627333e+00  -2.2639948e+00  -5.1637831e-02  -8.4153267e-02   3.2515436e-02  -1.0550723e-01  -1.3987234e-01   1.8496699e-03   3.2515436e-02   3.0000000e+00
  -2.2625903e+00  -2.2602278e+00  -8.8162243e-02  -1.0862356e-01   2.0461316e-02  -1.3293642e-01  -1.2225429e-01  -3.1143447e-02   2.0461316e-02   3.0000000e+00
  -2.2527892e+00  -2.2545689e+00  -6.1075028e-02  -8.1568667e-02   2.0493639e-02  -4.0395863e-02   1.4836843e-01  -1.0719562e-01  -8.1568667e-02   3.0000000e+00
  -2.2415032e+00  -2.2468457e+00  -1.0174348e-01  -5.6938211e-02  -4.4805273e-02  -1.5013749e-01  -1.4403269e-02  -7.8796010e-02  -5.6938211e-02   3.0000000e+00
  -2.2415032e+00  -2.2422712e+00  -7.5471896e-02   4.1932657e-02  -1.1740455e-01  -1.2386590e-01  -1.6997021e-01   4.1716506e-03   4.1932657e-02   3.0000000e+00
  -2.2354785e+00  -2.2356912e+00  -6.1729347e-02   5.3553472e-02  -1.1528282e-01  -8.2311088e-02  -1.3163939e-01  -4.2251716e-03   5.3553472e-02   3.0000000e+00
  -2.2314384e+00  -2.2309791e+00  -7.6092022e-02  -5.0435989e-02  -2.5656033e-02  -1.0674382e-01   7.4688279e-02  -1.3099611e-01  -5.0435989e-02   3.0000000e+00
  -2.2279688e+00  -2.2272187e+00  -5.3692654e-02   1.3476419e-02  -6.7169073e-02  -1.1130579e-01   2.2658968e-02  -6.6795684e-02  -6.7169073e-02   3.0000000e+00
  -2.2207347e+00  -2.2192415e+00  -1.1204429e-01  -6.2353304e-03  -1.0580896e-01  -1.3809043e-01   2.1150556e-02  -5.3432018e-02  -1.0580896e-01   3.0000000e+00
  -2.2137717e+00  -2.2143100e+00  -6.7753588e-02  -7.8100770e-02   1.0347182e-02  -9.2861199e-02   2.9971006e-02  -4.4731435e-02  -7.8100770e-02   3.0000000e+00
  -2.2087375e+00  -2.2101659e+00  -1.3013295e-01  -2.0608620e-02  -1.0952433e-01  -1.7258599e-01   1.0999323e-02  -7.4060988e-02  -1.0952433e-01   3.0000000e+00
  -2.1974744e+00  -2.1997190e+00  -1.0285986e-01   1.4647095e-02  -1.1750696e-01  -1.5495701e-01   5.7484739e-02  -9.4934792e-02  -1.1750696e-01   3.0000000e+00
  -2.1916792e+00  -2.1941099e+00  -1.2187098e-01  -1.2579031e-01   3.9193257e-03  -1.9563397e-01   8.1777566e-02  -1.5162123e-01  -1.2579031e-01   3.0000000e+00
  -2.1916792e+00  -2.1895284e+00  -9.9801883e-02  -3.9619875e-02  -6.0182008e-02  -1.7356487e-01  -8.6915536e-02  -4.7029462e-02  -3.9619875e-02   3.0000000e+00
  -2.1814807e+00  -2.1811317e+00  -1.2328453e-01   2.5533126e-02  -1.4881765e-01  -1.4410938e-01  -1.8801869e-02  -1.5084064e-01   2.5533126e-02   3.0000000e+00
  -2.1814807e+00  -2.1767278e+00  -4.9630622e-02  -8.5982745e-02   3.6352123e-02  -7.0455472e-02   1.4654775e-01  -1.3102047e-01  -8.5982745e-02   3.0000000e+00
  -2.1814807e+00  -2.1761832e+00  -1.2293934e-01  -1.4272808e-01   1.9788737e-02  -1.4376419e-01   7.1971743e-02  -7.3007856e-02  -1.4272808e-01   3.0000000e+00
  -2.1661703e+00  -2.1664545e+00  -9.8642700e-02  -3.1174063e-02  -6.7468638e-02  -1.6771503e-01   5.5103606e-02  -1.5535000e-01  -6.7468638e-02   3.0000000e+00
  -2.1632396e+00  -2.1633154e+00  -1.2515322e-01  -8.0105769e-02  -4.5047447e-02  -1.8496465e-01   5.7310043e-02  -1.6216892e-01  -8.0105769e-02   3.0000000e+00
  -2.1547541e+00  -2.1577666e+00  -5.3054986e-02  -8.0313197e-02   2.7258211e-02  -1.2599988e-01  -9.9261488e-02  -5.3996604e-02   2.7258211e-02   3.0000000e+00
  -2.1543824e+00  -2.1526600e+00  -1.3681061e-01  -1.2077579e-01  -1.6034818e-02  -1.7914895e-01  -1.8928544e-01   2.6171308e-02  -1.6034818e-02   3.0000000e+00
  -2.1439871e+00  -2.1486466e+00  -1.1403657e-01  -6.4411077e-02  -4.9625494e-02  -1.5117548e-01  -1.7855201e-02  -6.8909199e-02  -6.4411077e-02   3.0000000e+00
  -2.1439871e+00  -2.1401376e+00  -1.0439594e-01  -6.1627167e-02  -4.2768770e-02  -1.4153484e-01  -2.0874228e-02  -5.9033448e-02  -6.1627167e-02   3.0000000e+00
  -2.1350850e+00  -2.1363084e+00  -1.2636353e-01  -9.7485887e-02  -2.8877642e-02  -2.0665829e-01  -2.3103340e-02  -8.6069058e-02  -9.7485887e-02   3.0000000e+00
  -2.1334863e+00  -2.1312078e+00  -1.2094861e-01  -1.4020986e-01   1.9261242e-02  -1.9359538e-01  -1.6313782e-01  -4.9718808e-02   1.9261242e-02   3.0000000e+00
  -2.1250020e+00  -2.1260595e+00  -1.2320469e-01  -3.0103033e-02  -9.3101660e-02  -1.7540058e-01  -5.6459582e-02  -2.5839342e-02  -9.3101660e-02   3.0000000e+00
  -2.1144695e+00  -2.1185133e+00  -1.5390769e-01  -1.6894786e-01   1.5040168e-02  -2.2726209e-01  -2.7793093e-01   3.5628671e-02   1.5040168e-02   3.0000000e+00
  -2.1144695e+00  -2.1102048e+00  -1.5542986e-01  -1.3214387e-01  -2.3285983e-02  -2.2878425e-01   3.9148376e-02  -1.3578876e-01  -1.3214387e-01   3.0000000e+00
  -2.1144695e+00  -2.1094732e+00  -1.1170585e-01  -4.4214927e-02  -6.7490919e-02  -1.8506024e-01  -2.3733195e-02  -9.3836129e-02  -6.7490919e-02   3.0000000e+00
  -2.1030566e+00  -2.1023449e+00  -1.4163176e-01  -1.2941604e-02  -1.2869015e-01  -2.0318976e-01   5.3032761e-02  -1.2753237e-01  -1.2869015e-01   3.0000000e+00
  -2.0983141e+00  -2.0982625e+00  -1.1517392e-01  -1.2536218e-01   1.0188257e-02  -1.8102176e-01  -1.7341342e-01  -1.7796595e-02   1.0188257e-02   3.0000000e+00
  -2.0942192e+00  -2.0929374e+00  -1.4328473e-01  -1.0725367e-01  -3.6031061e-02  -2.2954149e-01  -2.0508997e-02  -1.0177883e-01  -1.0725367e-01   3.0000000e+00
  -2.0873243e+00  -2.0898932e+00  -8.4187205e-02   1.4407107e-03  -8.5627915e-02  -1.5780808e-01   4.1127716e-02  -1.1330788e-01  -8.5627915e-02   3.0000000e+00
  -2.0846292e+00  -2.0810298e+00  -1.9176894e-01  -1.9850845e-01   6.7395123e-03  -2.7632352e-01  -9.8894419e-02   2.1079345e-02  -1.9850845e-01   3.0000000e+00
  -2.0739181e+00  -2.0759645e+00  -1.2706261e-01  -8.9092483e-02  -3.7970123e-02  -1.9113397e-01  -1.2930292e-01  -2.3860921e-02  -3.7970123e-02   3.0000000e+00
  -2.0690784e+00  -2.0692151e+00  -1.2311195e-01  -6.5854124e-02  -5.7257826e-02  -2.2039863e-01  -1.0747733e-01  -5.5663472e-02  -5.7257826e-02   3.0000000e+00
  -2.0598209e+00  -2.0633899e+00  -1.7758678e-01  -2.6248805e-02  -1.5133798e-01  -2.5715932e-01  -8.3903171e-03  -2.2252020e-01  -2.6248805e-02   3.0000000e+00
  -2.0598209e+00  -2.0591965e+00  -1.5900818e-01  -5.9198341e-02  -9.9809839e-02  -2.3858072e-01  -1.9998352e-01   2.0601141e-02  -5.9198341e-02   3.0000000e+00
  -2.0531902e+00  -2.0544155e+00  -1.3939074e-01  -6.0257999e-02  -7.9132742e-02  -2.2506268e-01  -1.5883998e-01   1.2910041e-02  -7.9132742e-02   3.0000000e+00
  -2.0427408e+00  -2.0459086e+00  -1.6838127e-01  -1.4158723e-01  -2.6794044e-02  -2.8234476e-01  -2.5657132e-03  -1.3819182e-01  -1.4158723e-01   3.0000000e+00
  -2.0427408e+00  -2.0405175e+00  -1.6534827e-01  -1.7187693e-01   6.5286649e-03  -2.7931176e-01  -2.9399612e-01   8.1556928e-03   6.5286649e-03   3.0000000e+00
  -2.0358554e+00  -2.0357431e+00  -1.7164164e-01  -4.1708310e-02  -1.2993333e-01  -2.4194969e-01   3.7797656e-02  -1.4981401e-01  -1.2993333e-01   3.0000000e+00
  -2.0295638e+00  -2.0304655e+00  -1.8622750e-01  -8.7837291e-03  -1.7744377e-01  -2.7256312e-01  -2.5958723e-01  -4.1921667e-03  -8.7837291e-03   3.0000000e+00
  -2.0295638e+00  -2.0277520e+00  -1.6348889e-01  -5.0793576e-02  -1.1269531e-01  -2.4982452e-01  -3.7079459e-02  -1.0004974e-01  -1.1269531e-01   3.0000000e+00
  -2.0209195e+00  -2.0204874e+00  -1.3682409e-01  -1.3098340e-01  -5.8406909e-03  -1.9872586e-01   4.8077522e-02  -1.1581998e-01  -1.3098340e-01   3.0000000e+00
  -2.0209195e+00  -2.0190661e+00  -2.0296214e-01  -2.2395798e-01   2.0995843e-02  -2.6486391e-01  -2.5772134e-01  -2.8138406e-02   2.0995843e-02   3.0000000e+00
  -2.0113098e+00  -2.0104029e+00  -2.0503536e-01  -1.0303878e-01  -1.0199659e-01  -2.7842398e-01  -1.8379314e-02  -1.5700589e-01  -1.0303878e-01   3.0000000e+00
  -2.0079872e+00  -2.0055507e+00  -1.3086949e-01  -1.0563109e-01  -2.5238400e-02  -1.6228525e-01   1.2769987e-01  -1.8435404e-01  -1.0563109e-01   3.0000000e+00
  -1.9948548e+00  -1.9964863e+00  -2.2025873e-01  -1.2675701e-01  -9.3501714e-02  -2.8490360e-01  -8.1165798e-03  -1.8328530e-01  -9.3501714e-02   3.0000000e+00
  -1.9879800e+00  -1.9904779e+00  -2.0136994e-01  -1.7005907e-01  -3.1310864e-02  -3.1150395e-01   2.1353499e-02  -1.6279837e-01  -1.7005907e-01   3.0000000e+00
  -1.9879800e+00  -1.9882347e+00  -2.2483752e-01  -2.3718988e-01   1.2352357e-02  -3.3497153e-01  -3.4828888e-01   9.6498705e-04   1.2352357e-02   3.0000000e+00
  -1.9818424e+00  -1.9827303e+00  -1.5996351e-01  -1.5043287e-02  -1.4492022e-01  -2.4504077e-01   3.5780380e-02  -1.3590093e-01  -1.4492022e-01   3.0000000e+00
  -1.9742372e+00  -1.9769680e+00  -1.7031710e-01  -1.6621139e-01  -4.1057088e-03  -2.6735767e-01  -1.0047017e-01  -6.7610724e-04  -1.6621139e-01   3.0000000e+00
  -1.9640026e+00  -1.9686993e+00  -2.2963788e-01  -1.1195584e-01  -1.1768204e-01  -3.5018947e-01  -2.2273380e-01  -9.7736292e-03  -1.1768204e-01   3.0000000e+00
  -1.9640026e+00  -1.9656265e+00  -1.6243845e-01  -8.8409369e-02  -7.4029077e-02  -2.8299003e-01  -1.6961237e-01  -3.9348591e-02  -7.4029077e-02   3.0000000e+00
  -1.9605578e+00  -1.9614860e+00  -2.1710375e-01  -1.6587780e-01  -5.1225945e-02  -3.2041206e-01  -1.1791017e-02  -1.4274324e-01  -1.6587780e-01   3.0000000e+00
  -1.9605578e+00  -1.9594124e+00  -2.2431272e-01  -1.9815584e-01  -2.6156881e-02  -3.2762104e-01  -2.6518815e-01  -3.6276003e-02  -2.6156881e-02   3.0000000e+00
  -1.9455461e+00  -1.9472209e+00  -1.8424731e-01  -2.4999204e-01   6.5744725e-02  -2.8387807e-01  -1.1045796e-01   7.6571930e-02  -2.4999204e-01   3.0000000e+00
  -1.9441570e+00  -1.9424889e+00  -1.7977188e-01  -4.9400913e-02  -1.3037097e-01  -2.9931731e-01  -1.2018488e-01  -4.8761468e-02  -1.3037097e-01   3.0000000e+00
  -1.9389721e+00  -1.9414136e+00  -2.6090706e-01  -2.2922624e-01  -3.1680822e-02  -3.8308428e-01  -3.3786278e-01  -1.3540674e-02  -3.1680822e-02   3.0000000e+00
  -1.9350968e+00  -1.9322491e+00  -2.0255134e-01  -1.1717893e-01  -8.5372406e-02  -2.8559629e-01  -1.9124317e-01  -8.9807109e-03  -8.5372406e-02   3.0000000e+00
  -1.9264023e+00  -1.9244808e+00  -1.4082154e-01  -9.8753329e-02  -4.2068210e-02  -2.0725959e-01   1.3187694e-01  -2.4038320e-01  -9.8753329e-02   3.0000000e+00
  -1.9194570e+00  -1.9185864e+00  -1.8894463e-01  -4.2964010e-02  -1.4598061e-01  -3.0780529e-01   9.3265517e-03  -1.7115123e-01  -1.4598061e-01   3.0000000e+00
  -1.9194570e+00  -1.9170635e+00  -2.4017070e-01  -2.1554425e-01  -2.4626450e-02  -3.5903137e-01  -3.0343064e-01  -3.0974278e-02  -2.4626450e-02   3.0000000e+00
  -1.9140416e+00  -1.9138979e+00  -2.6907979e-01  -1.1542092e-02  -2.5753769e-01  -4.0654143e-01  -4.0486055e-01   9.8612100e-03  -1.1542092e-02   3.0000000e+00
  -1.9090813e+00  -1.9058009e+00  -1.9602281e-01  -1.7600258e-01  -2.0020239e-02  -3.0684185e-01   7.0240422e-02  -2.0107970e-01  -1.7600258e-01   3.0000000e+00
  -1.8914990e+00  -1.8967373e+00  -2.2450415e-01  -2.7713485e-02  -1.9679066e-01  -3.6512800e-01  -3.3509744e-01  -2.3170774e-03  -2.7713485e-02   3.0000000e+00
  -1.8914990e+00  -1.8931160e+00  -2.2006487e-01  -1.8429104e-01  -3.5773832e-02  -3.6068872e-01  -1.2073474e-02  -1.6432421e-01  -1.8429104e-01   3.0000000e+00
  -1.8892843e+00  -1.8891831e+00  -1.8847249e-01  -8.2456818e-02  -1.0601567e-01  -3.0750639e-01  -1.6898438e-01  -5.6065191e-02  -8.2456818e-02   3.0000000e+00
  -1.8869702e+00  -1.8875190e+00  -2.6312292e-01  -1.9705797e-02  -2.4341713e-01  -3.7869864e-01  -3.2163443e-01  -3.7358409e-02  -1.9705797e-02   3.0000000e+00
  -1.8869702e+00  -1.8858015e+00  -2.9230557e-01  -3.0104778e-01   8.7422173e-03  -4.0788128e-01  -1.1596665e-01   9.1331577e-03  -3.0104778e-01   3.0000000e+00
  -1.8721665e+00  -1.8722785e+00  -1.8772053e-01  -5.8457163e-04  -1.8713596e-01  -2.9140778e-01   7.2104511e-02  -1.7637634e-01  -1.8713596e-01   3.0000000e+00
  -1.8638717e+00  -1.8646180e+00  -2.7748002e-01  -2.4981482e-01  -2.7665200e-02  -4.4092501e-01  -3.9421213e-01  -1.9047683e-02  -2.7665200e-02   3.0000000e+00
  -1.8638717e+00  -1.8637740e+00  -2.9295072e-01  -2.1201763e-01  -8.0933091e-02  -4.5639571e-01   5.5338449e-02  -2.9971653e-01  -2.1201763e-01   3.0000000e+00
  -1.8625878e+00  -1.8595641e+00  -2.1548650e-01  -1.3565676e-02  -2.0192082e-01  -3.2905961e-01   1.3370021e-02  -1.4050881e-01  -2.0192082e-01   3.0000000e+00
  -1.8487039e+00  -1.8530421e+00  -1.8359097e-01   4.7002202e-02  -2.3059317e-01  -2.9848909e-01   1.2817886e-01  -1.9607479e-01  -2.3059317e-01   3.0000000e+00
  -1.8482669e+00  -1.8436227e+00  -2.0035176e-01  -1.8874136e-01  -1.1610403e-02  -3.1753205e-01  -1.2760430e-01  -1.1863929e-03  -1.8874136e-01   3.0000000e+00
  -1.8387015e+00  -1.8416049e+00  -2.1853301e-01  -2.7866047e-02  -1.9066696e-01  -3.8096640e-01  -2.5979740e-01  -9.3302947e-02  -2.7866047e-02   3.0000000e+00
  -1.8387015e+00  -1.8384169e+00  -2.9884064e-01  -1.9875802e-04  -2.9864189e-01  -4.6127403e-01  -4.5398736e-01  -7.0879110e-03  -1.9875802e-04   3.0000000e+00
  -1.8364436e+00  -1.8341969e+00  -2.9940830e-01   1.2463276e-02  -3.1187158e-01  -4.2195339e-01  -4.5391608e-01   1.9499421e-02   1.2463276e-02   3.0000000e+00
  -1.8280994e+00  -1.8286439e+00  -2.3575537e-01  -7.3006352e-02  -1.6274901e-01  -3.6310925e-01  -9.2824626e-03  -1.9107777e-01  -1.6274901e-01   3.0000000e+00
  -1.8274263e+00  -1.8234876e+00  -1.9866180e-01  -7.8308092e-02  -1.2035371e-01  -3.0616038e-01  -1.7903717e-01  -4.8815111e-02  -7.8308092e-02   3.0000000e+00
  -1.8152777e+00  -1.8151060e+00  -3.2313814e-01  -3.0468093e-02  -2.9267004e-01  -4.8401563e-01  -4.4550023e-01  -8.0472984e-03  -3.0468093e-02   3.0000000e+00
  -1.8115495e+00  -1.8125765e+00  -2.9014547e-01  -7.1656796e-02  -2.1848867e-01  -4.2449156e-01   4.6336735e-02  -2.5233962e-01  -2.1848867e-01   3.0000000e+00
  -1.8052605e+00  -1.8064489e+00  -3.0180780e-01  -1.9918838e-01  -1.0261942e-01  -4.4197695e-01  -3.0743748e-01  -3.1920053e-02  -1.0261942e-01   3.0000000e+00
  -1.7982208e+00  -1.8016106e+00  -2.3542509e-01  -1.3074028e-01  -1.0468481e-01  -3.4086272e-01  -1.3634610e-01  -9.9831816e-02  -1.0468481e-01   3.0000000e+00
  -1.7975665e+00  -1.7948192e+00  -2.3089342e-01  -5.3219527e-03  -2.2557147e-01  -3.4319713e-01   4.0720063e-02  -1.5834572e-01  -2.2557147e-01   3.0000000e+00
  -1.7849597e+00  -1.7848582e+00  -3.7707101e-01  -3.8489214e-01   7.8211325e-03  -5.6235449e-01  -5.7797435e-01   7.7987244e-03   7.8211325e-03   3.0000000e+00
  -1.7795870e+00  -1.7806940e+00  -2.5886673e-01  -6.9359812e-02  -1.8950692e-01  -3.7067179e-01  -3.7497054e-02  -1.4366782e-01  -1.8950692e-01   3.0000000e+00
  -1.7795870e+00  -1.7791238e+00  -2.6874588e-01  -1.4905594e-01  -1.1968995e-01  -3.8055094e-01  -2.1137871e-01  -4.9482280e-02  -1.1968995e-01   3.0000000e+00
  -1.7694642e+00  -1.7700191e+00  -2.4899732e-01  -1.5169108e-02  -2.3382821e-01  -3.3931758e-01  -3.5371988e-01   2.9571411e-02  -1.5169108e-02   3.0000000e+00
  -1.7620543e+00  -1.7619771e+00  -3.6593100e-01  -3.3519634e-01  -3.0734656e-02  -5.5489249e-01  -5.3097126e-01   6.8134217e-03  -3.0734656e-02   3.0000000e+00
  -1.7620543e+00  -1.7614285e+00  -2.4924237e-01  -3.2880311e-03  -2.4595434e-01  -4.3820386e-01  -1.9541048e-01   3.1609595e-03  -2.4595434e-01   3.0000000e+00
  -1.7521463e+00  -1.7522711e+00  -2.8622111e-01  -2.8866870e-01   2.4475890e-03  -4.5932012e-01  -4.6211304e-01   3.4533146e-04   2.4475890e-03   3.0000000e+00
  -1.7521463e+00  -1.7508577e+00  -2.8131827e-01  -1.8749896e-01  -9.3819317e-02  -4.5441728e-01  -3.0362244e-01  -5.6975524e-02  -9.3819317e-02   3.0000000e+00
  -1.7401325e+00  -1.7443810e+00  -2.5450611e-01  -2.6287393e-01   8.3678148e-03  -4.4321620e-01  -1.9674177e-01   1.6399498e-02  -2.6287393e-01   3.0000000e+00
  -1.7401325e+00  -1.7401736e+00  -3.7351883e-01  -1.7719924e-02  -3.5579891e-01  -5.6222891e-01  -5.2218133e-01  -2.2327664e-02  -1.7719924e-02   3.0000000e+00
  -1.7373209e+00  -1.7384284e+00  -2.6609807e-01  -2.5781460e-01  -8.2834705e-03  -3.8973081e-01  -1.1876313e-01  -2.6268421e-01  -8.2834705e-03   3.0000000e+00
  -1.7303880e+00  -1.7291747e+00  -2.7704524e-01  -2.4495670e-01  -3.2088538e-02  -4.3652002e-01   6.3836424e-02  -2.5539974e-01  -2.4495670e-01   3.0000000e+00
  -1.7253005e+00  -1.7261894e+00  -3.8324567e-01  -8.8839873e-03  -3.7436169e-01  -5.1428985e-01   4.0445369e-02  -1.8037353e-01  -3.7436169e-01   3.0000000e+00
  -1.7239771e+00  -1.7178571e+00  -2.4016726e-01  -2.1517483e-01  -2.4992438e-02  -4.1254921e-01  -3.1789594e-01  -6.9660823e-02  -2.4992438e-02   3.0000000e+00
  -1.7085862e+00  -1.7077150e+00  -2.5188749e-01  -3.8998878e-02  -2.1288861e-01  -3.8281230e-01  -3.4391755e-01   1.0412422e-04  -3.8998878e-02   3.0000000e+00
  -1.7042740e+00  -1.7044420e+00  -4.1156391e-01  -4.1507697e-01   3.5130511e-03  -6.2498582e-01  -6.2023971e-01  -8.2591696e-03   3.5130511e-03   3.0000000e+00
  -1.7042740e+00  -1.7027962e+00  -2.8792051e-01  -8.2528248e-02  -2.0539226e-01  -5.0134242e-01  -3.0670657e-01  -1.1210760e-01  -8.2528248e-02   3.0000000e+00
  -1.6971896e+00  -1.6983450e+00  -3.1188473e-01  -2.4659299e-01  -6.5291741e-02  -4.8129177e-01  -4.1691187e-01   9.1184355e-04  -6.5291741e-02   3.0000000e+00
  -1.6903809e+00  -1.6935087e+00  -2.4721501e-01  -1.7108116e-01  -7.6133851e-02  -3.9602727e-01   1.3801489e-02  -2.3874760e-01  -1.7108116e-01   3.0000000e+00
  -1.6903809e+00  -1.6886881e+00  -2.7517123e-01  -1.0021860e-02  -2.6514937e-01  -4.2398348e-01  -3.4598397e-01  -6.7977651e-02  -1.0021860e-02   3.0000000e+00
  -1.6832876e+00  -1.6834349e+00  -4.2817754e-01  -1.2085651e-02  -4.1609189e-01  -6.3741783e-01  -6.1798587e-01  -7.3463119e-03  -1.2085651e-02   3.0000000e+00
  -1.6832876e+00  -1.6798295e+00  -2.5115562e-01  -8.6901306e-02  -1.6425432e-01  -4.6039592e-01  -2.0937560e-01  -8.6765997e-02  -1.6425432e-01   3.0000000e+00
  -1.6684155e+00  -1.6699220e+00  -3.5052270e-01  -6.1945423e-02  -2.8857728e-01  -5.1974558e-01  -4.4271229e-01  -1.5087866e-02  -6.1945423e-02   3.0000000e+00
  -1.6684155e+00  -1.6678743e+00  -3.0747491e-01  -9.2328751e-02  -2.1514616e-01  -4.7669779e-01   2.4680819e-02  -2.8623245e-01  -2.1514616e-01   3.0000000e+00
  -1.6636127e+00  -1.6636067e+00  -4.3462229e-01  -4.1592897e-01  -1.8693315e-02  -6.5195280e-01  -6.1437493e-01  -1.8884562e-02  -1.8693315e-02   3.0000000e+00
  -1.6527234e+00  -1.6535866e+00  -2.8346109e-01  -7.5842008e-02  -2.0761908e-01  -4.2704167e-01  -2.7444877e-01  -7.6750891e-02  -7.5842008e-02   3.0000000e+00
  -1.6518123e+00  -1.6491270e+00  -3.1042439e-01  -3.0056107e-01  -9.8633204e-03  -4.7008016e-01  -4.3169907e-01  -2.8517769e-02  -9.8633204e-03   3.0000000e+00
  -1.6436167e+00  -1.6439443e+00  -4.0127597e-01  -3.7879760e-01  -2.2478366e-02  -6.1830106e-01  -5.9597113e-01   1.4842946e-04  -2.2478366e-02   3.0000000e+00
  -1.6415758e+00  -1.6424644e+00  -2.7181729e-01  -1.4740176e-01  -1.2441553e-01  -4.1119586e-01   1.0516811e-02  -2.7431091e-01  -1.4740176e-01   3.0000000e+00
  -1.6415758e+00  -1.6399897e+00  -2.9427634e-01  -1.9240574e-01  -1.0187061e-01  -4.3365491e-01  -1.4081244e-01  -1.0043674e-01  -1.9240574e-01   3.0000000e+00
  -1.6221408e+00  -1.6242638e+00  -2.6726698e-01  -2.4758222e-01  -1.9684752e-02  -5.0362000e-01  -1.9104294e-02  -2.3693348e-01  -2.4758222e-01   3.0000000e+00
  -1.6221408e+00  -1.6221272e+00  -4.7322325e-01  -3.6938694e-03  -4.6952939e-01  -7.0957628e-01  -7.0330339e-01  -2.5790159e-03  -3.6938694e-03   3.0000000e+00
  -1.6191359e+00  -1.6157207e+00  -3.5625668e-01  -3.2258398e-02  -3.2399828e-01  -5.3556773e-01  -4.6594384e-01  -3.7365489e-02  -3.2258398e-02   3.0000000e+00
  -1.6095557e+00  -1.6094686e+00  -2.9637932e-01  -1.2084619e-01  -1.7553313e-01  -4.5722578e-01  -2.4566390e-01  -9.0715688e-02  -1.2084619e-01   3.0000000e+00
  -1.6095557e+00  -1.6077763e+00  -3.3064048e-01  -2.9084697e-01  -3.9793509e-02  -4.9148693e-01   5.5009340e-03  -2.0614090e-01  -2.9084697e-01   3.0000000e+00
  -1.6034688e+00  -1.6034342e+00  -4.5237645e-01  -4.2312580e-01  -2.9250648e-02  -6.8901318e-01  -6.3588336e-01  -2.3879166e-02  -2.9250648e-02   3.0000000e+00
  -1.6015600e+00  -1.6021391e+00  -3.1824818e-01  -6.0322187e-02  -2.5792599e-01  -4.8202223e-01  -3.6901991e-01  -5.2680131e-02  -6.0322187e-02   3.0000000e+00
  -1.5942879e+00  -1.5920334e+00  -2.7651321e-01  -2.0753073e-01  -6.8982482e-02  -4.2023646e-01  -3.2981200e-01  -2.1441978e-02  -6.8982482e-02   3.0000000e+00
  -1.5856662e+00  -1.5860636e+00  -3.9878655e-01   8.7331644e-04  -3.9965987e-01  -6.1257401e-01  -6.0228502e-01  -1.1162305e-02   8.7331644e-04   3.0000000e+00
  -1.5856112e+00  -1.5856110e+00  -4.9031036e-01  -4.7116891e-01  -1.9141452e-02  -7.3545185e-01  -6.9711106e-01  -1.9199345e-02  -1.9141452e-02   3.0000000e+00
  -1.5827006e+00  -1.5821830e+00  -3.1558948e-01   1.0280900e-02  -3.2587038e-01  -4.5863486e-01   1.8560252e-01  -3.1836700e-01  -3.2587038e-01   3.0000000e+00
  -1.5684082e+00  -1.5719110e+00  -3.3183178e-01  -2.2862260e-01  -1.0320918e-01  -4.9607911e-01   4.4681450e-02  -3.1213796e-01  -2.2862260e-01   3.0000000e+00
  -1.5645725e+00  -1.5639249e+00  -3.5211329e-01  -3.2786691e-01  -2.4246383e-02  -5.2998549e-01  -5.1195754e-01   6.2184289e-03  -2.4246383e-02   3.0000000e+00
  -1.5598349e+00  -1.5600574e+00  -4.4866179e-01  -2.3859310e-02  -4.2480248e-01  -5.9053369e-01  -1.4725380e-01  -1.8477408e-02  -4.2480248e-01   3.0000000e+00
  -1.5594914e+00  -1.5579205e+00  -3.4868677e-01  -2.5943711e-01  -8.9249666e-02  -5.7960159e-01  -3.8664993e-01  -1.0370199e-01  -8.9249666e-02   3.0000000e+00
  -1.5558722e+00  -1.5520586e+00  -2.9280062e-01  -1.5438569e-01  -1.3841494e-01  -4.3099740e-01  -2.1916490e-01  -7.3417558e-02  -1.3841494e-01   3.0000000e+00
  -1.5558722e+00  -1.5490368e+00  -3.1037081e-01  -1.9625882e-01  -1.1411199e-01  -4.4856758e-01  -3.1067654e-01  -2.3779055e-02  -1.1411199e-01   3.0000000e+00
  -1.5383314e+00  -1.5383336e+00  -5.1586223e-01  -5.0823598e-01  -7.6262573e-03  -7.7384882e-01  -7.5838943e-01  -7.8331372e-03  -7.6262573e-03   3.0000000e+00
  -1.5312318e+00  -1.5339372e+00  -3.9076732e-01  -2.0504863e-02  -3.7026246e-01  -5.9857837e-01  -5.3998208e-01  -3.8091425e-02  -2.0504863e-02   3.0000000e+00
  -1.5225908e+00  -1.5262805e+00  -3.5904070e-01  -4.6474883e-02  -3.1256582e-01  -5.5003837e-01  -1.9710245e-01  -4.0370105e-02  -3.1256582e-01   3.0000000e+00
  -1.5225908e+00  -1.5235316e+00  -3.5562826e-01  -3.8105603e-01   2.5427775e-02  -5.4662593e-01  -5.5915003e-01  -1.2903677e-02   2.5427775e-02   3.0000000e+00
  -1.5208354e+00  -1.5209160e+00  -5.3850803e-01  -5.2801624e-01  -1.0491789e-02  -8.0198611e-01  -1.3838364e-02  -7.7765596e-01  -1.0491789e-02   3.0000000e+00
  -1.5149196e+00  -1.5135442e+00  -3.3296154e-01  -2.8390789e-01  -4.9053658e-02  -4.8745639e-01  -1.5506155e-01  -4.8486954e-02  -2.8390789e-01   3.0000000e+00
  -1.5061102e+00  -1.5061104e+00  -5.4842192e-01  -5.3032725e-01  -1.8094668e-02  -8.2263086e-01  -7.8644809e-01  -1.8088107e-02  -1.8094668e-02   3.0000000e+00
  -1.5061102e+00  -1.5048650e+00  -3.1043906e-01  -2.3472503e-02  -2.8696655e-01  -5.8464800e-01  -2.7424566e-01  -2.3435788e-02  -2.8696655e-01   3.0000000e+00
  -1.5010819e+00  -1.5008500e+00  -4.5988145e-01  -4.5097632e-01  -8.9051299e-03  -6.8942598e-01  -6.7559057e-01  -4.9302852e-03  -8.9051299e-03   3.0000000e+00
  -1.4951638e+00  -1.4955857e+00  -3.1087056e-01  -3.4599941e-01   3.5128856e-02  -4.7846785e-01   2.1549569e-01  -3.4796413e-01  -3.4599941e-01   3.0000000e+00
  -1.4801287e+00  -1.4853419e+00  -3.6717695e-01  -3.1291797e-01  -5.4258971e-02  -5.6836006e-01  -1.2563798e-02  -2.4287829e-01  -3.1291797e-01   3.0000000e+00
  -1.4801287e+00  -1.4800278e+00  -3.9912047e-01  -3.9050116e-01  -8.6193101e-03  -6.0030358e-01  -5.7009721e-01  -2.1587061e-02  -8.6193101e-03   3.0000000e+00
  -1.4747389e+00  -1.4745046e+00  -5.0786132e-01  -4.9182688e-01  -1.6034439e-02  -7.6023790e-01  -7.2932961e-01  -1.4873850e-02  -1.6034439e-02   3.0000000e+00
  -1.4706658e+00  -1.4719447e+00  -3.0835674e-01  -2.3632224e-01  -7.2034501e-02  -4.8940853e-01  -3.2738150e-02  -2.2034814e-01  -2.3632224e-01   3.0000000e+00
  -1.4706658e+00  -1.4678625e+00  -3.3297963e-01  -2.2285724e-01  -1.1012239e-01  -5.1403142e-01  -3.4476688e-01  -5.9142148e-02  -1.1012239e-01   3.0000000e+00
  -1.4599291e+00  -1.4597294e+00  -3.4790401e-01  -1.9390895e-01  -1.5399506e-01  -5.1119287e-01  -3.7801129e-02  -2.7948279e-01  -1.9390895e-01   3.0000000e+00
  -1.4529512e+00  -1.4529513e+00  -5.5416991e-01  -5.4158424e-01  -1.2585670e-02  -8.3124775e-01  -8.0619844e-01  -1.2463646e-02  -1.2585670e-02   3.0000000e+00
  -1.4487460e+00  -1.4503768e+00  -3.5610026e-01  -1.3083910e-01  -2.2526116e-01  -5.6567520e-01  -3.8624173e-01  -4.8594364e-02  -1.3083910e-01   3.0000000e+00
  -1.4425471e+00  -1.4455710e+00  -4.3605619e-01  -4.6299159e-02  -3.8975703e-01  -6.3963078e-01  -5.2366456e-01  -6.9667067e-02  -4.6299159e-02   3.0000000e+00
  -1.4381469e+00  -1.4377910e+00  -4.0966586e-01  -4.0421996e-01  -5.4458961e-03  -6.0767144e-01  -6.0455955e-01   2.3340104e-03  -5.4458961e-03   3.0000000e+00
  -1.4364657e+00  -1.4364506e+00  -5.8903539e-01  -1.2071601e-02  -5.7696379e-01  -8.8525214e-01  -8.6078372e-01  -1.2396818e-02  -1.2071601e-02   3.0000000e+00
  -1.4364657e+00  -1.4330728e+00  -3.4860468e-01  -7.5867932e-02  -2.7273674e-01  -6.4482143e-01  -2.9767088e-01  -7.4413800e-02  -2.7273674e-01   3.0000000e+00
  -1.4252527e+00  -1.4252529e+00  -6.1154993e-01  -1.4855261e-02  -5.9669467e-01  -9.1731225e-01  -8.8759328e-01  -1.4863709e-02  -1.4855261e-02   3.0000000e+00
  -1.4164279e+00  -1.4197652e+00  -3.5505561e-01  -1.3055083e-01  -2.2450478e-01  -5.3142399e-01  -3.0024984e-01  -1.0062332e-01  -1.3055083e-01   3.0000000e+00
  -1.4149140e+00  -1.4150745e+00  -4.9892590e-01  -2.2111547e-02  -4.7681435e-01  -7.4245733e-01  -7.0033651e-01  -2.0009274e-02  -2.2111547e-02   3.0000000e+00
  -1.4149140e+00  -1.4139216e+00  -3.7464812e-01  -1.8796978e-01  -1.8667834e-01  -6.1817955e-01  -2.6915232e-01  -1.6105744e-01  -1.8796978e-01   3.0000000e+00
  -1.4076411e+00  -1.4081534e+00  -3.4743427e-01  -2.1224210e-01  -1.3519217e-01  -5.1601486e-01   9.5631301e-02  -3.9940406e-01  -2.1224210e-01   3.0000000e+00
  -1.4076411e+00  -1.4041448e+00  -3.8078513e-01  -2.3109785e-01  -1.4968728e-01  -5.4936571e-01  -1.0029040e-01  -2.1797746e-01  -2.3109785e-01   3.0000000e+00
  -1.3950681e+00  -1.3952281e+00  -4.4608836e-01  -4.2774363e-01  -1.8344727e-02  -6.6938924e-01  -6.3999862e-01  -1.1045897e-02  -1.8344727e-02   3.0000000e+00
  -1.3881808e+00  -1.3884048e+00  -5.2941812e-01  -1.8697099e-02  -5.1072102e-01  -8.0329246e-01  -7.5259244e-01  -3.2002919e-02  -1.8697099e-02   3.0000000e+00
  -1.3881808e+00  -1.3867501e+00  -4.0283979e-01  -3.6212757e-02  -3.6662703e-01  -6.7671414e-01  -4.5835849e-01  -1.8214288e-01  -3.6212757e-02   3.0000000e+00
  -1.3833906e+00  -1.3835398e+00  -3.2481001e-01  -1.5948778e-01  -1.6532223e-01  -5.1044471e-01  -2.8299995e-01  -6.2122530e-02  -1.6532223e-01   3.0000000e+00
  -1.3661169e+00  -1.3673766e+00  -3.6432341e-01  -1.8315046e-01  -1.8117295e-01  -6.5896596e-01  -2.9536963e-01  -1.8044587e-01  -1.8315046e-01   3.0000000e+00
  -1.3661169e+00  -1.3661167e+00  -5.8918961e-01  -1.7799040e-02  -5.7139057e-01  -8.8383216e-01  -8.4817770e-01  -1.7855422e-02  -1.7799040e-02   3.0000000e+00
  -1.3646372e+00  -1.3648016e+00  -4.0321816e-01  -9.3634935e-02  -3.0958323e-01  -5.9828676e-01  -3.5351034e-01  -1.5114148e-01  -9.3634935e-02   3.0000000e+00
  -1.3603537e+00  -1.3591979e+00  -4.8043670e-01  -4.4263668e-01  -3.7800027e-02  -7.2606139e-01  -6.4405513e-01  -4.4206231e-02  -3.7800027e-02   3.0000000e+00
  -1.3517328e+00  -1.3519851e+00  -4.3221130e-01  -3.7824865e-02  -3.9438644e-01  -6.2947844e-01  -1.9864122e-01  -3.6450788e-02  -3.9438644e-01   3.0000000e+00
  -1.3489220e+00  -1.3489301e+00  -6.1473452e-01  -2.5606897e-02  -5.8912762e-01  -9.2611128e-01  -8.8021441e-01  -2.0289966e-02  -2.5606897e-02   3.0000000e+00
  -1.3489220e+00  -1.3487256e+00  -3.9996056e-01  -1.9087600e-01  -2.0908456e-01  -7.1133732e-01  -3.5371432e-01  -1.6674700e-01  -1.9087600e-01   3.0000000e+00
  -1.3297202e+00  -1.3342163e+00  -3.8218236e-01  -1.2440230e-01  -2.5778006e-01  -5.8262859e-01  -3.5508480e-01  -1.0314149e-01  -1.2440230e-01   3.0000000e+00
  -1.3283282e+00  -1.3281852e+00  -5.4302583e-01  -5.2329628e-01  -1.9729545e-02  -8.0736297e-01  -7.5818431e-01  -2.9449115e-02  -1.9729545e-02   3.0000000e+00
  -1.3193320e+00  -1.3207935e+00  -3.7701415e-01  -3.0797596e-01  -6.9038192e-02  -5.6609269e-01  -4.0914668e-01  -8.7907825e-02  -6.9038192e-02   3.0000000e+00
  -1.3180784e+00  -1.3179753e+00  -4.0942538e-01  -2.2949944e-01  -1.7992594e-01  -6.0312203e-01  -2.9025888e-01  -1.3293721e-01  -1.7992594e-01   3.0000000e+00
  -1.3180784e+00  -1.3138185e+00  -4.2519724e-01  -7.6438016e-02  -3.4875922e-01  -6.1889389e-01  -4.9911716e-01  -4.3338721e-02  -7.6438016e-02   3.0000000e+00
  -1.3091347e+00  -1.3090142e+00  -4.8924618e-01  -4.7111341e-01  -1.8132772e-02  -7.3404220e-01  -6.9355747e-01  -2.2351950e-02  -1.8132772e-02   3.0000000e+00
  -1.3007252e+00  -1.3008374e+00  -5.6287662e-01  -5.3096995e-02  -5.0977963e-01  -8.5421543e-01  -7.6403513e-01  -3.7083301e-02  -5.3096995e-02   3.0000000e+00
  -1.3007252e+00  -1.3002185e+00  -4.3082068e-01  -2.2691095e-01  -2.0390973e-01  -7.2215949e-01  -4.1022843e-01  -8.5020102e-02  -2.2691095e-01   3.0000000e+00
  -1.2946494e+00  -1.2874291e+00  -4.1260364e-01  -2.3226806e-01  -1.8033558e-01  -5.9543204e-01  -2.5641252e-01  -1.5868394e-01  -1.8033558e-01   3.0000000e+00
  -1.2780031e+00  -1.2780031e+00  -6.2450245e-01  -2.2947231e-02  -6.0155522e-01  -9.3675418e-01  -2.2949501e-02  -8.9085745e-01  -2.2947231e-02   3.0000000e+00
  -1.2721810e+00  -1.2744429e+00  -3.9909512e-01  -2.0027433e-01  -1.9882079e-01  -6.6314578e-01  -2.6477131e-01  -1.9810013e-01  -2.0027433e-01   3.0000000e+00
  -1.2721810e+00  -1.2732001e+00  -5.2540430e-01  -4.9612235e-01  -2.9281946e-02  -7.8945496e-01  -6.9838749e-01  -6.1785526e-02  -2.9281946e-02   3.0000000e+00
  -1.2664382e+00  -1.2691026e+00  -4.3743360e-01  -2.9820765e-01  -1.3922594e-01  -6.5351500e-01  -2.1725491e-01  -1.3805243e-01  -2.9820765e-01   3.0000000e+00
  -1.2664382e+00  -1.2665806e+00  -4.2564462e-01  -1.2274326e-01  -3.0290136e-01  -6.4172602e-01  -2.1797177e-01  -1.2085290e-01  -3.0290136e-01   3.0000000e+00
  -1.2634189e+00  -1.2645828e+00  -4.8330075e-01  -4.5622164e-01  -2.7079114e-02  -7.1504714e-01  -6.1006143e-01  -7.7906589e-02  -2.7079114e-02   3.0000000e+00
  -1.2402818e+00  -1.2455604e+00  -4.2964699e-01  -2.6893296e-01  -1.6071403e-01  -7.2038749e-01  -2.9112740e-01  -1.6032713e-01  -2.6893296e-01   3.0000000e+00
  -1.2402818e+00  -1.2402874e+00  -5.8114715e-01  -5.5454399e-01  -2.6603163e-02  -8.7188765e-01  -8.1925899e-01  -2.6025502e-02  -2.6603163e-02   3.0000000e+00
  -1.2391117e+00  -1.2352029e+00  -4.2361523e-01  -1.6456596e-01  -2.5904927e-01  -6.3320465e-01  -2.1127071e-01  -1.6288467e-01  -2.5904927e-01   3.0000000e+00
  -1.2262459e+00  -1.2308934e+00  -4.1202492e-01  -1.2792368e-01  -2.8410124e-01  -6.4820341e-01  -2.3633963e-01  -1.2776254e-01  -2.8410124e-01   3.0000000e+00
  -1.2262459e+00  -1.2282001e+00  -4.3468072e-01  -4.0034166e-02  -3.9464656e-01  -6.7085921e-01  -5.4094894e-01  -8.9876101e-02  -4.0034166e-02   3.0000000e+00
  -1.2218202e+00  -1.2217999e+00  -5.3091253e-01  -2.6444413e-02  -5.0446811e-01  -7.9668091e-01  -7.4195035e-01  -2.8286148e-02  -2.6444413e-02   3.0000000e+00
  -1.2203069e+00  -1.2165192e+00  -4.4941143e-01  -3.3899941e-02  -4.1551149e-01  -6.7051263e-01  -2.0310910e-01  -4.3350359e-01  -3.3899941e-02   3.0000000e+00
  -1.2121926e+00  -1.2121890e+00  -6.2278656e-01  -2.7718715e-02  -5.9506785e-01  -9.3422632e-01  -8.7867395e-01  -2.7833659e-02  -2.7718715e-02   3.0000000e+00
  -1.2076636e+00  -1.2055266e+00  -4.0977176e-01  -2.3153860e-01  -1.7823317e-01  -6.3337506e-01  -3.0253147e-01  -1.5261042e-01  -1.7823317e-01   3.0000000e+00
  -1.1850966e+00  -1.1953586e+00  -4.5597714e-01  -3.0477249e-01  -1.5120465e-01  -7.3250807e-01  -3.8186721e-01  -1.9943621e-01  -1.5120465e-01   3.0000000e+00
  -1.1850966e+00  -1.1848134e+00  -5.6061011e-01  -5.0970188e-01  -5.0908229e-02  -8.3714104e-01  -7.4752321e-01  -3.8709602e-02  -5.0908229e-02   3.0000000e+00
  -1.1825689e+00  -1.1822293e+00  -4.8082735e-01  -3.4419036e-01  -1.3663698e-01  -7.2565769e-01  -5.1552626e-01  -7.3494446e-02  -1.3663698e-01   3.0000000e+00
  -1.1765380e+00  -1.1766500e+00  -5.2347236e-01  -2.7241610e-02  -4.9623075e-01  -7.8542691e-01  -7.1825198e-01  -3.9933318e-02  -2.7241610e-02   3.0000000e+00
  -1.1765380e+00  -1.1719168e+00  -4.5410331e-01  -2.3769096e-01  -2.1641235e-01  -7.1605786e-01  -2.6206949e-01  -2.3757602e-01  -2.1641235e-01   3.0000000e+00
  -1.1765380e+00  -1.1689998e+00  -4.5389717e-01  -2.0271703e-01  -2.5118014e-01  -7.1585172e-01  -1.6062968e-01  -3.0404190e-01  -2.5118014e-01   3.0000000e+00
  -1.1513301e+00  -1.1518806e+00  -4.6360976e-01  -4.1067735e-02  -4.2254202e-01  -7.7351878e-01  -3.1006086e-01  -4.0915900e-02  -4.2254202e-01   3.0000000e+00
  -1.1513301e+00  -1.1513267e+00  -6.2004118e-01  -3.2357236e-02  -5.8768394e-01  -9.2995020e-01  -8.6512974e-01  -3.2463232e-02  -3.2357236e-02   3.0000000e+00
  -1.1401255e+00  -1.1421807e+00  -4.4204804e-01  -2.2931896e-01  -2.1272908e-01  -6.6975335e-01  -1.7465971e-01  -2.6577468e-01  -2.2931896e-01   3.0000000e+00
  -1.1380156e+00  -1.1380371e+00  -4.9567746e-01  -4.1589287e-01  -7.9784587e-02  -7.3960477e-01  -6.1180674e-01  -4.8013442e-02  -7.9784587e-02   3.0000000e+00
  -1.1334134e+00  -1.1334402e+00  -5.7220038e-01  -5.3769727e-01  -3.4503104e-02  -8.5792781e-01  -7.8885817e-01  -3.4566532e-02  -3.4503104e-02   3.0000000e+00
  -1.1280388e+00  -1.1276048e+00  -4.7922872e-01  -2.4852790e-01  -2.3070082e-01  -7.1901455e-01  -5.4442071e-01   5.6106982e-02  -2.3070082e-01   3.0000000e+00
  -1.1280388e+00  -1.1242725e+00  -4.7393679e-01  -2.3558190e-01  -2.3835490e-01  -7.1372262e-01  -2.5024131e-01  -2.2789941e-01  -2.3558190e-01   3.0000000e+00
  -1.1035201e+00  -1.1154994e+00  -4.7701370e-01  -2.2838422e-01  -2.4862948e-01  -7.2920045e-01  -4.6122286e-01  -3.9593372e-02  -2.2838422e-01   3.0000000e+00
  -1.1035201e+00  -1.1142593e+00  -4.5543929e-01  -2.6270554e-01  -1.9273375e-01  -7.0762604e-01  -2.7136029e-01  -2.4353200e-01  -1.9273375e-01   3.0000000e+00
  -1.0966074e+00  -1.0962621e+00  -5.3947558e-01  -4.8965477e-01  -4.9820809e-02  -7.8040835e-01  -2.5424205e-01  -3.6511530e-02  -4.8965477e-01   3.0000000e+00
  -1.0952586e+00  -1.0949053e+00  -5.8924628e-01  -5.4647751e-01  -4.2768761e-02  -8.9691930e-01  -7.7447070e-01  -7.9679838e-02  -4.2768761e-02   3.0000000e+00
  -1.0875292e+00  -1.0880967e+00  -4.8085904e-01  -2.2266058e-01  -2.5819846e-01  -7.6399694e-01  -3.8186060e-01  -1.5947576e-01  -2.2266058e-01   3.0000000e+00
  -1.0875292e+00  -1.0875683e+00  -5.5710408e-01  -4.9912986e-01  -5.7974224e-02  -8.4024198e-01  -7.3697786e-01  -4.5289896e-02  -5.7974224e-02   3.0000000e+00
  -1.0762062e+00  -1.0760180e+00  -4.9530106e-01  -2.2006100e-01  -2.7524006e-01  -7.3831475e-01  -2.0336482e-01  -2.5970986e-01  -2.7524006e-01   3.0000000e+00
  -1.0651755e+00  -1.0637067e+00  -5.0697247e-01  -3.9841729e-01  -1.0855518e-01  -7.5979745e-01  -5.9100742e-01  -6.0234852e-02  -1.0855518e-01   3.0000000e+00
  -1.0516439e+00  -1.0524983e+00  -5.0416085e-01  -3.7681100e-01  -1.2734985e-01  -7.4069680e-01  -4.0416321e-01  -2.0918374e-01  -1.2734985e-01   3.0000000e+00
  -1.0476324e+00  -1.0469231e+00  -5.3501604e-01  -4.0995470e-01  -1.2506135e-01  -8.1016345e-01  -6.2318820e-01  -6.1913904e-02  -1.2506135e-01   3.0000000e+00
  -1.0439686e+00  -1.0439652e+00  -6.1215138e-01  -5.6961859e-01  -4.2532785e-02  -9.1826885e-01  -8.3442453e-01  -4.1311533e-02  -4.2532785e-02   3.0000000e+00
  -1.0364189e+00  -1.0389423e+00  -5.1180873e-01  -4.7568252e-01  -3.6126208e-02  -7.7323707e-01  -6.0762217e-01  -1.2948869e-01  -3.6126208e-02   3.0000000e+00
  -1.0327413e+00  -1.0281552e+00  -5.0706829e-01  -2.5345188e-01  -2.5361641e-01  -7.5677808e-01  -2.0120898e-01  -3.0211722e-01  -2.5345188e-01   3.0000000e+00
  -1.0211123e+00  -1.0197023e+00  -5.1839466e-01  -2.1934143e-01  -2.9905323e-01  -7.6804436e-01  -3.9756552e-01  -1.5113740e-01  -2.1934143e-01   3.0000000e+00
  -1.0074493e+00  -1.0078289e+00  -5.4738086e-01  -4.0093274e-01  -1.4644812e-01  -8.2437426e-01  -6.4360713e-01  -3.4319013e-02  -1.4644812e-01   3.0000000e+00
  -9.9759024e-01  -9.9903572e-01  -5.2977305e-01  -2.7788164e-01  -2.5189141e-01  -8.3334201e-01  -3.5908802e-01  -1.9637235e-01  -2.7788164e-01   3.0000000e+00
  -9.9759024e-01  -9.9749949e-01  -6.0352142e-01  -5.4280646e-01  -6.0714964e-02  -9.0709039e-01  -7.9806440e-01  -4.8311018e-02  -6.0714964e-02   3.0000000e+00
  -9.9759024e-01  -9.9431544e-01  -5.1177908e-01  -2.5483736e-01  -2.5694172e-01  -8.1534804e-01  -3.0396495e-01  -2.5444136e-01  -2.5694172e-01   3.0000000e+00
  -9.8215286e-01  -9.8146514e-01  -5.1684271e-01  -2.5894025e-01  -2.5790246e-01  -7.8777583e-01  -2.8918408e-01  -2.4068929e-01  -2.5790246e-01   3.0000000e+00
  -9.7851017e-01  -9.7615728e-01  -5.4873522e-01  -4.9777173e-01  -5.0963487e-02  -8.1353893e-01  -2.6483949e-01  -5.0927704e-02  -4.9777173e-01   3.0000000e+00
  -9.5766810e-01  -9.6076509e-01  -5.1285749e-01  -2.5467264e-01  -2.5818485e-01  -8.0186145e-01  -2.9537185e-01  -2.5181696e-01  -2.5467264e-01   3.0000000e+00
  -9.5766810e-01  -9.5796275e-01  -5.6734021e-01  -4.1537550e-01  -1.5196471e-01  -8.5634417e-01  -6.5922775e-01  -4.5151711e-02  -1.5196471e-01   3.0000000e+00
  -9.5766810e-01  -9.5491108e-01  -5.6922883e-01  -1.6992134e-01  -3.9930748e-01  -8.5823279e-01  -5.1787966e-01  -1.7043179e-01  -1.6992134e-01   3.0000000e+00
  -9.5145896e-01  -9.4734566e-01  -5.4692369e-01  -1.6429661e-01  -3.8262707e-01  -8.2606546e-01  -6.3611684e-01  -2.5652013e-02  -1.6429661e-01   3.0000000e+00
  -9.3254882e-01  -9.3682203e-01  -5.4230513e-01  -9.1896944e-02  -4.5040818e-01  -8.1285791e-01  -2.6645187e-01  -4.5450910e-01  -9.1896944e-02   3.0000000e+00
  -9.2401108e-01  -9.2698836e-01  -5.4303888e-01  -2.8812160e-01  -2.5491728e-01  -8.2723167e-01  -3.7862485e-01  -1.9368955e-01  -2.5491728e-01   3.0000000e+00
  -9.1608665e-01  -9.1790842e-01  -5.9531442e-01  -5.3723721e-01  -5.8077206e-02  -8.8837068e-01  -7.3155533e-01  -9.8738153e-02  -5.8077206e-02   3.0000000e+00
  -8.9989070e-01  -9.0243310e-01  -5.6327971e-01  -2.8600716e-01  -2.7727255e-01  -8.3965406e-01  -2.4659293e-01  -3.0705397e-01  -2.8600716e-01   3.0000000e+00
  -8.8640597e-01  -8.8805271e-01  -5.4775409e-01  -2.7573522e-01  -2.7201887e-01  -8.4273747e-01  -3.1236868e-01  -2.5834992e-01  -2.7201887e-01   3.0000000e+00
  -8.8640597e-01  -8.8648794e-01  -5.8903534e-01  -1.1461084e-01  -4.7442450e-01  -8.8401872e-01  -7.0432337e-01  -6.5084508e-02  -1.1461084e-01   3.0000000e+00
  -8.8640597e-01  -8.8056465e-01  -5.7222183e-01  -2.5851154e-01  -3.1371029e-01  -8.6720521e-01  -4.3816199e-01  -1.7053169e-01  -2.5851154e-01   3.0000000e+00
  -8.6090372e-01  -8.6854026e-01  -5.5783914e-01  -2.7891174e-01  -2.7892740e-01  -8.5109565e-01  -3.0864358e-01  -2.6354033e-01  -2.7891174e-01   3.0000000e+00
  -8.6090372e-01  -8.6118426e-01  -5.7916209e-01  -5.5363883e-01  -2.5523258e-02  -8.7241859e-01  -6.5821351e-01  -1.8868183e-01  -2.5523258e-02   3.0000000e+00
  -8.4526420e-01  -8.3849664e-01  -5.8548605e-01  -2.9880368e-01  -2.8668238e-01  -8.7102023e-01  -6.3315180e-01   4.8813950e-02  -2.8668238e-01   3.0000000e+00
  -8.4526420e-01  -8.3745369e-01  -5.7657954e-01  -2.8746767e-01  -2.8911187e-01  -8.6211371e-01  -2.7759647e-01  -2.9540537e-01  -2.8911187e-01   3.0000000e+00
  -8.4526420e-01  -8.3150047e-01  -5.8491645e-01  -2.9879648e-01  -2.8611997e-01  -8.7045062e-01  -4.5486436e-01  -1.2946628e-01  -2.8611997e-01   3.0000000e+00
  -8.0405778e-01  -8.2217827e-01  -5.9320912e-01  -2.3384832e-01  -3.5936080e-01  -8.9505269e-01  -6.2082221e-01  -4.0382161e-02  -2.3384832e-01   3.0000000e+00
  -8.0405778e-01  -8.0461990e-01  -5.9414078e-01  -2.9739364e-01  -2.9674714e-01  -8.9598435e-01  -3.2403129e-01  -2.7520592e-01  -2.9674714e-01   3.0000000e+00
  -7.7462430e-01  -7.8312977e-01  -6.1122111e-01  -3.0606031e-01  -3.0516080e-01  -9.1216518e-01  -2.9104857e-01  -3.1595581e-01  -3.0516080e-01   3.0000000e+00
  -7.7462372e-01  -7.6030652e-01  -6.1936737e-01  -3.0941188e-01  -3.0995549e-01  -9.2030977e-01  -2.8512940e-01  -3.2522487e-01  -3.0995549e-01   3.0000000e+00
  -7.3544582e-01  -7.4271762e-01  -6.1392299e-01  -3.0696116e-01  -3.0696183e-01  -9.2766167e-01  -3.2664024e-01  -2.9406027e-01  -3.0696116e-01   3.0000000e+00
  -7.3544485e-01  -7.0853454e-01  -6.3567127e-01  -3.1783627e-01  -3.1783499e-01  -9.4940723e-01  -9.6500077e-02  -5.3507088e-01  -3.1783627e-01   3.0000000e+00
  -7.3544485e-01  -7.0448502e-01  -6.1945934e-01  -3.0972964e-01  -3.0972970e-01  -9.3319530e-01  -3.1745534e-01  -3.0601026e-01  -3.0972970e-01   3.0000000e+00
  -6.4810833e-01  -6.7945098e-01  -6.4386563e-01  -3.2193271e-01  -3.2193292e-01  -9.7030447e-01  -4.8211144e-01  -1.6626032e-01  -3.2193271e-01   3.0000000e+00
  -6.4810833e-01  -6.1304638e-01  -6.5978067e-01  -3.2989034e-01  -3.2989034e-01  -9.8621952e-01  -2.1181785e-01  -4.4451133e-01  -3.2989034e-01   3.0000000e+00
