-4.98448 0.957824 4.996e-16 -0.478912 0.8295 -0.478912 -0.8295
-4.57975 0.869555 6.34708e-17 -0.434777 0.753056 -0.434777 -0.753056
-4.47796 0.872585 -6.81244e-17 -0.436293 0.755681 -0.436293 -0.755681
-4.22099 0.773416 2.11456e-16 -0.386708 0.669798 -0.386708 -0.669798
-4.13241 0.775438 -2.2347e-16 -0.387719 0.671549 -0.387719 -0.671549
-4.01397 0.781614 -1.9623e-16 -0.390807 0.676898 -0.390807 -0.676898
-3.91609 0.657625 3.88122e-16 -0.328812 0.56952 -0.328812 -0.56952
-3.84063 0.65197 -3.15428e-16 -0.325985 0.564622 -0.325985 -0.564622
-3.73719 0.64411 -2.8103e-16 -0.322055 0.557816 -0.322055 -0.557816
-3.69848 0.191917 6.28143e-15 -0.0959587 0.166205 -0.0959587 -0.166205
-3.59789 -0.0910364 -7.41163e-15 0.0455182 0.0788399 0.0455182 -0.0788399
-3.59789 0.613106 -4.85723e-17 -0.306553 0.530966 -0.306553 -0.530966
-3.55164 0.43212 -6.66851e-16 -0.21606 0.374227 -0.21606 -0.374227
-3.51663 -0.314148 -6.59195e-17 0.157074 0.27206 0.157074 -0.27206
-3.38395 -0.215201 1.47616e-15 0.1076 0.186369 0.1076 -0.186369
-3.37521 -0.191765 1.28396e-15 0.0958827 0.166074 0.0958827 -0.166074
-3.31814 0.13839 -1.95862e-15 -0.0691949 0.119849 -0.0691949 -0.119849
-3.26788 0.258889 -1.53428e-15 -0.129445 0.224205 -0.129445 -0.224205
-3.24463 0.121166 -7.09374e-15 -0.0605828 0.104932 -0.0605828 -0.104932
-3.16337 -0.132968 -1.00265e-15 0.0664842 0.115154 0.0664842 -0.115154
-3.14951 -0.0262474 -1.06685e-15 0.0131237 0.0227309 0.0131237 -0.0227309
-3.10079 0.249262 -2.14908e-15 -0.124631 0.215867 -0.124631 -0.215867
-2.99645 0.17508 3.89161e-16 -0.0875399 0.151624 -0.0875399 -0.151624
-2.97401 -0.18623 -8.33635e-16 0.0931151 0.16128 0.0931151 -0.16128
-2.91176 -0.200969 -1.23936e-15 0.100485 0.174044 0.100485 -0.174044
-2.90789 -0.0666899 2.73167e-15 0.033345 0.0577552 0.033345 -0.0577552
-2.85911 0.226279 -2.19096e-15 -0.113139 0.195963 -0.113139 -0.195963
-2.80328 0.0501878 2.89829e-15 -0.0250939 0.0434639 -0.0250939 -0.0434639
-2.74765 -0.0528649 4.85549e-15 0.0264325 0.0457824 0.0264325 -0.0457824
-2.69753 0.0972862 -4.0332e-15 -0.0486431 0.0842523 -0.0486431 -0.0842523
-2.64934 0.0649217 1.46411e-15 -0.0324608 0.0562238 -0.0324608 -0.0562238
-2.63217 0.0930459 -7.551e-16 -0.046523 0.0805802 -0.046523 -0.0805802
-2.58023 0.086236 5.04715e-16 -0.043118 0.0746826 -0.043118 -0.0746826
-2.51469 0.0257137 3.77625e-15 -0.0128568 0.0222687 -0.0128568 -0.0222687
-2.5021 0.090243 -7.22373e-16 -0.0451215 0.0781527 -0.0451215 -0.0781527
-2.40252 -0.169151 4.82435e-16 0.0845754 0.146489 0.0845754 -0.146489
-2.40112 -0.0731549 -3.96149e-17 0.0365774 0.063354 0.0365774 -0.063354
-2.32821 0.0893929 -1.16569e-16 -0.0446964 0.0774165 -0.0446964 -0.0774165
-2.29423 0.0830841 -1.06484e-16 -0.0415421 0.071953 -0.0415421 -0.071953
-2.24578 -0.244696 -1.18859e-15 0.122348 0.211913 0.122348 -0.211913
-2.24543 -0.105794 7.05883e-16 0.052897 0.0916203 0.052897 -0.0916203
-2.19779 -0.0912485 7.69236e-16 0.0456242 0.0790235 0.0456242 -0.0790235
-2.14694 0.0690848 1.87962e-15 -0.0345424 0.0598292 -0.0345424 -0.0598292
-2.12375 -0.109128 -6.02296e-15 0.0545641 0.0945078 0.0545641 -0.0945078
-2.03723 -0.300721 4.33371e-17 0.15036 0.260432 0.15036 -0.260432
-2.0205 -0.111791 9.17669e-16 0.0558954 0.0968137 0.0558954 -0.0968137
-1.95314 -0.290509 -1.6567e-15 0.145255 0.251588 0.145255 -0.251588
-1.91586 0.0629181 -2.68299e-16 -0.031459 0.0544887 -0.031459 -0.0544887
-1.91586 -0.277364 -3.05311e-16 0.138682 0.240204 0.138682 -0.240204
-1.83309 -0.338195 -1.75049e-16 0.169098 0.292885 0.169098 -0.292885
-1.80367 0.063087 -1.80393e-15 -0.0315435 0.0546349 -0.0315435 -0.0546349
-1.75341 -0.376551 7.37113e-16 0.188275 0.326102 0.188275 -0.326102
-1.72844 -0.0579365 -1.83881e-16 0.0289683 0.0501745 0.0289683 -0.0501745
-1.68867 0.0350486 -6.99539e-15 -0.0175243 0.0303529 -0.0175243 -0.0303529
-1.65687 -0.177838 -5.62426e-16 0.0889192 0.154012 0.0889192 -0.154012
-1.58984 -0.0441068 -2.02963e-15 0.0220534 0.0381976 0.0220534 -0.0381976
-1.56403 0.124271 2.75821e-15 -0.0621357 0.107622 -0.0621357 -0.107622
-1.53191 -0.320324 2.48817e-16 0.160162 0.277409 0.160162 -0.277409
-1.45367 0.0974412 -9.22873e-16 -0.0487206 0.0843866 -0.0487206 -0.0843866
-1.43773 0.100722 3.22659e-15 -0.0503611 0.0872279 -0.0503611 -0.0872279
-1.41402 -0.13193 6.66901e-16 0.065965 0.114255 0.065965 -0.114255
-1.35395 0.0722961 9.37872e-15 -0.0361481 0.0626103 -0.0361481 -0.0626103
-1.30724 0.03659 -1.19861e-14 -0.018295 0.0316879 -0.018295 -0.0316879
-1.30286 0.010261 -3.89098e-15 -0.00513048 0.00888625 -0.00513048 -0.00888625
-1.25782 0.116286 -4.98973e-16 -0.0581428 0.100706 -0.0581428 -0.100706
-1.19438 -0.249769 -1.8259e-16 0.124885 0.216306 0.124885 -0.216306
-1.19438 -0.0804452 1.10998e-15 0.0402226 0.0696676 0.0402226 -0.0696676
-1.10571 -0.405335 1.4165e-16 0.202667 0.35103 0.202667 -0.35103
-1.08417 -0.241511 2.97692e-16 0.120755 0.209154 0.120755 -0.209154
-1.03482 0.0146347 -1.85128e-15 -0.00731736 0.012674 -0.00731736 -0.012674
-0.956662 0.0615475 -5.57887e-15 -0.0307738 0.0533017 -0.0307738 -0.0533017
-0.955009 -0.0164687 1.42856e-15 0.00823433 0.0142623 0.00823433 -0.0142623
-0.93635 0.0214111 -5.87546e-16 -0.0107056 0.0185426 -0.0107056 -0.0185426
-0.819901 -0.0151869 -2.55872e-16 0.00759345 0.0131523 0.00759345 -0.0131523
-0.754281 -0.152932 -2.32453e-16 0.0764658 0.132443 0.0764658 -0.132443
-0.611022 -0.0957237 4.27291e-15 0.0478618 0.0828991 0.0478618 -0.0828991
-0.609644 -0.0119103 -2.3345e-15 0.00595516 0.0103146 0.00595516 -0.0103146
