-5.16193 0.961551 -5.28452e-17 -0.480775 0.832727 -0.480775 -0.832727
-5.05495 0.940336 6.97241e-17 -0.470168 0.814355 -0.470168 -0.814355
-5.02965 0.940953 -1.47013e-16 -0.470476 0.814889 -0.470476 -0.814889
-4.9506 0.918882 4.79952e-17 -0.459441 0.795775 -0.459441 -0.795775
-4.92613 0.919484 -2.06118e-17 -0.459742 0.796296 -0.459742 -0.796296
-4.89991 0.920195 -9.54867e-17 -0.460097 0.796912 -0.460097 -0.796912
-4.84892 0.897157 -3.87891e-17 -0.448578 0.776961 -0.448578 -0.776961
-4.8253 0.897733 -3.39936e-17 -0.448867 0.77746 -0.448867 -0.77746
-4.79985 0.898438 1.96366e-17 -0.449219 0.77807 -0.449219 -0.77807
-4.77274 0.899255 8.2861e-17 -0.449627 0.778778 -0.449627 -0.778778
-4.74993 0.87512 -5.79282e-17 -0.43756 0.757876 -0.43756 -0.757876
-4.72722 0.875657 2.44797e-17 -0.437828 0.758341 -0.437828 -0.758341
-4.70256 0.876346 1.64652e-18 -0.438173 0.758938 -0.438173 -0.758938
-4.67615 0.877167 -4.01004e-17 -0.438584 0.759649 -0.438584 -0.759649
-4.65367 0.852724 -1.00797e-16 -0.426362 0.73848 -0.426362 -0.73848
-4.64815 0.878108 -3.19637e-17 -0.439054 0.760464 -0.439054 -0.760464
-4.63191 0.853202 4.23323e-16 -0.426601 0.738894 -0.426601 -0.738894
-4.60807 0.853863 -1.23265e-16 -0.426932 0.739467 -0.426932 -0.739467
-4.5824 0.854681 -7.93829e-17 -0.427341 0.740176 -0.427341 -0.740176
-4.5602 0.829909 -1.64628e-16 -0.414954 0.718722 -0.414954 -0.718722
-4.55506 0.855638 -1.00127e-16 -0.427819 0.741004 -0.427819 -0.741004
-4.53944 0.830302 1.66493e-17 -0.415151 0.719063 -0.415151 -0.719063
-4.52618 0.856722 -1.00249e-16 -0.428361 0.741943 -0.428361 -0.741943
-4.51646 0.83092 -2.70617e-16 -0.41546 0.719598 -0.41546 -0.719598
-4.49154 0.831723 6.57021e-16 -0.415862 0.720294 -0.415862 -0.720294
-4.46955 0.806601 -8.13865e-17 -0.4033 0.698537 -0.4033 -0.698537
-4.46488 0.83269 -3.40735e-16 -0.416345 0.721131 -0.416345 -0.721131
-4.44988 0.806874 1.80467e-16 -0.403437 0.698774 -0.403437 -0.698774
-4.43661 0.833806 1.22706e-16 -0.416903 0.722097 -0.416903 -0.722097
-4.42778 0.807427 -3.05311e-16 -0.403714 0.699252 -0.403714 -0.699252
-4.40686 0.835059 -1.13498e-15 -0.417529 0.723182 -0.417529 -0.723182
-4.40364 0.8082 -2.25331e-16 -0.4041 0.699922 -0.4041 -0.699922
-4.38181 0.782708 -1.69201e-16 -0.391354 0.677845 -0.391354 -0.677845
-4.37767 0.809166 -9.6364e-17 -0.404583 0.700758 -0.404583 -0.700758
-4.36329 0.782811 5.44111e-16 -0.391405 0.677934 -0.391405 -0.677934
-4.35004 0.810309 5.53131e-16 -0.405154 0.701748 -0.405154 -0.701748
-4.34213 0.783269 -7.91034e-16 -0.391634 0.678331 -0.391634 -0.678331
-4.32086 0.811615 -4.01357e-16 -0.405808 0.702879 -0.405808 -0.702879
-4.31879 0.78399 -6.46788e-17 -0.391995 0.678955 -0.391995 -0.678955
-4.29705 0.758107 -2.45313e-16 -0.379054 0.65654 -0.379054 -0.65654
-4.29354 0.784939 2.48612e-16 -0.39247 0.679777 -0.39247 -0.679777
-4.29022 0.813071 1.03207e-15 -0.406535 0.70414 -0.406535 -0.70414
-4.27977 0.757969 7.9818e-16 -0.378984 0.65642 -0.378984 -0.65642
-4.26655 0.786098 -2.44778e-16 -0.393049 0.680781 -0.393049 -0.680781
-4.25959 0.758292 -7.21672e-16 -0.379146 0.6567 -0.379146 -0.6567
-4.23795 0.787453 4.79258e-17 -0.393726 0.681954 -0.393726 -0.681954
-4.23709 0.758931 3.68021e-16 -0.379466 0.657254 -0.379466 -0.657254
-4.21536 0.732639 -1.58834e-16 -0.36632 0.634484 -0.36632 -0.634484
-4.21258 0.759835 -1.04083e-16 -0.379918 0.658037 -0.379918 -0.658037
-4.20784 0.788991 3.28276e-16 -0.394496 0.683286 -0.394496 -0.683286
-4.19945 0.732151 5.88423e-16 -0.366075 0.634061 -0.366075 -0.634061
-4.18625 0.760995 -6.74997e-16 -0.380497 0.659041 -0.380497 -0.659041
-4.18031 0.732286 -2.72889e-16 -0.366143 0.634178 -0.366143 -0.634178
-4.17631 0.790695 1.04083e-16 -0.395348 0.684762 -0.395348 -0.684762
-4.15868 0.7328 3.67761e-16 -0.3664 0.634623 -0.3664 -0.634623
-4.15824 0.762382 3.12661e-16 -0.381191 0.660242 -0.381191 -0.660242
-4.13688 0.706099 2.57371e-18 -0.35305 0.6115 -0.35305 -0.6115
-4.13493 0.733594 -1.28775e-16 -0.366797 0.635311 -0.366797 -0.635311
-4.12867 0.763994 -2.36941e-16 -0.381997 0.661639 -0.381997 -0.661639
-4.12249 0.705075 1.30376e-16 -0.352537 0.610612 -0.352537 -0.610612
-4.10928 0.734746 -2.7177e-17 -0.367373 0.636309 -0.367373 -0.636309
-4.10442 0.704954 -6.10052e-17 -0.352477 0.610508 -0.352477 -0.610508
-4.09762 0.765825 4.10376e-17 -0.382913 0.663224 -0.382913 -0.663224
-4.08371 0.705275 3.40006e-16 -0.352638 0.610786 -0.352638 -0.610786
-4.08188 0.736131 2.44572e-16 -0.368066 0.637508 -0.368066 -0.637508
-4.06518 0.767847 7.19298e-17 -0.383923 0.664975 -0.383923 -0.664975
-4.06178 0.678539 2.15214e-16 -0.33927 0.587632 -0.33927 -0.587632
-4.06074 0.70548 -6.97796e-16 -0.35274 0.610964 -0.35274 -0.610964
-4.05286 0.737778 -4.74475e-16 -0.368889 0.638934 -0.368889 -0.638934
-4.04908 0.676309 8.11004e-17 -0.338154 0.585701 -0.338154 -0.585701
-4.03582 0.706986 3.41272e-16 -0.353493 0.612268 -0.353493 -0.612268
-4.03215 0.675849 -5.80639e-16 -0.337925 0.585303 -0.337925 -0.585303
-4.0223 0.739693 2.79499e-17 -0.369846 0.640593 -0.369846 -0.640593
-4.0124 0.675873 3.28477e-16 -0.337937 0.585323 -0.337937 -0.585323
-4.00906 0.708291 1.04652e-16 -0.354146 0.613398 -0.354146 -0.613398
-3.99056 0.662514 -3.60469e-16 -0.331257 0.573754 -0.331257 -0.573754
-3.99029 0.741891 9.29873e-17 -0.370945 0.642496 -0.370945 -0.642496
-3.99 0.661856 -3.84442e-16 -0.330928 0.573184 -0.330928 -0.573184
-3.98061 0.709805 -5.32529e-16 -0.354902 0.614709 -0.354902 -0.614709
-3.97954 0.645176 4.81344e-16 -0.322588 0.558739 -0.322588 -0.558739
-3.9661 0.677159 5.37947e-16 -0.338579 0.586437 -0.338579 -0.586437
-3.96377 0.644257 -1.13546e-16 -0.322128 0.557943 -0.322128 -0.557943
-3.95691 0.744335 -2.22045e-16 -0.372168 0.644613 -0.372168 -0.644613
-3.95058 0.711631 5.49439e-16 -0.355815 0.61629 -0.355815 -0.61629
-3.94506 0.643782 -6.88085e-16 -0.321891 0.557531 -0.321891 -0.557531
-3.94002 0.678244 6.245e-17 -0.339122 0.587376 -0.339122 -0.587376
-3.92408 0.63858 -1.87123e-16 -0.31929 0.553027 -0.31929 -0.553027
-3.92252 0.620213 -7.63278e-17 -0.310107 0.537121 -0.310107 -0.537121
-3.91904 0.713461 5.28105e-16 -0.356731 0.617876 -0.356731 -0.617876
-3.91434 0.610174 2.5209e-16 -0.305087 0.528426 -0.305087 -0.528426
-3.9122 0.679432 -2.56587e-16 -0.339716 0.588405 -0.339716 -0.588405
-3.90044 0.644434 2.70868e-16 -0.322217 0.558096 -0.322217 -0.558096
-3.89969 0.608829 3.58271e-16 -0.304415 0.527262 -0.304415 -0.527262
-3.88607 0.714768 -2.85566e-16 -0.357384 0.619007 -0.357384 -0.619007
-3.88276 0.681038 -1.60688e-15 -0.340519 0.589796 -0.340519 -0.589796
-3.88212 0.607291 -7.93964e-16 -0.303646 0.52593 -0.303646 -0.52593
-3.87512 0.645331 -1.96999e-15 -0.322666 0.558873 -0.322666 -0.558873
-3.86254 0.597659 5.74773e-16 -0.29883 0.517588 -0.29883 -0.517588
-3.85939 0.584859 -4.44969e-16 -0.292429 0.506502 -0.292429 -0.506502
-3.85424 0.567001 4.70438e-16 -0.2835 0.491037 -0.2835 -0.491037
-3.85236 0.683319 -7.98728e-16 -0.34166 0.591772 -0.34166 -0.591772
-3.85133 0.710381 3.07133e-15 -0.35519 0.615208 -0.35519 -0.615208
-3.84788 0.649279 -3.01452e-16 -0.32464 0.562292 -0.32464 -0.562292
-3.84085 0.558239 8.1051e-14 -0.27912 0.483449 -0.27912 -0.483449
-3.8392 0.600746 -7.40244e-14 -0.300373 0.520261 -0.300373 -0.520261
-3.82403 0.554987 -9.75836e-16 -0.277494 0.480633 -0.277494 -0.480633
-3.82138 0.635948 2.02559e-15 -0.317974 0.550747 -0.317974 -0.550747
-3.81832 0.665455 6.51752e-16 -0.332727 0.576301 -0.332727 -0.576301
-3.81507 0.602726 1.88506e-16 -0.301363 0.521976 -0.301363 -0.521976
-3.80925 0.42298 -2.42167e-15 -0.21149 0.366312 -0.21149 -0.366312
-3.8016 -0.23402 -8.61863e-15 0.11701 0.202667 0.11701 -0.202667
-3.8016 0.508637 1.42541e-16 -0.254318 0.440492 -0.254318 -0.440492
-3.79274 0.573521 5.56008e-16 -0.286761 0.496684 -0.286761 -0.496684
-3.78744 0.458498 -5.88813e-16 -0.229249 0.397071 -0.229249 -0.397071
-3.78744 0.17143 3.28923e-14 -0.0857151 0.148463 -0.0857151 -0.148463
-3.78427 0.640536 5.64212e-16 -0.320268 0.554721 -0.320268 -0.554721
-3.78163 0.46828 1.31475e-15 -0.23414 0.405543 -0.23414 -0.405543
-3.77236 -0.278205 2.43902e-15 0.139102 0.240932 0.139102 -0.240932
-3.76494 0.407242 3.23632e-15 -0.203621 0.352682 -0.203621 -0.352682
-3.75845 -0.104163 -2.85709e-15 0.0520815 0.0902078 0.0520815 -0.0902078
-3.75845 0.472307 -1.52328e-15 -0.236153 0.40903 -0.236153 -0.40903
-3.75417 0.598404 -1.92956e-15 -0.299202 0.518233 -0.299202 -0.518233
-3.74982 0.272372 1.88676e-14 -0.136186 0.235881 -0.136186 -0.235881
-3.74909 0.0608381 4.25432e-14 -0.0304191 0.0526874 -0.0304191 -0.0526874
-3.74909 0.687704 -1.24215e-15 -0.343852 0.595569 -0.343852 -0.595569
-3.74758 -0.111389 -8.50223e-15 0.0556947 0.096466 0.0556947 -0.096466
-3.73959 -0.298638 7.90155e-16 0.149319 0.258628 0.149319 -0.258628
-3.73161 -0.1728 2.34188e-14 0.0864 0.149649 0.0864 -0.149649
-3.72539 0.43067 2.60268e-15 -0.215335 0.372971 -0.215335 -0.372971
-3.72092 0.213639 1.07486e-14 -0.10682 0.185017 -0.10682 -0.185017
-3.72092 0.204868 2.91364e-14 -0.102434 0.177421 -0.102434 -0.177421
-3.72092 0.484608 1.14839e-14 -0.242304 0.419683 -0.242304 -0.419683
-3.71109 -0.266281 7.62075e-15 0.13314 0.230606 0.13314 -0.230606
-3.71109 0.209087 8.46545e-15 -0.104544 0.181075 -0.104544 -0.181075
-3.70098 0.240641 -7.03403e-16 -0.12032 0.208401 -0.12032 -0.208401
-3.70098 0.422171 1.49855e-15 -0.211086 0.365611 -0.211086 -0.365611
-3.69522 -0.334281 -5.45375e-15 0.167141 0.289496 0.167141 -0.289496
-3.69467 0.569936 5.12789e-16 -0.284968 0.493579 -0.284968 -0.493579
-3.68968 -0.181456 -3.60747e-15 0.0907281 0.157146 0.0907281 -0.157146
-3.68624 0.664107 4.13892e-17 -0.332054 0.575134 -0.332054 -0.575134
-3.68026 0.106446 -1.36774e-15 -0.0532231 0.0921851 -0.0532231 -0.0921851
-3.67149 0.232339 -1.15359e-14 -0.11617 0.201212 -0.11617 -0.201212
-3.67149 -0.0825462 -1.57608e-14 0.0412731 0.0714871 0.0412731 -0.0714871
-3.67136 -0.0551226 7.60218e-14 0.0275613 0.0477375 0.0275613 -0.0477375
-3.66564 -0.248772 -1.23654e-15 0.124386 0.215443 0.124386 -0.215443
-3.66209 0.620318 -1.48563e-18 -0.310159 0.537211 -0.310159 -0.537211
-3.66209 -0.00618856 -2.1823e-14 0.00309428 0.00535945 0.00309428 -0.00535945
-3.65467 0.108942 -7.21302e-16 -0.0544711 0.0943467 -0.0544711 -0.0943467
-3.64992 -0.00435205 -3.9866e-14 0.00217603 0.00376899 0.00217603 -0.00376899
-3.64992 0.669234 1.29876e-16 -0.334617 0.579574 -0.334617 -0.579574
-3.64367 -0.0906001 -5.89462e-16 0.0453 0.078462 0.0453 -0.078462
-3.64154 0.0421174 -2.14585e-15 -0.0210587 0.0364747 -0.0210587 -0.0364747
-3.64067 0.443766 1.40415e-15 -0.221883 0.384313 -0.221883 -0.384313
-3.63877 0.154388 -9.52363e-16 -0.0771939 0.133704 -0.0771939 -0.133704
-3.62771 0.630139 2.49797e-17 -0.315069 0.545716 -0.315069 -0.545716
-3.62771 -0.012397 2.33328e-14 0.00619849 0.0107361 0.00619849 -0.0107361
-3.62468 -0.0142475 -2.67423e-14 0.00712376 0.0123387 0.00712376 -0.0123387
-3.62247 0.264964 2.36443e-15 -0.132482 0.229466 -0.132482 -0.229466
-3.61098 -0.0624381 -2.95614e-15 0.031219 0.0540729 0.031219 -0.0540729
-3.61098 0.113836 1.56819e-15 -0.0569178 0.0985846 -0.0569178 -0.0985846
-3.60844 0.0512657 -6.60281e-14 -0.0256328 0.0443974 -0.0256328 -0.0443974
-3.60844 0.577385 4.02324e-16 -0.288692 0.50003 -0.288692 -0.50003
-3.60844 -0.0412844 7.40727e-16 0.0206422 0.0357534 0.0206422 -0.0357534
-3.59483 0.115931 2.91661e-15 -0.0579653 0.100399 -0.0579653 -0.100399
-3.59264 -0.0623835 8.72726e-14 0.0311918 0.0540257 0.0311918 -0.0540257
-3.59162 0.629764 9.96211e-16 -0.314882 0.545391 -0.314882 -0.545391
-3.59153 -0.0106463 5.5403e-14 0.00532314 0.00921996 0.00532314 -0.00921996
-3.58358 -0.00845939 4.82408e-15 0.0042297 0.00732605 0.0042297 -0.00732605
-3.58122 0.0234055 -1.42945e-15 -0.0117028 0.0202698 -0.0117028 -0.0202698
-3.57558 -0.00685658 6.74504e-15 0.00342829 0.00593798 0.00342829 -0.00593798
-3.57423 0.588628 -6.85999e-16 -0.294314 0.509766 -0.294314 -0.509766
-3.56932 0.0215522 1.10849e-15 -0.0107761 0.0186648 -0.0107761 -0.0186648
-3.56303 0.0380535 -9.19891e-15 -0.0190268 0.0329553 -0.0190268 -0.0329553
-3.56119 0.481944 -4.82253e-16 -0.240972 0.417376 -0.240972 -0.417376
-3.56048 -0.0165064 4.78574e-15 0.00825321 0.014295 0.00825321 -0.014295
-3.55403 0.00461212 5.93023e-14 -0.00230606 0.00399421 -0.00230606 -0.00399421
-3.55403 0.641496 -3.95299e-16 -0.320748 0.555552 -0.320748 -0.555552
-3.55403 0.0073172 -2.02256e-14 -0.0036586 0.00633688 -0.0036586 -0.00633688
-3.55033 0.0748837 -3.21423e-15 -0.0374419 0.0648512 -0.0374419 -0.0648512
-3.55033 0.169496 4.36316e-16 -0.0847478 0.146788 -0.0847478 -0.146788
-3.53826 0.595956 4.34195e-15 -0.297978 0.516113 -0.297978 -0.516113
-3.53422 -0.0417414 -3.76001e-15 0.0208707 0.0361491 0.0208707 -0.0361491
-3.53248 0.0960105 1.12434e-15 -0.0480052 0.0831475 -0.0480052 -0.0831475
-3.52744 -0.0802996 9.03958e-15 0.0401498 0.0695415 0.0401498 -0.0695415
-3.52709 0.472193 1.25227e-15 -0.236097 0.408931 -0.236097 -0.408931
-3.52122 0.0296118 1.74947e-15 -0.0148059 0.0256446 -0.0148059 -0.0256446
-3.51677 0.032252 -1.28578e-15 -0.016126 0.027931 -0.016126 -0.027931
-3.51677 -0.0960913 1.04178e-16 0.0480456 0.0832175 0.0480456 -0.0832175
-3.51227 0.0699452 -7.11237e-16 -0.0349726 0.0605743 -0.0349726 -0.0605743
-3.50074 0.00724118 -1.1666e-15 -0.00362059 0.00627105 -0.00362059 -0.00627105
-3.50074 0.602819 1.62061e-17 -0.301409 0.522057 -0.301409 -0.522057
-3.50074 0.0329358 3.83676e-14 -0.0164679 0.0285232 -0.0164679 -0.0285232
-3.49838 -0.0702147 4.7037e-15 0.0351073 0.0608077 0.0351073 -0.0608077
-3.49761 0.0133081 7.43112e-16 -0.00665406 0.0115252 -0.00665406 -0.0115252
-3.49119 0.508316 -1.0678e-15 -0.254158 0.440214 -0.254158 -0.440214
-3.49119 -0.146175 -1.60844e-14 0.0730877 0.126592 0.0730877 -0.126592
-3.48843 0.110071 -4.8489e-14 -0.0550356 0.0953244 -0.0550356 -0.0953244
-3.48148 0.11109 -6.68875e-16 -0.0555452 0.0962071 -0.0555452 -0.0962071
-3.47546 -0.0586419 5.4054e-15 0.0293209 0.0507854 0.0293209 -0.0507854
-3.46943 0.0501517 -4.87676e-15 -0.0250759 0.0434327 -0.0250759 -0.0434327
-3.46239 0.0781608 -1.20111e-15 -0.0390804 0.0676892 -0.0390804 -0.0676892
-3.46239 0.085218 -1.13104e-15 -0.042609 0.0738009 -0.042609 -0.0738009
-3.46172 0.611085 2.84495e-16 -0.305542 0.529215 -0.305542 -0.529215
-3.46172 0.0159542 -1.41066e-14 -0.0079771 0.0138167 -0.0079771 -0.0138167
-3.45351 -0.0195025 8.31518e-15 0.00975126 0.0168897 0.00975126 -0.0168897
-3.45351 0.495896 -8.81895e-16 -0.247948 0.429459 -0.247948 -0.429459
-3.45327 0.0814832 -2.93255e-14 -0.0407416 0.0705665 -0.0407416 -0.0705665
-3.45111 -0.024608 -9.24225e-16 0.012304 0.0213111 0.012304 -0.0213111
-3.45111 -0.0636126 -2.36443e-15 0.0318063 0.0550901 0.0318063 -0.0550901
-3.44369 -0.023234 8.26617e-15 0.011617 0.0201213 0.011617 -0.0201213
-3.43718 -0.0902293 4.78437e-15 0.0451146 0.0781409 0.0451146 -0.0781409
-3.43675 -0.0454773 1.10184e-14 0.0227386 0.0393845 0.0227386 -0.0393845
-3.43025 0.0910569 -4.83312e-15 -0.0455284 0.0788575 -0.0455284 -0.0788575
-3.42272 0.045517 -1.14503e-15 -0.0227585 0.0394189 -0.0227585 -0.0394189
-3.41808 -0.0635891 6.40704e-15 0.0317945 0.0550698 0.0317945 -0.0550698
-3.41416 -0.027807 1.79353e-14 0.0139035 0.0240816 0.0139035 -0.0240816
-3.41416 0.561371 -6.24428e-16 -0.280686 0.486162 -0.280686 -0.486162
-3.41217 0.143459 1.90684e-15 -0.0717296 0.124239 -0.0717296 -0.124239
-3.41217 -0.0192062 5.26022e-15 0.00960309 0.016633 0.00960309 -0.016633
-3.4093 0.0655774 -1.13977e-15 -0.0327887 0.0567917 -0.0327887 -0.0567917
-3.40231 0.0302909 3.39138e-15 -0.0151455 0.0262327 -0.0151455 -0.0262327
-3.40231 -0.096174 -1.05558e-15 0.048087 0.0832892 0.048087 -0.0832892
-3.39276 0.0800572 -3.2644e-14 -0.0400286 0.0693316 -0.0400286 -0.0693316
-3.39276 -0.0565842 -3.96508e-13 0.0282921 0.0490034 0.0282921 -0.0490034
-3.3898 -0.0706708 2.73913e-15 0.0353354 0.0612027 0.0353354 -0.0612027
-3.3898 -0.0057223 -1.75135e-14 0.00286115 0.00495565 0.00286115 -0.00495565
-3.38159 -0.0900401 -1.50574e-15 0.04502 0.077977 0.04502 -0.077977
-3.37552 0.164729 7.0538e-16 -0.0823647 0.14266 -0.0823647 -0.14266
-3.37552 0.290911 2.59016e-15 -0.145455 0.251936 -0.145455 -0.251936
-3.37339 0.575503 1.2256e-14 -0.287752 0.4984 -0.287752 -0.4984
-3.37339 -0.0491082 -3.81011e-14 0.0245541 0.042529 0.0245541 -0.042529
-3.368 -0.0264052 -2.02789e-15 0.0132026 0.0228676 0.0132026 -0.0228676
-3.36089 0.0877727 3.43268e-15 -0.0438863 0.0760134 -0.0438863 -0.0760134
-3.35544 0.0674934 7.61197e-15 -0.0337467 0.058451 -0.0337467 -0.058451
-3.35544 -0.0113655 -1.8703e-14 0.00568276 0.00984283 0.00568276 -0.00984283
-3.35079 0.052083 1.08958e-14 -0.0260415 0.0451052 -0.0260415 -0.0451052
-3.35079 0.0868955 -6.92486e-14 -0.0434478 0.0752537 -0.0434478 -0.0752537
-3.34531 -0.0983412 2.66833e-15 0.0491706 0.085166 0.0491706 -0.085166
-3.34531 0.128327 3.20911e-15 -0.0641635 0.111134 -0.0641635 -0.111134
-3.33708 0.0106442 8.18378e-15 -0.00532209 0.00921813 -0.00532209 -0.00921813
-3.33708 0.10748 -2.73388e-15 -0.0537398 0.09308 -0.0537398 -0.09308
-3.33392 -0.0377717 -7.75154e-14 0.0188858 0.0327112 0.0188858 -0.0327112
-3.33186 -0.0436528 1.26218e-14 0.0218264 0.0378044 0.0218264 -0.0378044
-3.33186 -0.0276109 -6.08056e-15 0.0138054 0.0239117 0.0138054 -0.0239117
-3.32619 -0.0218268 2.01758e-16 0.0109134 0.0189025 0.0109134 -0.0189025
-3.32072 0.0136285 -9.51301e-15 -0.00681426 0.0118027 -0.00681426 -0.0118027
-3.31999 -0.0396683 3.34148e-14 0.0198341 0.0343537 0.0198341 -0.0343537
-3.31416 0.089422 -4.02608e-16 -0.044711 0.0774417 -0.044711 -0.0774417
-3.30948 -0.0969795 1.03927e-14 0.0484897 0.0839867 0.0484897 -0.0839867
-3.30078 -0.080002 4.3673e-15 0.040001 0.0692837 0.040001 -0.0692837
-3.30078 0.0241031 1.98895e-15 -0.0120515 0.0208739 -0.0120515 -0.0208739
-3.30078 0.0481102 -8.79505e-16 -0.0240551 0.0416646 -0.0240551 -0.0416646
-3.29746 -0.0420225 -3.88775e-15 0.0210113 0.0363926 0.0210113 -0.0363926
-3.29147 -0.0230047 2.36226e-14 0.0115023 0.0199226 0.0115023 -0.0199226
-3.28987 0.504444 1.21431e-15 -0.252222 0.436861 -0.252222 -0.436861
-3.28709 0.0574516 -1.24761e-14 -0.0287258 0.0497546 -0.0287258 -0.0497546
-3.28485 0.0599702 -1.21084e-15 -0.0299851 0.0519357 -0.0299851 -0.0519357
-3.28485 0.0804669 3.45156e-16 -0.0402335 0.0696864 -0.0402335 -0.0696864
-3.28012 0.162452 1.676e-15 -0.0812259 0.140687 -0.0812259 -0.140687
-3.27482 -0.034632 -1.91169e-14 0.017316 0.0299922 0.017316 -0.0299922
-3.27161 0.0396064 5.69857e-16 -0.0198032 0.0343002 -0.0198032 -0.0343002
-3.27161 -0.0103148 1.55578e-14 0.00515738 0.00893285 0.00515738 -0.00893285
-3.26443 -0.0466068 8.84839e-15 0.0233034 0.0403627 0.0233034 -0.0403627
-3.26112 0.0449631 -4.56536e-15 -0.0224816 0.0389392 -0.0224816 -0.0389392
-3.26112 0.136307 -3.17043e-15 -0.0681536 0.118045 -0.0681536 -0.118045
-3.25724 -0.0360963 1.52887e-15 0.0180481 0.0312603 0.0180481 -0.0312603
-3.24962 -0.069303 -1.45977e-15 0.0346515 0.0600182 0.0346515 -0.0600182
-3.24962 -0.0197323 -3.81498e-15 0.00986616 0.0170887 0.00986616 -0.0170887
-3.24571 0.0276563 -1.68593e-15 -0.0138282 0.0239511 -0.0138282 -0.0239511
-3.24112 0.11298 1.79224e-15 -0.0564898 0.0978432 -0.0564898 -0.0978432
-3.24112 0.0887346 -3.80556e-15 -0.0443673 0.0768464 -0.0443673 -0.0768464
-3.23777 0.0816219 -2.12157e-15 -0.040811 0.0706866 -0.040811 -0.0706866
-3.23204 0.0857181 -1.44454e-13 -0.042859 0.074234 -0.042859 -0.074234
-3.2293 0.0678267 8.13323e-16 -0.0339134 0.0587397 -0.0339134 -0.0587397
-3.2258 -0.0311625 -7.69726e-14 0.0155813 0.0269875 0.0155813 -0.0269875
-3.21983 0.0760147 1.04508e-15 -0.0380073 0.0658306 -0.0380073 -0.0658306
-3.21983 0.0976254 -2.6151e-15 -0.0488127 0.0845461 -0.0488127 -0.0845461
-3.2173 0.0564385 -4.41097e-15 -0.0282192 0.0488771 -0.0282192 -0.0488771
-3.2173 -0.094129 -1.73091e-14 0.0470645 0.0815181 0.0470645 -0.0815181
-3.20988 -0.135596 1.76846e-13 0.0677981 0.11743 0.0677981 -0.11743
-3.20547 0.0351356 4.71863e-14 -0.0175678 0.0304283 -0.0175678 -0.0304283
-3.20439 -0.0444474 -1.1885e-14 0.0222237 0.0384926 0.0222237 -0.0384926
-3.19903 0.0291917 3.24437e-15 -0.0145959 0.0252808 -0.0145959 -0.0252808
-3.19822 0.061337 -1.12497e-15 -0.0306685 0.0531194 -0.0306685 -0.0531194
-3.19822 0.0783481 -7.1965e-15 -0.0391741 0.0678515 -0.0391741 -0.0678515
-3.18815 -0.0858996 5.89459e-15 0.0429498 0.0743912 0.0429498 -0.0743912
-3.18815 -0.0312868 3.29537e-15 0.0156434 0.0270952 0.0156434 -0.0270952
-3.18465 0.0414047 1.2462e-14 -0.0207024 0.0358575 -0.0207024 -0.0358575
-3.17913 0.125678 8.39047e-15 -0.0628392 0.108841 -0.0628392 -0.108841
-3.17795 -0.0136433 -1.69233e-15 0.00682166 0.0118155 0.00682166 -0.0118155
-3.17795 -0.0056558 5.32262e-15 0.0028279 0.00489807 0.0028279 -0.00489807
-3.17522 0.0689338 1.51919e-15 -0.0344669 0.0596984 -0.0344669 -0.0596984
-3.16626 -0.0748004 2.80704e-15 0.0374002 0.064779 0.0374002 -0.064779
-3.16626 -0.0778475 -4.27315e-16 0.0389237 0.0674179 0.0389237 -0.0674179
-3.1619 0.1099 6.80171e-15 -0.0549502 0.0951765 -0.0549502 -0.0951765
-3.1619 0.0082642 7.4038e-15 -0.0041321 0.00715701 -0.0041321 -0.00715701
-3.1619 0.0969873 -4.75175e-16 -0.0484936 0.0839935 -0.0484936 -0.0839935
-3.15486 -0.0743517 1.16053e-14 0.0371759 0.0643905 0.0371759 -0.0643905
-3.15164 0.0983095 6.54377e-14 -0.0491547 0.0851385 -0.0491547 -0.0851385
-3.14708 -0.0866098 -2.51882e-15 0.0433049 0.0750063 0.0433049 -0.0750063
-3.14378 -0.0363986 1.00567e-14 0.0181993 0.0315221 0.0181993 -0.0315221
-3.13973 0.077289 -3.72445e-15 -0.0386445 0.0669342 -0.0386445 -0.0669342
-3.13882 -0.0233259 -1.20997e-14 0.0116629 0.0202008 0.0116629 -0.0202008
-3.13012 0.13273 -5.97185e-14 -0.0663652 0.114948 -0.0663652 -0.114948
-3.13012 -0.0326663 1.99847e-14 0.0163332 0.0282899 0.0163332 -0.0282899
-3.12766 0.024195 1.04669e-14 -0.0120975 0.0209535 -0.0120975 -0.0209535
-3.1276 -0.00920656 -2.88181e-16 0.00460328 0.00797311 0.00460328 -0.00797311
-3.12038 0.13166 2.11652e-14 -0.06583 0.114021 -0.06583 -0.114021
-3.11853 -0.112033 9.36664e-15 0.0560165 0.0970235 0.0560165 -0.0970235
-3.11621 -0.0349711 4.12235e-14 0.0174856 0.0302859 0.0174856 -0.0302859
-3.11621 -0.0914918 -7.29711e-15 0.0457459 0.0792342 0.0457459 -0.0792342
-3.10519 0.0134632 1.98903e-14 -0.00673159 0.0116595 -0.00673159 -0.0116595
-3.10519 -0.0170014 -1.38486e-13 0.00850071 0.0147237 0.00850071 -0.0147237
-3.10519 -0.12808 -2.86576e-15 0.0640399 0.11092 0.0640399 -0.11092
-3.10415 0.0299051 -2.41434e-14 -0.0149525 0.0258985 -0.0149525 -0.0258985
-3.09631 -0.0420754 2.40606e-14 0.0210377 0.0364384 0.0210377 -0.0364384
-3.09403 -0.0641331 -6.13956e-15 0.0320665 0.0555409 0.0320665 -0.0555409
-3.08732 -0.0383326 3.72518e-15 0.0191663 0.033197 0.0191663 -0.033197
-3.08732 0.0135367 -1.9958e-15 -0.00676834 0.0117231 -0.00676834 -0.0117231
-3.08732 -0.0532331 2.328e-15 0.0266166 0.0461012 0.0266166 -0.0461012
-3.08497 0.0206085 7.63022e-15 -0.0103042 0.0178475 -0.0103042 -0.0178475
-3.07654 -0.0976264 -1.14395e-15 0.0488132 0.0845469 0.0488132 -0.0845469
-3.07654 0.0788152 -5.2743e-15 -0.0394076 0.068256 -0.0394076 -0.068256
-3.07035 0.0130573 4.10869e-15 -0.00652863 0.0113079 -0.00652863 -0.0113079
-3.0684 0.113162 1.83013e-15 -0.0565809 0.098001 -0.0565809 -0.098001
-3.06543 -0.0896641 -2.42759e-15 0.044832 0.0776514 0.044832 -0.0776514
-3.06543 0.0403675 5.44226e-15 -0.0201838 0.0349593 -0.0201838 -0.0349593
-3.05947 -0.0284665 8.85633e-15 0.0142333 0.0246527 0.0142333 -0.0246527
-3.05757 -0.0610916 -1.14829e-14 0.0305458 0.0529069 0.0305458 -0.0529069
-3.05499 -0.0722693 -4.70644e-15 0.0361346 0.062587 0.0361346 -0.062587
-3.04853 -0.0354101 -2.79358e-14 0.0177051 0.0306661 0.0177051 -0.0306661
-3.04853 0.0570118 -3.99923e-14 -0.0285059 0.0493736 -0.0285059 -0.0493736
-3.04467 -0.00950361 5.61823e-14 0.0047518 0.00823037 0.0047518 -0.00823037
-3.04467 0.037995 -1.95455e-13 -0.0189975 0.0329046 -0.0189975 -0.0329046
-3.03903 0.0429297 -7.23142e-15 -0.0214649 0.0371782 -0.0214649 -0.0371782
-3.03447 -0.0346491 1.69591e-14 0.0173245 0.030007 0.0173245 -0.030007
-3.03447 -0.0944567 -9.74047e-15 0.0472283 0.0818019 0.0472283 -0.0818019
-3.02982 -0.0660633 1.11586e-15 0.0330317 0.0572125 0.0330317 -0.0572125
-3.02351 0.005665 -7.60861e-15 -0.0028325 0.00490603 -0.0028325 -0.00490603
-3.01805 0.0485509 1.43222e-14 -0.0242754 0.0420463 -0.0242754 -0.0420463
-3.01805 0.0248523 -6.10406e-15 -0.0124261 0.0215227 -0.0124261 -0.0215227
-3.01767 0.0360955 2.09945e-15 -0.0180478 0.0312597 -0.0180478 -0.0312597
-3.01767 0.0091249 -9.10139e-16 -0.00456245 0.00790239 -0.00456245 -0.00790239
-3.0108 0.0903709 2.12271e-14 -0.0451854 0.0782635 -0.0451854 -0.0782635
-3.00625 -0.0219646 8.90741e-16 0.0109823 0.0190219 0.0109823 -0.0190219
-3.00625 -0.0245615 -5.22802e-16 0.0122807 0.0212709 0.0122807 -0.0212709
-3.00074 -0.0747594 -3.57787e-15 0.0373797 0.0647436 0.0373797 -0.0647436
-2.99929 -0.0621278 -3.88834e-15 0.0310639 0.0538042 0.0310639 -0.0538042
-2.99318 0.0411125 2.05218e-14 -0.0205562 0.0356044 -0.0205562 -0.0356044
-2.99318 0.0042994 -9.2474e-15 -0.0021497 0.00372339 -0.0021497 -0.00372339
-2.99248 0.124144 -2.09983e-15 -0.062072 0.107512 -0.062072 -0.107512
-2.98596 0.026941 1.41119e-14 -0.0134705 0.0233316 -0.0134705 -0.0233316
-2.97719 -0.0348859 2.13102e-14 0.0174429 0.0302121 0.0174429 -0.0302121
-2.97719 0.0531786 -6.45014e-15 -0.0265893 0.046054 -0.0265893 -0.046054
-2.97719 -0.0128367 -3.2878e-14 0.00641834 0.0111169 0.00641834 -0.0111169
-2.97268 0.0686845 9.69416e-16 -0.0343423 0.0594826 -0.0343423 -0.0594826
-2.97217 0.0562748 6.37433e-15 -0.0281374 0.0487354 -0.0281374 -0.0487354
-2.96676 -0.136345 -6.63618e-15 0.0681726 0.118078 0.0681726 -0.118078
-2.96553 -0.105295 -1.84054e-15 0.0526476 0.0911884 0.0526476 -0.0911884
-2.96009 -0.00572053 8.12778e-15 0.00286027 0.00495413 0.00286027 -0.00495413
-2.9585 -0.0293356 -2.89163e-16 0.0146678 0.0254054 0.0146678 -0.0254054
-2.9539 0.012785 -1.08188e-15 -0.00639248 0.0110721 -0.00639248 -0.0110721
-2.95172 0.0151053 -2.18414e-15 -0.00755266 0.0130816 -0.00755266 -0.0130816
-2.95172 -0.0582416 7.74814e-15 0.0291208 0.0504387 0.0291208 -0.0504387
-2.95172 0.0249742 9.55988e-15 -0.0124871 0.0216283 -0.0124871 -0.0216283
-2.94592 0.0779582 8.91035e-16 -0.0389791 0.0675138 -0.0389791 -0.0675138
-2.94214 0.0566159 -3.02796e-15 -0.028308 0.0490308 -0.028308 -0.0490308
-2.93913 -0.0332203 -1.59859e-14 0.0166102 0.0287697 0.0166102 -0.0287697
-2.93495 -0.0354272 4.29199e-15 0.0177136 0.0306808 0.0177136 -0.0306808
-2.93266 -0.0164484 -1.97227e-14 0.00822418 0.0142447 0.00822418 -0.0142447
-2.92799 -0.0108774 -9.13313e-15 0.00543872 0.00942014 0.00543872 -0.00942014
-2.92665 -0.0461131 -3.50925e-15 0.0230565 0.0399351 0.0230565 -0.0399351
-2.9217 0.00624542 5.26558e-14 -0.00312271 0.00540869 -0.00312271 -0.00540869
-2.91816 -0.0226768 -1.7087e-16 0.0113384 0.0196386 0.0113384 -0.0196386
-2.91523 0.0689832 -1.92944e-15 -0.0344916 0.0597412 -0.0344916 -0.0597412
-2.91523 0.0206409 1.22749e-14 -0.0103204 0.0178755 -0.0103204 -0.0178755
-2.90947 0.0813171 1.25568e-15 -0.0406586 0.0704227 -0.0406586 -0.0704227
-2.90795 -0.0269058 5.8544e-15 0.0134529 0.0233011 0.0134529 -0.0233011
-2.90454 0.0581278 -2.12556e-14 -0.0290639 0.0503402 -0.0290639 -0.0503402
-2.90443 0.0406192 8.93724e-15 -0.0203096 0.0351773 -0.0203096 -0.0351773
-2.89889 -0.00831773 -2.98989e-15 0.00415887 0.00720337 0.00415887 -0.00720337
-2.89531 -0.0629543 -5.1912e-14 0.0314772 0.0545201 0.0314772 -0.0545201
-2.88972 0.0337582 -1.39587e-14 -0.0168791 0.0292355 -0.0168791 -0.0292355
-2.88972 0.0322182 -8.22584e-14 -0.0161091 0.0279018 -0.0161091 -0.0279018
-2.88551 0.0707598 7.17221e-15 -0.0353799 0.0612798 -0.0353799 -0.0612798
-2.88369 0.0447179 -5.07233e-15 -0.022359 0.0387269 -0.022359 -0.0387269
-2.87773 0.0375807 9.25894e-14 -0.0187903 0.0325458 -0.0187903 -0.0325458
-2.87677 -0.0405047 -2.18661e-13 0.0202524 0.0350781 0.0202524 -0.0350781
-2.87371 -0.0351645 -9.09316e-15 0.0175823 0.0304534 0.0175823 -0.0304534
-2.86868 -0.0446284 -1.36605e-15 0.0223142 0.0386494 0.0223142 -0.0386494
-2.86868 0.105771 -4.81695e-17 -0.0528855 0.0916003 -0.0528855 -0.0916003
-2.86337 -0.0317279 -2.88184e-14 0.0158639 0.0274772 0.0158639 -0.0274772
-2.86337 0.0904217 -2.63324e-16 -0.0452108 0.0783075 -0.0452108 -0.0783075
-2.86078 0.0436218 6.50248e-15 -0.0218109 0.0377775 -0.0218109 -0.0377775
-2.85438 0.046868 8.12872e-16 -0.023434 0.0405889 -0.023434 -0.0405889
-2.85438 0.0485722 -6.37787e-15 -0.0242861 0.0420648 -0.0242861 -0.0420648
-2.8508 0.0272015 -9.81637e-16 -0.0136008 0.0235572 -0.0136008 -0.0235572
-2.84753 -0.00849505 -4.47309e-15 0.00424752 0.00735692 0.00424752 -0.00735692
-2.84438 0.0137622 2.37117e-14 -0.00688109 0.0119184 -0.00688109 -0.0119184
-2.84218 0.0521626 -1.0894e-15 -0.0260813 0.0451741 -0.0260813 -0.0451741
-2.84218 0.0651856 1.08594e-15 -0.0325928 0.0564524 -0.0325928 -0.0564524
-2.83294 -0.0270714 -5.51545e-15 0.0135357 0.0234446 0.0135357 -0.0234446
-2.83294 0.0168322 -2.78817e-15 -0.00841609 0.0145771 -0.00841609 -0.0145771
-2.83267 0.0218715 1.83763e-14 -0.0109357 0.0189412 -0.0109357 -0.0189412
-2.82736 0.0500283 1.03173e-15 -0.0250141 0.0433258 -0.0250141 -0.0433258
-2.82359 -0.0433387 1.41248e-15 0.0216693 0.0375324 0.0216693 -0.0375324
-2.82359 0.0649885 -5.06601e-15 -0.0324942 0.0562817 -0.0324942 -0.0562817
-2.82023 0.0107253 5.67225e-15 -0.00536263 0.00928835 -0.00536263 -0.00928835
-2.81698 0.122568 1.17267e-15 -0.0612841 0.106147 -0.0612841 -0.106147
-2.81187 -0.0405916 -8.06808e-15 0.0202958 0.0351534 0.0202958 -0.0351534
-2.80818 0.0664264 3.24376e-14 -0.0332132 0.0575269 -0.0332132 -0.0575269
-2.80684 0.0564421 -3.07307e-14 -0.0282211 0.0488803 -0.0282211 -0.0488803
-2.80243 -0.0267389 1.92417e-15 0.0133695 0.0231566 0.0133695 -0.0231566
-2.79757 -0.0294611 -2.99673e-15 0.0147305 0.025514 0.0147305 -0.025514
-2.79757 -0.0269055 1.5062e-14 0.0134528 0.0233009 0.0134528 -0.0233009
-2.79078 -0.0307807 -1.37087e-14 0.0153904 0.0266569 0.0153904 -0.0266569
-2.79078 -0.0855698 1.95853e-13 0.0427849 0.0741056 0.0427849 -0.0741056
-2.78921 -0.087983 -1.65428e-13 0.0439915 0.0761955 0.0439915 -0.0761955
-2.78495 -0.0974566 -4.5389e-15 0.0487283 0.0843999 0.0487283 -0.0843999
-2.78032 -0.0624833 2.48692e-15 0.0312416 0.0541121 0.0312416 -0.0541121
-2.78025 -0.0634961 -4.8274e-15 0.031748 0.0549892 0.031748 -0.0549892
-2.77549 0.0619488 -2.34968e-15 -0.0309744 0.0536492 -0.0309744 -0.0536492
-2.77526 0.0774808 -2.68522e-15 -0.0387404 0.0671003 -0.0387404 -0.0671003
-2.76762 -0.0584703 -5.55632e-15 0.0292352 0.0506368 0.0292352 -0.0506368
-2.76762 0.072757 2.27935e-15 -0.0363785 0.0630094 -0.0363785 -0.0630094
-2.76597 0.0506894 -1.26788e-15 -0.0253447 0.0438983 -0.0253447 -0.0438983
-2.76144 -0.0990575 -6.97163e-15 0.0495288 0.0857863 0.0495288 -0.0857863
-2.75631 -0.0554143 -1.53733e-16 0.0277072 0.0479902 0.0277072 -0.0479902
-2.75631 0.0472781 1.55098e-14 -0.0236391 0.040944 -0.0236391 -0.040944
-2.75275 -0.0445874 -4.76312e-15 0.0222937 0.0386138 0.0222937 -0.0386138
-2.75004 0.0704126 2.01722e-15 -0.0352063 0.0609791 -0.0352063 -0.0609791
-2.74604 -0.0599835 -3.65897e-15 0.0299917 0.0519472 0.0299917 -0.0519472
-2.74604 -0.0264171 3.59478e-15 0.0132086 0.0228779 0.0132086 -0.0228779
-2.74193 -0.0234745 3.17593e-14 0.0117373 0.0203295 0.0117373 -0.0203295
-2.73766 -0.0675018 -2.62971e-16 0.0337509 0.0584583 0.0337509 -0.0584583
-2.73766 0.0165068 -1.29174e-15 -0.0082534 0.0142953 -0.0082534 -0.0142953
-2.73302 -0.014138 -8.22389e-15 0.00706902 0.0122439 0.00706902 -0.0122439
-2.72826 0.0218532 4.18155e-15 -0.0109266 0.0189255 -0.0109266 -0.0189255
-2.72479 -0.0756169 -3.70245e-15 0.0378085 0.0654862 0.0378085 -0.0654862
-2.72479 -0.0297484 9.54165e-15 0.0148742 0.0257629 0.0148742 -0.0257629
-2.72126 -0.00960204 -8.42986e-15 0.00480102 0.00831561 0.00480102 -0.00831561
-2.71638 -0.0806867 -7.38125e-16 0.0403434 0.0698767 0.0403434 -0.0698767
-2.71638 0.0447267 -8.51921e-15 -0.0223633 0.0387344 -0.0223633 -0.0387344
-2.71173 -0.0350391 -3.76348e-15 0.0175196 0.0303448 0.0175196 -0.0303448
-2.70486 0.0105912 -6.88533e-15 -0.0052956 0.00917224 -0.0052956 -0.00917224
-2.70486 -0.00780005 5.31606e-15 0.00390002 0.00675504 0.00390002 -0.00675504
-2.70486 -0.00309943 -2.58685e-15 0.00154971 0.00268418 0.00154971 -0.00268418
-2.70152 0.0123526 1.63149e-14 -0.0061763 0.0106977 -0.0061763 -0.0106977
-2.698 -0.0154234 3.97432e-15 0.00771171 0.0133571 0.00771171 -0.0133571
-2.69501 -0.0055618 -1.55978e-14 0.0027809 0.00481666 0.0027809 -0.00481666
-2.68763 0.0319559 -1.0785e-15 -0.0159779 0.0276746 -0.0159779 -0.0276746
-2.68763 0.0598536 -5.16948e-16 -0.0299268 0.0518348 -0.0299268 -0.0518348
-2.68763 -0.0503706 2.17574e-15 0.0251853 0.0436222 0.0251853 -0.0436222
-2.68031 -0.0464316 -6.24859e-16 0.0232158 0.0402109 0.0232158 -0.0402109
-2.68031 0.0492384 -6.47793e-16 -0.0246192 0.0426417 -0.0246192 -0.0426417
-2.67793 0.049194 3.46187e-16 -0.024597 0.0426032 -0.024597 -0.0426032
-2.67442 -0.0392364 -1.23772e-14 0.0196182 0.0339797 0.0196182 -0.0339797
-2.67442 0.0793873 2.18899e-14 -0.0396937 0.0687515 -0.0396937 -0.0687515
-2.66772 0.0697849 7.51135e-16 -0.0348924 0.0604355 -0.0348924 -0.0604355
-2.6648 0.0376722 -3.76912e-15 -0.0188361 0.0326251 -0.0188361 -0.0326251
-2.6612 -0.0248219 8.67687e-15 0.0124109 0.0214964 0.0124109 -0.0214964
-2.65751 0.0471391 9.57827e-16 -0.0235696 0.0408237 -0.0235696 -0.0408237
-2.65751 -0.043825 1.46502e-14 0.0219125 0.0379536 0.0219125 -0.0379536
-2.65751 0.00906754 2.36793e-15 -0.00453377 0.00785272 -0.00453377 -0.00785272
-2.6512 0.0665195 -2.75101e-14 -0.0332598 0.0576076 -0.0332598 -0.0576076
-2.64579 0.0325558 3.55916e-15 -0.0162779 0.0281941 -0.0162779 -0.0281941
-2.64434 0.00611051 2.05262e-14 -0.00305526 0.00529186 -0.00305526 -0.00529186
-2.63952 0.0230568 3.96411e-13 -0.0115284 0.0199678 -0.0115284 -0.0199678
-2.63952 -0.0582257 5.81338e-14 0.0291128 0.0504249 0.0291128 -0.0504249
-2.63752 0.0755047 6.8519e-14 -0.0377523 0.065389 -0.0377523 -0.065389
-2.63351 -0.13511 -3.19851e-15 0.0675549 0.117009 0.0675549 -0.117009
-2.62915 0.0319372 1.04049e-14 -0.0159686 0.0276584 -0.0159686 -0.0276584
-2.62583 -0.038354 -2.49278e-15 0.019177 0.0332155 0.019177 -0.0332155
-2.62583 -0.0783536 -6.3699e-15 0.0391768 0.0678562 0.0391768 -0.0678562
-2.62019 -0.0738768 2.13198e-15 0.0369384 0.0639792 0.0369384 -0.0639792
-2.62019 0.0608575 9.83935e-15 -0.0304288 0.0527041 -0.0304288 -0.0527041
-2.61607 -0.0618816 4.05515e-15 0.0309408 0.0535911 0.0309408 -0.0535911
-2.61178 0.0300444 -2.07309e-15 -0.0150222 0.0260192 -0.0150222 -0.0260192
-2.60906 0.0394937 6.78228e-15 -0.0197469 0.0342026 -0.0197469 -0.0342026
-2.60627 0.0371675 -1.96671e-16 -0.0185837 0.032188 -0.0185837 -0.032188
-2.60627 -0.0247601 -1.15337e-15 0.01238 0.0214428 0.01238 -0.0214428
-2.59877 0.0224498 5.25449e-14 -0.0112249 0.0194421 -0.0112249 -0.0194421
-2.59877 -0.0290397 4.61719e-14 0.0145198 0.0251491 0.0145198 -0.0251491
-2.59407 0.085375 -3.51863e-15 -0.0426875 0.0739369 -0.0426875 -0.0739369
-2.59267 0.0424557 -3.16671e-15 -0.0212279 0.0367677 -0.0212279 -0.0367677
-2.59267 -0.0637645 2.81349e-15 0.0318823 0.0552217 0.0318823 -0.0552217
-2.58667 -0.0516239 9.31454e-15 0.025812 0.0447076 0.025812 -0.0447076
-2.58667 0.073848 2.86511e-16 -0.036924 0.0639543 -0.036924 -0.0639543
-2.58067 0.0123556 2.88918e-15 -0.00617779 0.0107003 -0.00617779 -0.0107003
-2.57949 -0.0287463 4.31079e-15 0.0143731 0.024895 0.0143731 -0.024895
-2.57693 -0.0411785 8.64877e-15 0.0205892 0.0356616 0.0205892 -0.0356616
-2.57139 -0.0747978 -1.33976e-14 0.0373989 0.0647768 0.0373989 -0.0647768
-2.57139 0.0199984 -1.3229e-14 -0.00999922 0.0173192 -0.00999922 -0.0173192
-2.56486 0.0362514 2.35922e-16 -0.0181257 0.0313947 -0.0181257 -0.0313947
-2.56486 -0.0782026 -1.93159e-15 0.0391013 0.0677254 0.0391013 -0.0677254
-2.5621 -0.0892584 2.26188e-14 0.0446292 0.0773 0.0446292 -0.0773
-2.55839 -0.0936935 1.48219e-14 0.0468467 0.0811409 0.0468467 -0.0811409
-2.55753 0.00901271 7.89454e-14 -0.00450635 0.00780523 -0.00450635 -0.00780523
-2.55753 -0.0435124 -1.48862e-14 0.0217562 0.0376828 0.0217562 -0.0376828
-2.54912 -0.0732893 -9.75348e-15 0.0366446 0.0634704 0.0366446 -0.0634704
-2.54869 0.0283135 -2.50061e-16 -0.0141567 0.0245202 -0.0141567 -0.0245202
-2.54363 0.021958 6.56762e-15 -0.010979 0.0190162 -0.010979 -0.0190162
-2.54298 0.0997119 -1.54382e-15 -0.049856 0.0863531 -0.049856 -0.0863531
-2.54132 0.0143756 -4.74967e-15 -0.0071878 0.0124496 -0.0071878 -0.0124496
-2.53378 -0.0251041 3.05749e-15 0.012552 0.0217408 0.012552 -0.0217408
-2.53198 -0.0574459 4.48816e-15 0.028723 0.0497496 0.028723 -0.0497496
-2.52991 -0.114276 4.22665e-15 0.0571378 0.0989655 0.0571378 -0.0989655
-2.52587 0.0413304 6.07918e-15 -0.0206652 0.0357932 -0.0206652 -0.0357932
-2.52461 0.0296468 7.28367e-16 -0.0148234 0.0256748 -0.0148234 -0.0256748
-2.52046 -0.0601581 1.29922e-15 0.030079 0.0520984 0.030079 -0.0520984
-2.51396 0.0890118 1.0136e-14 -0.0445059 0.0770864 -0.0445059 -0.0770864
-2.51396 -0.0624746 -2.44619e-15 0.0312373 0.0541046 0.0312373 -0.0541046
-2.51212 -0.0442634 -5.56131e-15 0.0221317 0.0383332 0.0221317 -0.0383332
-2.50797 0.0490117 -1.62613e-14 -0.0245059 0.0424454 -0.0245059 -0.0424454
-2.50797 -0.0150831 9.03355e-15 0.00754157 0.0130624 0.00754157 -0.0130624
-2.50545 -0.0690917 3.24914e-15 0.0345459 0.0598352 0.0345459 -0.0598352
-2.50026 0.0643156 7.00186e-16 -0.0321578 0.0556989 -0.0321578 -0.0556989
-2.49846 0.067623 -2.4474e-15 -0.0338115 0.0585632 -0.0338115 -0.0585632
-2.49251 -0.0282031 6.93036e-14 0.0141015 0.0244246 0.0141015 -0.0244246
-2.49251 -0.0770712 9.39604e-15 0.0385356 0.0667456 0.0385356 -0.0667456
-2.4912 0.00208901 -1.51099e-13 -0.0010445 0.00180913 -0.0010445 -0.00180913
-2.48336 -0.0606127 -3.71248e-14 0.0303064 0.0524921 0.0303064 -0.0524921
-2.48336 0.0813824 -9.076e-15 -0.0406912 0.0704792 -0.0406912 -0.0704792
-2.48246 0.0860278 7.78637e-15 -0.0430139 0.0745022 -0.0430139 -0.0745022
-2.47564 0.0700696 4.96377e-15 -0.0350348 0.0606821 -0.0350348 -0.0606821
-2.47415 0.0862753 1.93508e-15 -0.0431376 0.0747166 -0.0431376 -0.0747166
-2.47415 0.00174365 -2.84787e-14 -0.000871825 0.00151004 -0.000871825 -0.00151004
-2.46906 -0.0668557 2.0409e-15 0.0334278 0.0578987 0.0334278 -0.0578987
-2.46906 -0.011261 -1.65507e-14 0.00563052 0.00975234 0.00563052 -0.00975234
-2.46906 -0.0495808 -6.42782e-15 0.0247904 0.0429382 0.0247904 -0.0429382
-2.46355 -0.0231569 1.46389e-15 0.0115785 0.0200545 0.0115785 -0.0200545
-2.46061 0.0536684 -6.18582e-15 -0.0268342 0.0464782 -0.0268342 -0.0464782
-2.45441 -0.0397824 3.34975e-15 0.0198912 0.0344526 0.0198912 -0.0344526
-2.45441 0.0452254 -2.95684e-15 -0.0226127 0.0391664 -0.0226127 -0.0391664
-2.44984 0.0468109 7.57289e-15 -0.0234055 0.0405395 -0.0234055 -0.0405395
-2.44282 0.0376319 6.8719e-15 -0.0188159 0.0325902 -0.0188159 -0.0325902
-2.44282 -0.0135464 4.00939e-15 0.00677319 0.0117315 0.00677319 -0.0117315
-2.44085 -0.0836295 -4.55388e-15 0.0418148 0.0724253 0.0418148 -0.0724253
-2.43828 0.0622148 9.19878e-15 -0.0311074 0.0538796 -0.0311074 -0.0538796
-2.43828 -0.175001 -1.0107e-14 0.0875005 0.151555 0.0875005 -0.151555
-2.43333 -0.150883 3.69936e-14 0.0754416 0.130669 0.0754416 -0.130669
-2.43294 0.0465141 -2.37499e-15 -0.023257 0.0402824 -0.023257 -0.0402824
-2.42962 -0.0961282 3.88436e-16 0.0480641 0.0832495 0.0480641 -0.0832495
-2.42542 0.0795906 1.45229e-15 -0.0397953 0.0689275 -0.0397953 -0.0689275
-2.42131 -0.155014 2.07892e-15 0.0775068 0.134246 0.0775068 -0.134246
-2.41868 -0.0371928 -8.77076e-15 0.0185964 0.0322099 0.0185964 -0.0322099
-2.41868 -0.0278581 7.5127e-16 0.013929 0.0241258 0.013929 -0.0241258
-2.41449 -0.0246164 -5.51876e-15 0.0123082 0.0213185 0.0123082 -0.0213185
-2.41304 0.0524232 -6.57547e-15 -0.0262116 0.0453998 -0.0262116 -0.0453998
-2.41304 0.0543063 9.46236e-15 -0.0271531 0.0470306 -0.0271531 -0.0470306
-2.40241 -0.0341079 3.54488e-15 0.017054 0.0295383 0.017054 -0.0295383
-2.40241 -0.0807883 1.60412e-14 0.0403942 0.0699647 0.0403942 -0.0699647
-2.3983 -0.117851 6.53644e-15 0.0589253 0.102062 0.0589253 -0.102062
-2.39698 -0.0479764 2.21177e-16 0.0239882 0.0415488 0.0239882 -0.0415488
-2.39165 -0.267646 7.27096e-16 0.133823 0.231788 0.133823 -0.231788
-2.39165 -0.0818337 2.56691e-15 0.0409168 0.07087 0.0409168 -0.07087
-2.3888 -0.133483 -3.20291e-15 0.0667413 0.115599 0.0667413 -0.115599
-2.3888 0.0706045 3.49756e-15 -0.0353022 0.0611453 -0.0353022 -0.0611453
-2.38164 0.0819655 -6.90664e-15 -0.0409828 0.0709842 -0.0409828 -0.0709842
-2.38164 0.0736944 -1.53846e-15 -0.0368472 0.0638212 -0.0368472 -0.0638212
-2.3774 0.0439697 -1.73726e-14 -0.0219849 0.0380789 -0.0219849 -0.0380789
-2.37274 0.0759895 7.88035e-15 -0.0379948 0.0658088 -0.0379948 -0.0658088
-2.37274 0.0951238 -1.66935e-15 -0.0475619 0.0823797 -0.0475619 -0.0823797
-2.36809 -0.115678 -5.52509e-16 0.0578388 0.10018 0.0578388 -0.10018
-2.36586 -0.093725 -6.37895e-16 0.0468625 0.0811683 0.0468625 -0.0811683
-2.36586 0.0604048 -8.1697e-16 -0.0302024 0.0523121 -0.0302024 -0.0523121
-2.35904 -0.103318 2.69321e-14 0.0516592 0.0894763 0.0516592 -0.0894763
-2.35904 0.0965705 2.33596e-14 -0.0482853 0.0836325 -0.0482853 -0.0836325
-2.35778 0.00812705 -1.00308e-13 -0.00406352 0.00703823 -0.00406352 -0.00703823
-2.34932 -0.0178663 3.87494e-15 0.00893317 0.0154727 0.00893317 -0.0154727
-2.34926 -0.0977552 2.72614e-16 0.0488776 0.0846585 0.0488776 -0.0846585
-2.34646 -0.131294 -2.17014e-15 0.0656468 0.113704 0.0656468 -0.113704
-2.34349 0.0815109 -2.68423e-15 -0.0407554 0.0705905 -0.0407554 -0.0705905
-2.33639 -0.10063 -8.27337e-15 0.0503149 0.087148 0.0503149 -0.087148
-2.33639 0.00819303 1.62409e-14 -0.00409652 0.00709537 -0.00409652 -0.00709537
-2.33639 -0.115243 -1.42812e-14 0.0576217 0.0998038 0.0576217 -0.0998038
-2.33532 -0.109143 4.66901e-15 0.0545717 0.0945209 0.0545717 -0.0945209
-2.32907 0.0478809 6.78354e-14 -0.0239404 0.0414661 -0.0239404 -0.0414661
-2.32615 0.0737568 5.99087e-15 -0.0368784 0.0638753 -0.0368784 -0.0638753
-2.323 -0.0941148 7.05962e-14 0.0470574 0.0815058 0.0470574 -0.0815058
-2.323 -0.0466498 -2.70461e-14 0.0233249 0.0403999 0.0233249 -0.0403999
-2.31558 -0.0204755 -1.01627e-14 0.0102377 0.0177323 0.0102377 -0.0177323
-2.31558 -0.0296496 -4.02101e-15 0.0148248 0.0256773 0.0148248 -0.0256773
-2.31306 0.101331 2.3293e-15 -0.0506655 0.0877553 -0.0506655 -0.0877553
-2.31306 0.015467 8.61125e-15 -0.00773349 0.0133948 -0.00773349 -0.0133948
-2.3072 -0.0467948 -4.23768e-15 0.0233974 0.0405255 0.0233974 -0.0405255
-2.3043 -0.17701 -1.00746e-15 0.0885052 0.153296 0.0885052 -0.153296
-2.3043 -0.0742589 -1.10261e-14 0.0371294 0.0643101 0.0371294 -0.0643101
-2.29982 0.0693841 -4.6161e-15 -0.0346921 0.0600884 -0.0346921 -0.0600884
-2.29796 -0.0852615 4.7417e-15 0.0426307 0.0738386 0.0426307 -0.0738386
-2.29796 0.0234378 2.86107e-15 -0.0117189 0.0202977 -0.0117189 -0.0202977
-2.2887 0.106876 -4.22245e-16 -0.0534381 0.0925575 -0.0534381 -0.0925575
-2.2887 0.0474681 -1.16162e-15 -0.0237341 0.0411086 -0.0237341 -0.0411086
-2.28481 -0.0835083 2.9782e-15 0.0417542 0.0723203 0.0417542 -0.0723203
-2.28427 0.0603922 -5.13218e-15 -0.0301961 0.0523012 -0.0301961 -0.0523012
-2.28427 -0.0903967 -8.30704e-15 0.0451984 0.0782858 0.0451984 -0.0782858
-2.27928 0.0180153 -2.3314e-15 -0.00900765 0.0156017 -0.00900765 -0.0156017
-2.27814 -0.0516255 -5.5729e-15 0.0258128 0.044709 0.0258128 -0.044709
-2.26852 0.0108974 2.51291e-15 -0.00544871 0.00943745 -0.00544871 -0.00943745
-2.26852 0.0370158 1.04298e-14 -0.0185079 0.0320566 -0.0185079 -0.0320566
-2.26852 -0.115866 -9.50715e-15 0.0579328 0.100343 0.0579328 -0.100343
-2.26258 0.0239084 2.40686e-14 -0.0119542 0.0207053 -0.0119542 -0.0207053
-2.26258 -0.105031 1.24119e-14 0.0525157 0.0909599 0.0525157 -0.0909599
-2.25992 0.0971694 1.70307e-14 -0.0485847 0.0841512 -0.0485847 -0.0841512
-2.25627 0.053658 -6.08222e-16 -0.026829 0.0464692 -0.026829 -0.0464692
-2.25269 -0.0348371 1.06107e-15 0.0174185 0.0301698 0.0174185 -0.0301698
-2.24951 -0.030828 5.2864e-14 0.015414 0.0266978 0.015414 -0.0266978
-2.24654 0.0258778 7.01657e-14 -0.0129389 0.0224109 -0.0129389 -0.0224109
-2.24531 0.109066 -2.16961e-14 -0.0545331 0.0944541 -0.0545331 -0.0944541
-2.23943 -0.251791 2.55712e-16 0.125896 0.218057 0.125896 -0.218057
-2.23943 -0.0444463 -1.1239e-14 0.0222232 0.0384917 0.0222232 -0.0384917
-2.23683 -0.148429 -4.85896e-15 0.0742146 0.128543 0.0742146 -0.128543
-2.2357 -0.0354924 1.18475e-15 0.0177462 0.0307373 0.0177462 -0.0307373
-2.23046 0.0658571 -2.00644e-14 -0.0329286 0.0570339 -0.0329286 -0.0570339
-2.22525 0.0791461 -9.51816e-15 -0.0395731 0.0685425 -0.0395731 -0.0685425
-2.22525 -0.0685986 -1.97828e-14 0.0342993 0.0594081 0.0342993 -0.0594081
-2.22003 -0.028441 -5.01204e-15 0.0142205 0.0246306 0.0142205 -0.0246306
-2.21703 -0.136398 -1.37521e-14 0.068199 0.118124 0.068199 -0.118124
-2.21505 0.0806312 -8.51883e-15 -0.0403156 0.0698286 -0.0403156 -0.0698286
-2.21355 0.0512533 3.06851e-15 -0.0256267 0.0443867 -0.0256267 -0.0443867
-2.21123 -0.0731016 2.47423e-14 0.0365508 0.0633079 0.0365508 -0.0633079
-2.21033 0.098727 -2.0098e-14 -0.0493635 0.0855001 -0.0493635 -0.0855001
-2.20572 0.0331001 -5.03441e-15 -0.01655 0.0286655 -0.01655 -0.0286655
-2.20196 0.103857 -1.72118e-15 -0.0519285 0.0899429 -0.0519285 -0.0899429
-2.19848 -0.0134109 -3.04019e-15 0.00670543 0.0116142 0.00670543 -0.0116142
-2.19848 -0.0314306 -4.35242e-15 0.0157153 0.0272197 0.0157153 -0.0272197
-2.19358 -0.150335 -5.78483e-15 0.0751675 0.130194 0.0751675 -0.130194
-2.19358 -0.0281643 -5.41037e-15 0.0140822 0.024391 0.0140822 -0.024391
-2.18854 -0.0123533 -4.02022e-15 0.00617664 0.0106983 0.00617664 -0.0106983
-2.18854 -0.0779496 3.0073e-15 0.0389748 0.0675063 0.0389748 -0.0675063
-2.18369 -0.0952016 1.25237e-15 0.0476008 0.082447 0.0476008 -0.082447
-2.18094 0.0408169 8.12642e-15 -0.0204085 0.0353485 -0.0204085 -0.0353485
-2.18094 0.0704142 9.34067e-16 -0.0352071 0.0609805 -0.0352071 -0.0609805
-2.17573 0.0630558 -1.62859e-14 -0.0315279 0.0546079 -0.0315279 -0.0546079
-2.17217 -0.075368 -1.33555e-14 0.037684 0.0652706 0.037684 -0.0652706
-2.16897 -0.289535 -4.94049e-15 0.144768 0.250745 0.144768 -0.250745
-2.16897 0.0909563 -5.54001e-14 -0.0454782 0.0787705 -0.0454782 -0.0787705
-2.16472 -0.152455 -2.06085e-15 0.0762274 0.13203 0.0762274 -0.13203
-2.16472 0.0539142 -2.69684e-15 -0.0269571 0.0466911 -0.0269571 -0.0466911
-2.16208 0.0432428 -1.32012e-15 -0.0216214 0.0374494 -0.0216214 -0.0374494
-2.15516 0.00777716 2.08121e-15 -0.00388858 0.00673522 -0.00388858 -0.00673522
-2.15339 0.0912792 -1.34249e-15 -0.0456396 0.0790501 -0.0456396 -0.0790501
-2.15339 0.042486 -8.79158e-15 -0.021243 0.036794 -0.021243 -0.036794
-2.14852 0.0637398 -1.80009e-17 -0.0318699 0.0552002 -0.0318699 -0.0552002
-2.14852 -0.215051 -7.48143e-15 0.107526 0.18624 0.107526 -0.18624
-2.1427 0.149921 1.34413e-15 -0.0749607 0.129836 -0.0749607 -0.129836
-2.14134 -0.0523156 1.1108e-14 0.0261578 0.0453066 0.0261578 -0.0453066
-2.13861 0.085912 -1.0952e-15 -0.042956 0.0744019 -0.042956 -0.0744019
-2.13861 0.106366 1.74947e-15 -0.0531829 0.0921155 -0.0531829 -0.0921155
-2.13319 -0.130673 -3.06449e-13 0.0653366 0.113166 0.0653366 -0.113166
-2.1267 0.0459512 8.47291e-15 -0.0229756 0.0397949 -0.0229756 -0.0397949
-2.12323 -0.0933455 -3.18942e-15 0.0466728 0.0808396 0.0466728 -0.0808396
-2.12323 0.0132241 -1.70866e-15 -0.00661205 0.0114524 -0.00661205 -0.0114524
-2.12173 0.14949 7.16326e-15 -0.0747448 0.129462 -0.0747448 -0.129462
-2.12173 -0.213538 4.03056e-15 0.106769 0.18493 0.106769 -0.18493
-2.11617 0.0835776 -1.22461e-14 -0.0417888 0.0723803 -0.0417888 -0.0723803
-2.11617 0.0620181 4.76256e-15 -0.0310091 0.0537093 -0.0310091 -0.0537093
-2.1107 0.13038 1.87219e-14 -0.0651898 0.112912 -0.0651898 -0.112912
-2.10835 -0.0468324 2.068e-15 0.0234162 0.040558 0.0234162 -0.040558
-2.10126 -0.0784319 -8.12718e-15 0.0392159 0.067924 0.0392159 -0.067924
-2.10126 -0.0368044 -5.34835e-15 0.0184022 0.0318735 0.0184022 -0.0318735
-2.09818 -0.134103 1.0241e-15 0.0670516 0.116137 0.0670516 -0.116137
-2.09818 -0.195704 -8.60327e-15 0.0978521 0.169485 0.0978521 -0.169485
-2.09447 -0.0609922 -1.03507e-14 0.0304961 0.0528208 0.0304961 -0.0528208
-2.0934 -0.0259486 1.15012e-15 0.0129743 0.0224722 0.0129743 -0.0224722
-2.08742 0.0227699 2.84799e-14 -0.0113849 0.0197193 -0.0113849 -0.0197193
-2.08742 -0.0734932 -1.31008e-14 0.0367466 0.063647 0.0367466 -0.063647
-2.0807 0.0566594 6.9441e-15 -0.0283297 0.0490685 -0.0283297 -0.0490685
-2.08002 -0.0818457 -3.47305e-15 0.0409228 0.0708804 0.0409228 -0.0708804
-2.07604 0.0837492 1.66412e-14 -0.0418746 0.0725289 -0.0418746 -0.0725289
-2.07436 -0.232567 2.68267e-15 0.116283 0.201409 0.116283 -0.201409
-2.07436 0.0481957 3.33493e-14 -0.0240979 0.0417387 -0.0240979 -0.0417387
-2.0689 -0.0355552 8.21843e-14 0.0177776 0.0307917 0.0177776 -0.0307917
-2.0689 -0.27747 3.88095e-15 0.138735 0.240296 0.138735 -0.240296
-2.0629 -0.033983 2.27422e-15 0.0169915 0.0294301 0.0169915 -0.0294301
-2.062 0.0286294 -4.65704e-14 -0.0143147 0.0247938 -0.0143147 -0.0247938
-2.05997 0.0534074 5.29443e-14 -0.0267037 0.0462522 -0.0267037 -0.0462522
-2.05633 -0.155584 6.53297e-15 0.0777919 0.13474 0.0777919 -0.13474
-2.0541 -0.0361089 -7.07247e-15 0.0180544 0.0312712 0.0180544 -0.0312712
-2.04817 -0.0323562 -1.18312e-14 0.0161781 0.0280213 0.0161781 -0.0280213
-2.04743 -0.307057 -1.04449e-16 0.153529 0.265919 0.153529 -0.265919
-2.04743 0.0378556 -2.42861e-16 -0.0189278 0.0327839 -0.0189278 -0.0327839
-2.04097 -0.0708798 2.98515e-16 0.0354399 0.0613837 0.0354399 -0.0613837
-2.04097 -0.0982236 -2.00598e-16 0.0491118 0.0850641 0.0491118 -0.0850641
-2.03584 0.035294 -6.98265e-14 -0.017647 0.0305655 -0.017647 -0.0305655
-2.03482 -0.110411 1.25594e-15 0.0552054 0.0956185 0.0552054 -0.0956185
-2.03171 -0.0442619 4.22183e-15 0.022131 0.0383319 0.022131 -0.0383319
-2.02677 -0.17158 -4.34625e-14 0.0857899 0.148592 0.0857899 -0.148592
-2.02677 -0.183518 -2.21048e-14 0.0917592 0.158932 0.0917592 -0.158932
-2.02677 0.0665883 -3.17465e-14 -0.0332941 0.0576671 -0.0332941 -0.0576671
-2.02316 -0.130381 3.90183e-15 0.0651904 0.112913 0.0651904 -0.112913
-2.01936 0.0425821 -3.42363e-15 -0.0212911 0.0368772 -0.0212911 -0.0368772
-2.0163 -0.225243 3.22473e-14 0.112621 0.195066 0.112621 -0.195066
-2.0163 0.0930614 1.50846e-13 -0.0465307 0.0805935 -0.0465307 -0.0805935
-2.01011 0.0428378 3.37671e-15 -0.0214189 0.0370987 -0.0214189 -0.0370987
-2.00492 0.114647 7.95347e-15 -0.0573235 0.0992873 -0.0573235 -0.0992873
-2.00278 -0.0411084 -7.34742e-15 0.0205542 0.0356009 0.0205542 -0.0356009
-2.00278 0.0499431 1.77753e-14 -0.0249716 0.043252 -0.0249716 -0.043252
-2.00262 -0.101611 -7.01969e-15 0.0508057 0.087998 0.0508057 -0.087998
-1.99709 -0.349711 1.0324e-15 0.174855 0.302859 0.174855 -0.302859
-1.99633 -0.0561977 -7.45931e-16 0.0280988 0.0486686 0.0280988 -0.0486686
-1.99288 0.0313263 1.03823e-15 -0.0156631 0.0271293 -0.0156631 -0.0271293
-1.98842 0.0864875 -6.39072e-15 -0.0432437 0.0749004 -0.0432437 -0.0749004
-1.98842 -0.140853 -1.14627e-15 0.0704263 0.121982 0.0704263 -0.121982
-1.98318 -0.13171 2.92571e-14 0.0658548 0.114064 0.0658548 -0.114064
-1.98301 0.0508892 3.7859e-13 -0.0254446 0.0440713 -0.0254446 -0.0440713
-1.97747 -0.122642 -2.00326e-14 0.0613211 0.106211 0.0613211 -0.106211
-1.97747 -0.322878 4.14352e-17 0.161439 0.279621 0.161439 -0.279621
-1.9772 -0.0306152 -2.13805e-16 0.0153076 0.0265136 0.0153076 -0.0265136
-1.97466 -0.106987 -2.30071e-15 0.0534937 0.0926537 0.0534937 -0.0926537
-1.96861 -0.0678457 -1.46217e-15 0.0339228 0.0587561 0.0339228 -0.0587561
-1.9668 0.167733 -4.50544e-15 -0.0838666 0.145261 -0.0838666 -0.145261
-1.96469 -0.0597894 3.94806e-14 0.0298947 0.0517792 0.0298947 -0.0517792
-1.9623 -0.0252438 1.06924e-15 0.0126219 0.0218617 0.0126219 -0.0218617
-1.95607 -0.0613924 3.70363e-15 0.0306962 0.0531674 0.0306962 -0.0531674
-1.95201 -0.201846 -4.80244e-15 0.100923 0.174804 0.100923 -0.174804
-1.95017 -0.206331 -1.334e-15 0.103166 0.178688 0.103166 -0.178688
-1.94744 -0.102152 7.06623e-15 0.0510758 0.0884659 0.0510758 -0.0884659
-1.94581 -0.134977 5.48247e-15 0.0674887 0.116894 0.0674887 -0.116894
-1.94581 -0.12648 2.36846e-14 0.06324 0.109535 0.06324 -0.109535
-1.94132 -0.0431974 3.6104e-15 0.0215987 0.0374101 0.0215987 -0.0374101
-1.93685 -0.142908 -2.19312e-15 0.0714543 0.123762 0.0714543 -0.123762
-1.93562 -0.180064 9.71445e-17 0.0900321 0.15594 0.0900321 -0.15594
-1.93033 -0.200276 1.72167e-16 0.100138 0.173445 0.100138 -0.173445
-1.928 -0.161918 -5.57095e-16 0.0809588 0.140225 0.0809588 -0.140225
-1.928 -0.234832 -1.44676e-14 0.117416 0.20337 0.117416 -0.20337
-1.928 -0.112942 4.75009e-15 0.0564709 0.0978104 0.0564709 -0.0978104
-1.92483 -0.130127 3.27277e-15 0.0650635 0.112693 0.0650635 -0.112693
-1.92483 0.098335 -1.31639e-14 -0.0491675 0.0851606 -0.0491675 -0.0851606
-1.9149 0.0562302 6.34131e-16 -0.0281151 0.0486967 -0.0281151 -0.0486967
-1.9127 -0.228655 2.71885e-15 0.114328 0.198021 0.114328 -0.198021
-1.91121 0.0820268 -8.00748e-15 -0.0410134 0.0710373 -0.0410134 -0.0710373
-1.91121 0.00950129 -2.81225e-14 -0.00475064 0.00822835 -0.00475064 -0.00822835
-1.90897 0.0466501 3.77795e-14 -0.0233251 0.0404002 -0.0233251 -0.0404002
-1.90616 -0.128696 -1.62349e-14 0.0643482 0.111454 0.0643482 -0.111454
-1.89689 0.100971 4.14496e-15 -0.0504857 0.0874438 -0.0504857 -0.0874438
-1.89654 -0.267193 2.86576e-15 0.133596 0.231396 0.133596 -0.231396
-1.89377 -0.251929 -6.87644e-15 0.125965 0.218177 0.125965 -0.218177
-1.89377 0.134723 -7.55611e-14 -0.0673615 0.116674 -0.0673615 -0.116674
-1.89262 -0.127717 3.68351e-14 0.0638586 0.110606 0.0638586 -0.110606
-1.8906 0.0250621 2.28355e-15 -0.012531 0.0217044 -0.012531 -0.0217044
-1.8862 -0.0756156 -4.15825e-15 0.0378078 0.0654851 0.0378078 -0.0654851
-1.88125 0.0487687 -6.24605e-14 -0.0243843 0.0422349 -0.0243843 -0.0422349
-1.87752 0.0577298 -6.45964e-13 -0.0288649 0.0499955 -0.0288649 -0.0499955
-1.87752 -0.322638 -3.58873e-14 0.161319 0.279413 0.161319 -0.279413
-1.87747 0.0282441 -9.50828e-13 -0.0141221 0.0244601 -0.0141221 -0.0244601
-1.8751 0.0493731 6.66413e-14 -0.0246865 0.0427583 -0.0246865 -0.0427583
-1.86903 0.0982008 -5.23886e-16 -0.0491004 0.0850444 -0.0491004 -0.0850444
-1.86903 -0.212679 1.34788e-15 0.106339 0.184185 0.106339 -0.184185
-1.8652 -0.047748 -2.79954e-14 0.023874 0.041351 0.023874 -0.041351
-1.85943 -0.295099 2.22607e-15 0.147549 0.255563 0.147549 -0.255563
-1.85943 0.120281 1.4077e-15 -0.0601407 0.104167 -0.0601407 -0.104167
-1.85624 -0.0496201 -1.47334e-14 0.0248101 0.0429723 0.0248101 -0.0429723
-1.85447 0.0971891 -2.33994e-15 -0.0485946 0.0841683 -0.0485946 -0.0841683
-1.84837 -0.113085 4.79628e-15 0.0565423 0.0979342 0.0565423 -0.0979342
-1.84807 0.048735 8.12284e-16 -0.0243675 0.0422057 -0.0243675 -0.0422057
-1.84807 -0.0438248 -1.93117e-15 0.0219124 0.0379534 0.0219124 -0.0379534
-1.84328 -0.385746 -1.44141e-16 0.192873 0.334066 0.192873 -0.334066
-1.83838 -0.153212 -3.48263e-14 0.0766058 0.132685 0.0766058 -0.132685
-1.83766 -0.256264 1.87071e-14 0.128132 0.221931 0.128132 -0.221931
-1.83766 0.0148935 3.37527e-14 -0.00744673 0.0128981 -0.00744673 -0.0128981
-1.83325 0.0399496 2.16985e-14 -0.0199748 0.0345973 -0.0199748 -0.0345973
-1.82798 -0.13266 3.48218e-15 0.0663299 0.114887 0.0663299 -0.114887
-1.8261 -0.385387 -5.32073e-16 0.192694 0.333755 0.192694 -0.333755
-1.82578 -0.0422178 3.16977e-15 0.0211089 0.0365617 0.0211089 -0.0365617
-1.82174 -0.0113201 5.63921e-15 0.00566006 0.00980351 0.00566006 -0.00980351
-1.821 -0.275017 -4.88845e-15 0.137508 0.238171 0.137508 -0.238171
-1.81669 -0.148547 1.73102e-14 0.0742734 0.128645 0.0742734 -0.128645
-1.81669 -0.0714459 6.69654e-15 0.035723 0.061874 0.035723 -0.061874
-1.81349 -0.18022 1.43358e-14 0.0901102 0.156075 0.0901102 -0.156075
-1.81113 -0.094977 -4.17876e-15 0.0474885 0.0822525 0.0474885 -0.0822525
-1.80578 -0.279551 8.72956e-15 0.139776 0.242099 0.139776 -0.242099
-1.80498 0.119863 1.55605e-15 -0.0599317 0.103805 -0.0599317 -0.103805
-1.7997 0.0236338 2.83917e-14 -0.0118169 0.0204675 -0.0118169 -0.0204675
-1.79969 0.148894 -3.19633e-15 -0.0744468 0.128946 -0.0744468 -0.128946
-1.79442 0.136626 -2.42307e-14 -0.0683128 0.118321 -0.0683128 -0.118321
-1.79063 -0.0298921 3.54345e-14 0.014946 0.0258873 0.014946 -0.0258873
-1.78997 -0.399176 2.7027e-15 0.199588 0.345696 0.199588 -0.345696
-1.78997 0.0220642 -4.65582e-14 -0.0110321 0.0191082 -0.0110321 -0.0191082
-1.78311 0.0486269 3.30444e-15 -0.0243135 0.0421121 -0.0243135 -0.0421121
-1.78311 -0.112107 -2.64491e-15 0.0560535 0.0970875 0.0560535 -0.0970875
-1.78136 -0.344518 1.55008e-16 0.172259 0.298362 0.172259 -0.298362
-1.78066 -0.0181123 -2.36869e-15 0.00905617 0.0156857 0.00905617 -0.0156857
-1.774 -0.393991 1.48091e-16 0.196996 0.341207 0.196996 -0.341207
-1.77102 0.0351191 -5.70464e-15 -0.0175595 0.030414 -0.0175595 -0.030414
-1.77102 -0.164134 -7.10884e-16 0.082067 0.142144 0.082067 -0.142144
-1.76569 0.0469081 2.68921e-14 -0.023454 0.0406236 -0.023454 -0.0406236
-1.76505 0.106264 -1.01328e-14 -0.0531321 0.0920275 -0.0531321 -0.0920275
-1.76207 -0.070922 3.68629e-15 0.035461 0.0614203 0.035461 -0.0614203
-1.75869 -0.228356 -2.32071e-15 0.114178 0.197762 0.114178 -0.197762
-1.75523 0.070628 7.90357e-15 -0.035314 0.0611656 -0.035314 -0.0611656
-1.75178 0.0328779 -7.76549e-15 -0.0164389 0.0284731 -0.0164389 -0.0284731
-1.75016 -0.326153 -4.52382e-15 0.163076 0.282457 0.163076 -0.282457
-1.74619 0.0296406 -6.72032e-15 -0.0148203 0.0256695 -0.0148203 -0.0256695
-1.74619 -0.149994 1.10526e-15 0.0749971 0.129899 0.0749971 -0.129899
-1.74145 0.151828 1.03875e-14 -0.0759141 0.131487 -0.0759141 -0.131487
-1.7396 0.0871977 3.02324e-15 -0.0435989 0.0755154 -0.0435989 -0.0755154
-1.7396 0.0757374 1.37264e-15 -0.0378687 0.0655905 -0.0378687 -0.0655905
-1.73596 -0.402634 3.41871e-16 0.201317 0.348691 0.201317 -0.348691
-1.73363 -0.130761 -2.23275e-16 0.0653805 0.113242 0.0653805 -0.113242
-1.73363 0.057949 -7.12971e-16 -0.0289745 0.0501853 -0.0289745 -0.0501853
-1.72431 0.118805 2.29258e-13 -0.0594025 0.102888 -0.0594025 -0.102888
-1.72395 -0.0172545 -1.49477e-12 0.00862725 0.0149428 0.00862725 -0.0149428
-1.72395 0.0540603 -3.27861e-13 -0.0270302 0.0468176 -0.0270302 -0.0468176
-1.72114 -0.401747 5.27217e-16 0.200873 0.347923 0.200873 -0.347923
-1.71927 0.026789 -9.17766e-15 -0.0133945 0.0232 -0.0133945 -0.0232
-1.71785 0.0451629 -1.94289e-15 -0.0225815 0.0391123 -0.0225815 -0.0391123
-1.71168 -0.212533 6.7394e-15 0.106266 0.184059 0.106266 -0.184059
-1.70851 -0.37197 2.80456e-17 0.185985 0.322135 0.185985 -0.322135
-1.70851 0.0684522 1.52257e-14 -0.0342261 0.0592813 -0.0342261 -0.0592813
-1.70229 -0.103074 -6.84565e-15 0.0515369 0.0892645 0.0515369 -0.0892645
-1.70122 -0.331909 6.43526e-16 0.165955 0.287442 0.165955 -0.287442
-1.69582 -0.0660689 -1.97449e-17 0.0330345 0.0572174 0.0330345 -0.0572174
-1.69492 -0.382471 2.59551e-14 0.191235 0.331229 0.191235 -0.331229
-1.69492 -0.0648292 -1.03255e-13 0.0324146 0.0561438 0.0324146 -0.0561438
-1.69159 -0.00354156 1.90275e-14 0.00177078 0.00306709 0.00177078 -0.00306709
-1.68731 -0.156969 3.17801e-15 0.0784843 0.135939 0.0784843 -0.135939
-1.68554 -0.237278 -2.72217e-15 0.118639 0.205489 0.118639 -0.205489
-1.68147 -0.113111 6.52202e-14 0.0565554 0.0979569 0.0565554 -0.0979569
-1.68147 0.0897805 -1.58032e-14 -0.0448903 0.0777522 -0.0448903 -0.0777522
-1.68125 -0.339542 -1.74944e-14 0.169771 0.294052 0.169771 -0.294052
-1.68039 -0.00674381 -2.03527e-14 0.0033719 0.00584031 0.0033719 -0.00584031
-1.68039 0.0368314 -6.15861e-15 -0.0184157 0.031897 -0.0184157 -0.031897
-1.67162 -0.0990145 2.14232e-15 0.0495072 0.0857491 0.0495072 -0.0857491
-1.66757 -0.412862 9.21805e-17 0.206431 0.357549 0.206431 -0.357549
-1.66661 -0.389357 6.51342e-16 0.194679 0.337193 0.194679 -0.337193
-1.66558 0.0544184 1.38518e-14 -0.0272092 0.0471277 -0.0272092 -0.0471277
-1.65859 -0.0445695 5.20715e-15 0.0222848 0.0385983 0.0222848 -0.0385983
-1.65794 0.0477845 6.23161e-15 -0.0238922 0.0413826 -0.0238922 -0.0413826
-1.65536 0.0874594 -1.01589e-14 -0.0437297 0.0757421 -0.0437297 -0.0757421
-1.65105 -0.334845 -1.06024e-15 0.167423 0.289985 0.167423 -0.289985
-1.65075 0.10482 5.36203e-15 -0.0524101 0.090777 -0.0524101 -0.090777
-1.65075 -0.0646292 -7.20623e-15 0.0323146 0.0559705 0.0323146 -0.0559705
-1.64318 -0.33583 5.68981e-15 0.167915 0.290837 0.167915 -0.290837
-1.64299 -0.0753531 -1.30102e-14 0.0376766 0.0652577 0.0376766 -0.0652577
-1.63824 -0.174841 -4.89126e-14 0.0874204 0.151417 0.0874204 -0.151417
-1.63824 -0.390656 -1.13888e-14 0.195328 0.338318 0.195328 -0.338318
-1.63176 -0.0503672 1.04647e-15 0.0251836 0.0436192 0.0251836 -0.0436192
-1.62824 -0.199259 3.88715e-16 0.0996297 0.172564 0.0996297 -0.172564
-1.62569 0.0587305 -1.96821e-12 -0.0293652 0.0508621 -0.0293652 -0.0508621
-1.62569 -0.414414 -1.34321e-13 0.207207 0.358893 0.207207 -0.358893
-1.62494 0.0390863 6.39159e-15 -0.0195431 0.0338497 -0.0195431 -0.0338497
-1.62102 -0.179857 -4.84019e-17 0.0899287 0.155761 0.0899287 -0.155761
-1.61714 -0.0597863 5.80265e-16 0.0298932 0.0517765 0.0298932 -0.0517765
-1.61661 0.052734 1.52569e-15 -0.026367 0.045669 -0.026367 -0.045669
-1.61317 -0.424462 1.04818e-15 0.212231 0.367595 0.212231 -0.367595
-1.61317 0.00652778 -1.02631e-14 -0.00326389 0.00565322 -0.00326389 -0.00565322
-1.60815 -0.400615 1.74791e-14 0.200308 0.346943 0.200308 -0.346943
-1.60712 -0.300502 -1.92723e-14 0.150251 0.260242 0.150251 -0.260242
-1.60712 0.0841027 -3.15712e-14 -0.0420513 0.0728351 -0.0420513 -0.0728351
-1.59772 0.0697757 -1.00662e-14 -0.0348878 0.0604275 -0.0348878 -0.0604275
-1.59772 -0.234578 5.01776e-15 0.117289 0.203151 0.117289 -0.203151
-1.59329 0.120195 -5.11483e-14 -0.0600977 0.104092 -0.0600977 -0.104092
-1.59329 -0.359477 -2.54509e-15 0.179739 0.311317 0.179739 -0.311317
-1.59023 -0.0413573 -4.76182e-16 0.0206787 0.0358165 0.0206787 -0.0358165
-1.58689 -0.0576557 9.00321e-16 0.0288278 0.0499313 0.0288278 -0.0499313
-1.58414 -0.307159 3.7535e-16 0.153579 0.266007 0.153579 -0.266007
-1.58056 -0.0243834 -6.17859e-15 0.0121917 0.0211166 0.0121917 -0.0211166
-1.58056 -0.434468 5.9807e-17 0.217234 0.376261 0.217234 -0.376261
-1.57826 -0.164645 -4.55616e-16 0.0823227 0.142587 0.0823227 -0.142587
-1.57489 -0.0886231 5.56105e-15 0.0443115 0.0767498 0.0443115 -0.0767498
-1.57006 0.0810803 2.76602e-14 -0.0405402 0.0702176 -0.0405402 -0.0702176
-1.56911 -0.307418 -2.49385e-14 0.153709 0.266232 0.153709 -0.266232
-1.56911 -0.307567 2.36058e-14 0.153784 0.266361 0.153784 -0.266361
-1.56714 -0.304559 -2.99815e-15 0.15228 0.263756 0.15228 -0.263756
-1.56448 -0.100462 -1.22229e-14 0.050231 0.0870027 0.050231 -0.0870027
-1.55986 0.0917134 -8.47513e-15 -0.0458567 0.0794261 -0.0458567 -0.0794261
-1.55806 -0.435452 -1.35024e-15 0.217726 0.377112 0.217726 -0.377112
-1.55285 -0.00713822 2.63732e-16 0.00356911 0.00618188 0.00356911 -0.00618188
-1.55232 -0.0264961 7.5965e-16 0.0132481 0.0229463 0.0132481 -0.0229463
-1.54911 -0.403881 1.61274e-16 0.20194 0.349771 0.20194 -0.349771
-1.54773 -0.291934 -2.78346e-15 0.145967 0.252822 0.145967 -0.252822
-1.54692 0.0896134 -8.81413e-15 -0.0448067 0.0776075 -0.0448067 -0.0776075
-1.5378 0.0717846 -8.28218e-15 -0.0358923 0.0621673 -0.0358923 -0.0621673
-1.5378 -0.0479885 3.35952e-15 0.0239943 0.0415593 0.0239943 -0.0415593
-1.53439 0.0986731 1.53978e-15 -0.0493365 0.0854534 -0.0493365 -0.0854534
-1.53426 -0.167985 2.4291e-15 0.0839925 0.145479 0.0839925 -0.145479
-1.52559 0.0419759 2.01867e-14 -0.020988 0.0363522 -0.020988 -0.0363522
-1.52559 -0.341092 2.28353e-15 0.170546 0.295394 0.170546 -0.295394
-1.52534 0.0314394 9.5448e-15 -0.0157197 0.0272273 -0.0157197 -0.0272273
-1.52194 0.00193545 2.91283e-13 -0.000967726 0.00167615 -0.000967726 -0.00167615
-1.52194 -0.441425 5.00628e-16 0.220712 0.382285 0.220712 -0.382285
-1.51875 -0.0153052 -1.20455e-15 0.00765262 0.0132547 0.00765262 -0.0132547
-1.5159 -0.0773861 1.76085e-15 0.038693 0.0670183 0.038693 -0.0670183
-1.5117 -0.450414 8.12446e-16 0.225207 0.39007 0.225207 -0.39007
-1.50977 -0.27142 -1.14005e-17 0.13571 0.235056 0.13571 -0.235056
-1.50977 0.043892 -1.28851e-13 -0.021946 0.0380116 -0.021946 -0.0380116
-1.50639 -0.201834 9.82056e-17 0.100917 0.174794 0.100917 -0.174794
-1.50379 0.0612347 1.40628e-14 -0.0306174 0.0530308 -0.0306174 -0.0530308
-1.50231 -0.447075 -1.37861e-17 0.223538 0.387179 0.223538 -0.387179
-1.50231 0.0120276 -5.91492e-15 -0.00601379 0.0104162 -0.00601379 -0.0104162
-1.49584 -0.011499 -1.25705e-15 0.00574951 0.00995844 0.00574951 -0.00995844
-1.48944 -0.0243986 2.04188e-14 0.0121993 0.0211298 0.0121993 -0.0211298
-1.48944 -0.406612 -7.28584e-17 0.203306 0.352137 0.203306 -0.352137
-1.4884 -0.30131 -1.40215e-15 0.150655 0.260942 0.150655 -0.260942
-1.48799 0.0211009 1.38517e-14 -0.0105505 0.0182739 -0.0105505 -0.0182739
-1.48583 0.0143377 6.60362e-15 -0.00716885 0.0124168 -0.00716885 -0.0124168
-1.47927 -0.126837 4.95478e-15 0.0634185 0.109844 0.0634185 -0.109844
-1.47927 0.034948 7.32394e-14 -0.017474 0.0302659 -0.017474 -0.0302659
-1.47527 -0.112692 -5.15758e-15 0.0563459 0.097594 0.0563459 -0.097594
-1.47453 -0.413067 1.03408e-15 0.206534 0.357727 0.206534 -0.357727
-1.4659 0.0665414 9.80725e-15 -0.0332707 0.0576266 -0.0332707 -0.0576266
-1.4659 -0.361996 7.97973e-16 0.180998 0.313498 0.180998 -0.313498
-1.4623 -0.444212 1.34864e-15 0.222106 0.384699 0.222106 -0.384699
-1.4623 -0.02707 -1.17087e-13 0.013535 0.0234433 0.013535 -0.0234433
-1.45518 0.0370269 3.88987e-16 -0.0185134 0.0320662 -0.0185134 -0.0320662
-1.45518 -0.0258856 -3.52405e-15 0.0129428 0.0224176 0.0129428 -0.0224176
-1.45307 -0.464162 -7.25114e-16 0.232081 0.401976 0.232081 -0.401976
-1.45214 0.0404712 7.81041e-16 -0.0202356 0.0350491 -0.0202356 -0.0350491
-1.45214 -0.253366 5.19355e-15 0.126683 0.219422 0.126683 -0.219422
-1.44744 0.0874867 4.4292e-14 -0.0437433 0.0757657 -0.0437433 -0.0757657
-1.44609 -0.453121 1.32395e-13 0.22656 0.392414 0.22656 -0.392414
-1.44609 0.106249 9.95436e-13 -0.0531247 0.0920147 -0.0531247 -0.0920147
-1.44609 0.00530861 -2.77244e-12 -0.0026543 0.00459739 -0.0026543 -0.00459739
-1.43361 0.11264 1.04198e-15 -0.0563202 0.0975494 -0.0563202 -0.0975494
-1.42918 0.00503144 -6.07976e-14 -0.00251572 0.00435735 -0.00251572 -0.00435735
-1.42918 -0.407931 3.28609e-16 0.203966 0.353279 0.203966 -0.353279
-1.42813 -0.323226 1.45005e-17 0.161613 0.279922 0.161613 -0.279922
-1.4257 0.0535524 4.06359e-16 -0.0267762 0.0463777 -0.0267762 -0.0463777
-1.41995 0.0426722 1.27788e-13 -0.0213361 0.0369552 -0.0213361 -0.0369552
-1.41995 0.0408294 2.41281e-13 -0.0204147 0.0353593 -0.0204147 -0.0353593
-1.41995 -0.163391 -1.03407e-15 0.0816956 0.141501 0.0816956 -0.141501
-1.41773 0.103362 -2.28051e-12 -0.0516812 0.0895145 -0.0516812 -0.0895145
-1.41415 -0.425371 -4.90165e-16 0.212686 0.368382 0.212686 -0.368382
-1.40982 0.0939248 1.60581e-15 -0.0469624 0.0813413 -0.0469624 -0.0813413
-1.40571 0.00391715 2.39233e-14 -0.00195858 0.00339236 -0.00195858 -0.00339236
-1.40571 -0.370554 -4.84794e-16 0.185277 0.320909 0.185277 -0.320909
-1.40167 -0.443315 2.66727e-16 0.221658 0.383922 0.221658 -0.383922
-1.39932 -0.125356 9.32616e-16 0.0626782 0.108562 0.0626782 -0.108562
-1.39473 0.0102159 -4.25701e-15 -0.00510793 0.00884719 -0.00510793 -0.00884719
-1.39179 -0.450684 -8.32944e-16 0.225342 0.390303 0.225342 -0.390303
-1.39179 -0.095442 -6.54338e-15 0.047721 0.0826552 0.047721 -0.0826552
-1.39012 -0.0904331 -1.37311e-15 0.0452166 0.0783174 0.0452166 -0.0783174
-1.38737 -0.0733199 -6.08576e-16 0.0366599 0.0634969 0.0366599 -0.0634969
-1.38737 -0.173008 1.80883e-16 0.0865042 0.14983 0.0865042 -0.14983
-1.38578 -0.352265 -6.39378e-17 0.176133 0.305071 0.176133 -0.305071
-1.38401 -0.104891 -4.41246e-15 0.0524454 0.0908382 0.0524454 -0.0908382
-1.37873 -0.00611841 3.97805e-15 0.0030592 0.0052987 0.0030592 -0.0052987
-1.37873 0.0923504 -6.76542e-16 -0.0461752 0.0799778 -0.0461752 -0.0799778
-1.36835 -0.408419 4.57967e-16 0.20421 0.353702 0.20421 -0.353702
-1.36762 -0.330478 5.71979e-16 0.165239 0.286202 0.165239 -0.286202
-1.36636 0.0631892 2.40083e-15 -0.0315946 0.0547235 -0.0315946 -0.0547235
-1.36245 0.0159646 -4.03535e-15 -0.0079823 0.0138258 -0.0079823 -0.0138258
-1.35928 -0.160643 5.71064e-15 0.0803213 0.139121 0.0803213 -0.139121
-1.35928 0.118536 1.42664e-14 -0.059268 0.102655 -0.059268 -0.102655
-1.35702 -0.129575 1.01603e-15 0.0647873 0.112215 0.0647873 -0.112215
-1.35306 -0.425768 4.63767e-16 0.212884 0.368726 0.212884 -0.368726
-1.35306 -0.014201 -1.07693e-14 0.0071005 0.0122984 0.0071005 -0.0122984
-1.34496 0.0172838 -4.96149e-15 -0.00864188 0.0149682 -0.00864188 -0.0149682
-1.34496 -0.371513 2.38344e-16 0.185756 0.321739 0.185756 -0.321739
-1.34025 -0.441415 1.22247e-16 0.220708 0.382277 0.220708 -0.382277
-1.34025 0.00391139 -6.34535e-17 -0.0019557 0.00338737 -0.0019557 -0.00338737
-1.33486 -0.158152 6.42645e-15 0.0790759 0.136963 0.0790759 -0.136963
-1.3304 -0.294417 -6.00995e-16 0.147209 0.254973 0.147209 -0.254973
-1.3304 0.0388863 -2.03868e-15 -0.0194432 0.0336765 -0.0194432 -0.0336765
-1.32644 -0.173122 2.46893e-15 0.0865608 0.149928 0.0865608 -0.149928
-1.32477 -0.101353 -3.39099e-16 0.0506765 0.0877743 0.0506765 -0.0877743
-1.32477 -0.369859 7.38992e-16 0.18493 0.320307 0.18493 -0.320307
-1.31998 0.0295394 6.76455e-15 -0.0147697 0.0255818 -0.0147697 -0.0255818
-1.31998 -0.0294646 9.92933e-16 0.0147323 0.0255171 0.0147323 -0.0255171
-1.31465 0.0197752 -5.11527e-15 -0.00988758 0.0171258 -0.00988758 -0.0171258
-1.30696 -0.409027 6.54181e-17 0.204514 0.354228 0.204514 -0.354228
-1.30645 -0.34449 3.4505e-16 0.172245 0.298337 0.172245 -0.298337
-1.30645 0.0738916 5.45621e-15 -0.0369458 0.063992 -0.0369458 -0.063992
-1.30089 -0.026231 -3.84719e-15 0.0131155 0.0227167 0.0131155 -0.0227167
-1.29884 -0.184389 2.38351e-15 0.0921945 0.159686 0.0921945 -0.159686
-1.2973 -0.260736 -3.80108e-15 0.130368 0.225804 0.130368 -0.225804
-1.29419 0.0613288 1.20499e-15 -0.0306644 0.0531123 -0.0306644 -0.0531123
-1.29136 -0.425998 -2.03736e-16 0.212999 0.368925 0.212999 -0.368925
-1.29136 0.00162059 4.24601e-16 -0.000810296 0.00140347 -0.000810296 -0.00140347
-1.2837 5.29555e-05 9.17217e-05 5.29555e-05 9.17217e-05 -0.000105911 -2.50731e-15
-1.2837 -0.373676 3.9629e-16 0.186838 0.323613 0.186838 -0.323613
-1.28268 0.0136613 7.92056e-15 -0.00683063 0.011831 -0.00683063 -0.011831
-1.27575 -0.120714 1.95341e-15 0.060357 0.104541 0.060357 -0.104541
-1.2698 -0.0923355 4.70078e-15 0.0461678 0.0799649 0.0461678 -0.0799649
-1.2698 -0.294769 3.87673e-16 0.147384 0.255277 0.147384 -0.255277
-1.26677 -0.238076 1.55107e-16 0.119038 0.20618 0.119038 -0.20618
-1.26426 -0.0377298 -2.6646e-15 0.0188649 0.032675 0.0188649 -0.032675
-1.26322 -0.390215 1.26003e-16 0.195107 0.337936 0.195107 -0.337936
-1.26322 0.0164103 3.4185e-14 -0.00820514 0.0142117 -0.00820514 -0.0142117
-1.25385 -0.014781 3.93906e-15 0.0073905 0.0128007 0.0073905 -0.0128007
-1.25385 -0.0591436 6.46626e-15 0.0295718 0.0512198 0.0295718 -0.0512198
-1.245 0.00511422 9.03008e-14 -0.00255711 0.00442905 -0.00255711 -0.00442905
-1.245 -0.409687 5.46091e-15 0.204843 0.354799 0.204843 -0.354799
-1.24497 -0.353106 -6.00256e-15 0.176553 0.305799 0.176553 -0.305799
-1.23826 0.0714217 -8.16612e-15 -0.0357108 0.061853 -0.0357108 -0.061853
-1.23826 -0.225219 3.78246e-16 0.112609 0.195045 0.112609 -0.195045
-1.2357 0.040604 1.38504e-14 -0.020302 0.0351641 -0.020302 -0.0351641
-1.2357 -0.257094 5.21458e-15 0.128547 0.22265 0.128547 -0.22265
-1.2357 -0.125717 4.47983e-15 0.0628585 0.108874 0.0628585 -0.108874
-1.22192 -0.374789 -1.2837e-16 0.187395 0.324577 0.187395 -0.324577
-1.22192 -0.0267089 5.47192e-15 0.0133544 0.0231306 0.0133544 -0.0231306
-1.22192 -0.00286367 5.74895e-15 0.00143184 0.00248001 0.00143184 -0.00248001
-1.21473 -0.0254687 2.01054e-15 0.0127343 0.0220565 0.0127343 -0.0220565
-1.21473 0.085585 -2.13886e-15 -0.0427925 0.0741188 -0.0427925 -0.0741188
-1.20818 -0.153337 2.81508e-15 0.0766686 0.132794 0.0766686 -0.132794
-1.20818 -0.282335 4.49849e-16 0.141168 0.244509 0.141168 -0.244509
-1.20443 -0.287115 -3.16144e-16 0.143557 0.248649 0.143557 -0.248649
-1.2011 -0.392819 8.05349e-17 0.19641 0.340191 0.19641 -0.340191
-1.20057 0.0175869 -6.5413e-14 -0.00879345 0.0152307 -0.00879345 -0.0152307
-1.19972 -0.0565476 -1.60896e-15 0.0282738 0.0489717 0.0282738 -0.0489717
-1.1925 -0.00662498 -5.33427e-16 0.00331249 0.0057374 0.00331249 -0.0057374
-1.18707 0.009863 2.2817e-15 -0.0049315 0.0085416 -0.0049315 -0.0085416
-1.18296 0.00443995 1.03781e-14 -0.00221997 0.00384511 -0.00221997 -0.00384511
-1.18296 -0.356707 8.17709e-17 0.178353 0.308917 0.178353 -0.308917
-1.18296 0.0316577 4.28031e-15 -0.0158289 0.0274164 -0.0158289 -0.0274164
-1.17565 -0.124072 3.68678e-14 0.0620358 0.107449 0.0620358 -0.107449
-1.17565 -0.170992 -1.67178e-14 0.0854961 0.148084 0.0854961 -0.148084
-1.17407 -0.304219 3.1055e-16 0.152109 0.263461 0.152109 -0.263461
-1.17242 -0.0358414 -2.9089e-15 0.0179207 0.0310395 0.0179207 -0.0310395
-1.15982 0.0540233 -4.80687e-15 -0.0270117 0.0467856 -0.0270117 -0.0467856
-1.1596 -0.375954 -5.18913e-17 0.187977 0.325586 0.187977 -0.325586
-1.1596 -0.0082988 -1.33982e-14 0.0041494 0.00718697 0.0041494 -0.00718697
-1.1529 0.0558998 4.02066e-15 -0.0279499 0.0484107 -0.0279499 -0.0484107
-1.1529 0.0506694 8.19613e-15 -0.0253347 0.043881 -0.0253347 -0.043881
-1.15067 -0.0722105 2.66349e-15 0.0361052 0.0625361 0.0361052 -0.0625361
-1.14649 -0.306264 -4.32617e-17 0.153132 0.265233 0.153132 -0.265233
-1.14239 -0.295254 8.73768e-16 0.147627 0.255697 0.147627 -0.255697
-1.14239 0.018033 2.77143e-15 -0.00901649 0.015617 -0.00901649 -0.015617
-1.13463 -0.0102069 3.89367e-15 0.00510343 0.0088394 0.00510343 -0.0088394
-1.13463 0.0259109 -3.22984e-15 -0.0129554 0.0224395 -0.0129554 -0.0224395
-1.12727 0.0172339 -3.78083e-15 -0.00861695 0.014925 -0.00861695 -0.014925
-1.12048 -0.0504421 -1.16073e-14 0.025221 0.0436841 0.025221 -0.0436841
-1.12048 -0.35601 -6.52256e-16 0.178005 0.308313 0.178005 -0.308313
-1.11428 0.0499791 -1.95542e-15 -0.0249896 0.0432832 -0.0249896 -0.0432832
-1.11428 0.0285184 -1.24696e-14 -0.0142592 0.0246977 -0.0142592 -0.0246977
-1.11291 0.018424 -4.59963e-16 -0.00921198 0.0159556 -0.00921198 -0.0159556
-1.1119 -0.319772 -3.61414e-16 0.159886 0.276931 0.159886 -0.276931
-1.10626 0.00694419 -9.15726e-15 -0.00347209 0.00601384 -0.00347209 -0.00601384
-1.09579 -0.146945 -9.63151e-16 0.0734723 0.127258 0.0734723 -0.127258
-1.09579 -0.0517612 -4.45538e-15 0.0258806 0.0448265 0.0258806 -0.0448265
-1.08972 -0.0285706 2.52691e-15 0.0142853 0.0247429 0.0142853 -0.0247429
-1.08801 -0.203474 -3.06115e-16 0.101737 0.176213 0.101737 -0.176213
-1.08365 -0.332562 -5.05742e-16 0.166281 0.288007 0.166281 -0.288007
-1.08365 -0.0344518 3.4881e-15 0.0172259 0.0298362 0.0172259 -0.0298362
-1.08007 -0.107139 1.23967e-14 0.0535694 0.092785 0.0535694 -0.092785
-1.08007 -0.239223 3.76116e-15 0.119612 0.207173 0.119612 -0.207173
-1.07806 -0.139564 -8.56953e-16 0.0697818 0.120866 0.0697818 -0.120866
-1.06901 0.00380807 1.13343e-15 -0.00190403 0.00329788 -0.00190403 -0.00329788
-1.06901 -0.125026 -2.39044e-16 0.0625132 0.108276 0.0625132 -0.108276
-1.06453 0.00336712 1.31037e-15 -0.00168356 0.00291601 -0.00168356 -0.00291601
-1.06029 -0.14436 -3.98167e-15 0.0721802 0.12502 0.0721802 -0.12502
-1.05404 0.0669889 4.06809e-15 -0.0334945 0.0580141 -0.0334945 -0.0580141
-1.05067 -0.258833 1.02557e-14 0.129416 0.224156 0.129416 -0.224156
-1.04919 -0.321465 -1.47697e-15 0.160733 0.278397 0.160733 -0.278397
-1.04919 -0.0152301 6.55401e-15 0.00761506 0.0131897 0.00761506 -0.0131897
-1.03704 -0.0820981 -2.3382e-15 0.041049 0.071099 0.041049 -0.071099
-1.03704 0.0637709 4.17573e-15 -0.0318854 0.0552272 -0.0318854 -0.0552272
-1.03704 -0.176535 -8.91492e-16 0.0882675 0.152884 0.0882675 -0.152884
-1.02463 0.0270295 -6.5243e-15 -0.0135148 0.0234082 -0.0135148 -0.0234082
-1.0232 -0.0660335 3.0348e-15 0.0330168 0.0571867 0.0330168 -0.0571867
-1.01712 -0.304396 -6.53349e-16 0.152198 0.263615 0.152198 -0.263615
-1.01712 0.0346678 -1.76425e-14 -0.0173339 0.0300232 -0.0173339 -0.0300232
-1.01712 0.0118292 -7.45969e-15 -0.00591462 0.0102444 -0.00591462 -0.0102444
-1.014 0.0394665 6.25294e-17 -0.0197333 0.034179 -0.0197333 -0.034179
-1.00491 -0.0711861 1.64364e-15 0.0355931 0.061649 0.0355931 -0.061649
-0.996061 -0.00691429 -3.47335e-15 0.00345714 0.00598795 0.00345714 -0.00598795
-0.996061 0.0175313 4.63258e-15 -0.00876566 0.0151826 -0.00876566 -0.0151826
-0.996061 -0.200066 -3.77415e-16 0.100033 0.173262 0.100033 -0.173262
-0.987681 -0.0564575 6.11922e-15 0.0282288 0.0488936 0.0282288 -0.0488936
-0.987681 -0.264787 1.75775e-15 0.132394 0.229312 0.132394 -0.229312
-0.983645 0.00129794 -2.13571e-14 -0.000648968 0.00112405 -0.000648968 -0.00112405
-0.983645 2.11557e-05 -9.08853e-16 -1.05779e-05 1.83214e-05 -1.05779e-05 -1.83214e-05
-0.974754 0.0509736 3.61711e-15 -0.0254868 0.0441444 -0.0254868 -0.0441444
-0.972297 -0.0736199 2.18492e-16 0.03681 0.0637567 0.03681 -0.0637567
-0.960754 0.00269167 1.23391e-15 -0.00134584 0.00233106 -0.00134584 -0.00233106
-0.960754 -0.231835 -5.04805e-16 0.115917 0.200775 0.115917 -0.200775
-0.960754 -0.0807451 2.49453e-15 0.0403725 0.0699273 0.0403725 -0.0699273
-0.960754 0.0141209 -5.52249e-15 -0.00706043 0.012229 -0.00706043 -0.012229
-0.954422 -0.181467 -1.31296e-16 0.0907337 0.157155 0.0907337 -0.157155
-0.942696 0.019161 2.42449e-15 -0.00958049 0.0165939 -0.00958049 -0.0165939
-0.937391 -0.0118119 1.69092e-15 0.00590597 0.0102294 0.00590597 -0.0102294
-0.932265 -0.219705 -3.77435e-16 0.109852 0.19027 0.109852 -0.19027
-0.929658 -0.0451923 3.35746e-15 0.0225962 0.0391377 0.0225962 -0.0391377
-0.91863 -0.00622417 1.00254e-14 0.00311209 0.00539029 0.00311209 -0.00539029
-0.918629 0.00156206 -6.9441e-15 -0.000781029 0.00135278 -0.000781029 -0.00135278
-0.918629 -0.00681975 -2.95251e-14 0.00340988 0.00590608 0.00340988 -0.00590608
-0.911733 -0.201306 1.5439e-16 0.100653 0.174336 0.100653 -0.174336
-0.911733 -0.030526 -1.43418e-15 0.015263 0.0264363 0.015263 -0.0264363
-0.902141 0.00102073 -5.09077e-15 -0.000510364 0.000883976 -0.000510364 -0.000883976
-0.891537 -0.1357 2.67147e-16 0.0678499 0.117519 0.0678499 -0.117519
-0.890415 -0.0537408 -6.85786e-16 0.0268704 0.0465409 0.0268704 -0.0465409
-0.890415 4.71315e-05 -8.16342e-05 -9.42631e-05 5.38064e-15 4.71315e-05 -8.16342e-05
-0.876083 -0.0959782 1.51673e-15 0.0479891 0.0831195 0.0479891 -0.0831195
-0.876083 -0.0912204 -1.19696e-15 0.0456102 0.0789992 0.0456102 -0.0789992
-0.876083 -0.0443724 8.99698e-16 0.0221862 0.0384276 0.0221862 -0.0384276
-0.876083 -0.0243011 1.69124e-15 0.0121506 0.0210454 0.0121506 -0.0210454
-0.860104 -0.081989 -3.16224e-15 0.0409945 0.0710045 0.0409945 -0.0710045
-0.85331 0.000221791 -8.36108e-15 -0.000110896 0.000192077 -0.000110896 -0.000192077
-0.850482 -0.00249505 2.38084e-15 0.00124752 0.00216078 0.00124752 -0.00216078
-0.850482 -0.00328986 -2.05507e-16 0.00164493 0.0028491 0.00164493 -0.0028491
-0.831176 -0.00257405 -4.29778e-16 0.00128703 0.00222919 0.00128703 -0.00222919
-0.819945 -0.00232063 1.40771e-14 0.00116032 0.00200973 0.00116032 -0.00200973
-0.819945 -1.48524e-06 9.17848e-14 7.42619e-07 1.28625e-06 7.42619e-07 -1.28625e-06
-0.805386 0.000144787 1.00487e-13 -7.23937e-05 0.00012539 -7.23937e-05 -0.00012539
-0.805386 0.00103414 2.79733e-14 -0.000517068 0.000895588 -0.000517068 -0.000895588
-0.805386 -3.73641e-05 6.47165e-05 -3.73641e-05 6.47165e-05 7.47282e-05 -2.71026e-15
-0.773691 -2.16528e-05 3.75037e-05 -2.16528e-05 3.75037e-05 4.33056e-05 -4.61113e-13
-0.773691 2.57443e-05 4.45904e-05 2.57443e-05 4.45904e-05 -5.14885e-05 -8.83815e-13
-0.756372 3.85893e-05 6.68386e-05 3.85893e-05 6.68386e-05 -7.71786e-05 -9.97128e-13
-0.756372 9.17459e-06 -1.58909e-05 -1.83492e-05 1.56037e-14 9.17459e-06 -1.58909e-05
-0.742659 -2.30646e-05 -3.9949e-05 -2.30646e-05 3.9949e-05 4.61291e-05 -2.37329e-13
-0.718598 2.97554e-06 -4.9816e-12 -1.48777e-06 2.5769e-06 -1.48778e-06 -2.57689e-06
-0.718598 -5.94653e-05 4.40922e-10 2.9733e-05 5.14982e-05 2.97323e-05 -5.14987e-05
-0.718598 5.54328e-07 4.39673e-11 -2.77202e-07 4.8004e-07 -2.77126e-07 -4.80084e-07
-0.653829 1.1518e-05 1.99526e-05 -2.30385e-05 1.40837e-09 1.15204e-05 -1.99512e-05
-0.653829 -8.39406e-07 3.60935e-08 4.50961e-07 7.089e-07 3.88444e-07 -7.44993e-07
