-5.13652 0.961053 -6.09927e-17 -0.480526 0.832296 -0.480526 -0.832296
-4.98485 0.930605 -8.7574e-17 -0.465302 0.805927 -0.465302 -0.805927
-4.94868 0.931512 1.08966e-16 -0.465756 0.806713 -0.465756 -0.806713
-4.8386 0.899625 1.00857e-16 -0.449813 0.779098 -0.449813 -0.779098
-4.8041 0.900496 -4.21741e-17 -0.450248 0.779853 -0.450248 -0.779853
-4.76604 0.901614 1.93016e-17 -0.450807 0.78082 -0.450807 -0.78082
-4.69787 0.868 1.00729e-16 -0.434 0.75171 -0.434 -0.75171
-4.66516 0.868798 4.3299e-17 -0.434399 0.752401 -0.434399 -0.752401
-4.62859 0.869909 -8.78705e-16 -0.434954 0.753363 -0.434954 -0.753363
-4.58868 0.871281 4.70826e-16 -0.435641 0.754552 -0.435641 -0.754552
-4.56279 0.835578 8.74896e-17 -0.417789 0.723632 -0.417789 -0.723632
-4.532 0.836246 -1.00121e-16 -0.418123 0.72421 -0.418123 -0.72421
-4.49699 0.837321 -1.8967e-17 -0.418661 0.725141 -0.418661 -0.725141
-4.45842 0.838725 -2.77556e-16 -0.419363 0.726357 -0.419363 -0.726357
-4.4335 0.802153 2.08167e-17 -0.401077 0.694685 -0.401077 -0.694685
-4.41668 0.840416 1.04083e-16 -0.420208 0.727822 -0.420208 -0.727822
-4.4048 0.802602 1.9022e-16 -0.401301 0.695074 -0.401301 -0.695074
-4.37144 0.803595 -2.3195e-16 -0.401797 0.695933 -0.401797 -0.695933
-4.33426 0.805004 -7.14706e-16 -0.402502 0.697154 -0.402502 -0.697154
-4.31023 0.767435 4.97366e-17 -0.383717 0.664618 -0.383717 -0.664618
-4.29373 0.80678 2.498e-16 -0.40339 0.698692 -0.40339 -0.698692
-4.28381 0.767521 -3.94474e-18 -0.383761 0.664693 -0.383761 -0.664693
-4.25218 0.768358 -6.05595e-17 -0.384179 0.665418 -0.384179 -0.665418
-4.25016 0.808882 -2.42861e-16 -0.404441 0.700512 -0.404441 -0.700512
-4.21645 0.769722 -7.7469e-17 -0.384861 0.666599 -0.384861 -0.666599
-4.19322 0.730989 2.14921e-17 -0.365494 0.633055 -0.365494 -0.633055
-4.17716 0.771552 -9.63849e-17 -0.385776 0.668184 -0.385776 -0.668184
-4.16937 0.730472 1.11022e-16 -0.365236 0.632607 -0.365236 -0.632607
-4.13957 0.731038 -2.07412e-16 -0.365519 0.633097 -0.365519 -0.633097
-4.13467 0.773819 -3.95517e-16 -0.386909 0.670147 -0.386909 -0.670147
-4.10535 0.732258 7.95185e-17 -0.366129 0.634154 -0.366129 -0.634154
-4.08925 0.776475 2.08167e-16 -0.388238 0.672447 -0.388238 -0.672447
-4.08286 0.692117 1.92391e-16 -0.346059 0.599391 -0.346059 -0.599391
-4.06736 0.734057 -2.03883e-16 -0.367028 0.635712 -0.367028 -0.635712
-4.06195 0.690565 -2.98372e-16 -0.345282 0.598046 -0.345282 -0.598046
-4.03409 0.690682 4.44561e-17 -0.345341 0.598148 -0.345341 -0.598148
-4.02598 0.736399 5.54893e-17 -0.3682 0.637741 -0.3682 -0.637741
-4.00149 0.691551 1.8735e-16 -0.345775 0.598901 -0.345775 -0.598901
-3.9815 0.739292 1.54423e-16 -0.369646 0.640245 -0.369646 -0.640245
-3.97975 0.649533 1.73422e-16 -0.324767 0.562512 -0.324767 -0.562512
-3.96487 0.693093 -3.12469e-15 -0.346547 0.600236 -0.346547 -0.600236
-3.9623 0.646094 2.70783e-15 -0.323047 0.559534 -0.323047 -0.559534
-3.93647 0.645503 -1.3676e-16 -0.322752 0.559022 -0.322752 -0.559022
-3.93415 0.742702 2.01228e-16 -0.371351 0.643199 -0.371351 -0.643199
-3.9247 0.695066 7.01711e-16 -0.347533 0.601944 -0.347533 -0.601944
-3.90563 0.645511 -1.08003e-16 -0.322756 0.559029 -0.322756 -0.559029
-3.88503 0.599952 2.33521e-16 -0.299976 0.519574 -0.299976 -0.519574
-3.8813 0.696598 -6.54173e-16 -0.348299 0.603272 -0.348299 -0.603272
-3.87157 0.591539 1.97343e-16 -0.295769 0.512288 -0.295769 -0.512288
-3.87054 0.645598 -7.28256e-16 -0.322799 0.559104 -0.322799 -0.559104
-3.84831 0.59043 -2.7639e-16 -0.295215 0.511328 -0.295215 -0.511328
-3.83513 0.688383 3.46945e-16 -0.344192 0.596157 -0.344192 -0.596157
-3.83154 0.654326 1.04011e-16 -0.327163 0.566663 -0.327163 -0.566663
-3.81863 0.584419 1.23954e-15 -0.29221 0.506122 -0.29221 -0.506122
-3.80397 0.448809 -1.19349e-15 -0.224405 0.38868 -0.224405 -0.38868
-3.79192 -0.156989 -1.25579e-14 0.0784944 0.135956 0.0784944 -0.135956
-3.79192 0.593908 -1.27332e-15 -0.296954 0.51434 -0.296954 -0.51434
-3.78456 0.462307 -4.99708e-15 -0.231153 0.40037 -0.231153 -0.40037
-3.78456 0.585059 -4.5737e-15 -0.29253 0.506676 -0.29253 -0.506676
-3.77405 0.444522 3.35864e-16 -0.222261 0.384968 -0.222261 -0.384968
-3.75194 0.391509 2.15314e-15 -0.195755 0.339057 -0.195755 -0.339057
-3.74255 0.386857 -1.26863e-15 -0.193428 0.335028 -0.193428 -0.335028
-3.74212 -0.195492 9.09073e-17 0.0977459 0.169301 0.0977459 -0.169301
-3.73753 0.369307 -2.0197e-15 -0.184654 0.319829 -0.184654 -0.319829
-3.72421 0.275431 -1.41874e-15 -0.137716 0.23853 -0.137716 -0.23853
-3.71318 -0.200356 -4.02282e-15 0.100178 0.173513 0.100178 -0.173513
-3.70729 0.45154 7.61752e-16 -0.22577 0.391045 -0.22577 -0.391045
-3.69898 0.204876 9.88272e-15 -0.102438 0.177428 -0.102438 -0.177428
-3.69328 0.651984 7.76062e-16 -0.325992 0.564635 -0.325992 -0.564635
-3.69328 0.0965589 8.74067e-15 -0.0482794 0.0836224 -0.0482794 -0.0836224
-3.67433 -0.23845 -6.31072e-15 0.119225 0.206504 0.119225 -0.206504
-3.66813 -0.102185 -1.44329e-14 0.0510926 0.088495 0.0510926 -0.088495
-3.65735 0.572039 5.53064e-18 -0.28602 0.495401 -0.28602 -0.495401
-3.64448 0.0986019 1.92262e-15 -0.0493009 0.0853917 -0.0493009 -0.0853917
-3.64212 -0.0877564 1.4333e-13 0.0438782 0.0759993 0.0438782 -0.0759993
-3.64212 0.667877 2.5327e-15 -0.333938 0.578398 -0.333938 -0.578398
-3.63278 -0.134946 -1.29822e-14 0.0674731 0.116867 0.0674731 -0.116867
-3.63047 0.160868 5.9848e-16 -0.0804339 0.139316 -0.0804339 -0.139316
-3.63047 0.124317 -6.36383e-15 -0.0621587 0.107662 -0.0621587 -0.107662
-3.61095 0.61016 -2.23602e-16 -0.30508 0.528414 -0.30508 -0.528414
-3.60619 -0.0879949 5.89188e-15 0.0439975 0.0762058 0.0439975 -0.0762058
-3.58815 0.166202 -4.62666e-15 -0.0831012 0.143936 -0.0831012 -0.143936
-3.58815 0.333126 6.48787e-16 -0.166563 0.288495 -0.166563 -0.288495
-3.58485 -0.027786 4.64906e-16 0.013893 0.0240634 0.013893 -0.0240634
-3.57097 0.0392805 5.40887e-16 -0.0196403 0.0340179 -0.0196403 -0.0340179
-3.56015 -0.0231494 5.11429e-14 0.0115747 0.020048 0.0115747 -0.020048
-3.56015 0.620015 -5.7792e-17 -0.310007 0.536948 -0.310007 -0.536948
-3.56015 -0.00782044 -1.20572e-14 0.00391022 0.0067727 0.00391022 -0.0067727
-3.5437 0.16673 -3.77679e-17 -0.0833648 0.144392 -0.0833648 -0.144392
-3.5417 0.476897 -1.69256e-15 -0.238448 0.413004 -0.238448 -0.413004
-3.5417 -0.165814 -1.04091e-14 0.082907 0.143599 0.082907 -0.143599
-3.52319 -0.133976 -1.47105e-15 0.0669882 0.116027 0.0669882 -0.116027
-3.50622 0.00841226 -2.2437e-13 -0.00420613 0.00728523 -0.00420613 -0.00728523
-3.50622 0.629553 -2.46689e-16 -0.314776 0.545209 -0.314776 -0.545209
-3.49982 -0.0978382 -1.11901e-14 0.0489191 0.0847303 0.0489191 -0.0847303
-3.48935 0.102321 2.34838e-15 -0.0511606 0.0886127 -0.0511606 -0.0886127
-3.48935 0.526918 -1.06097e-15 -0.263459 0.456324 -0.263459 -0.456324
-3.48935 -0.128308 -1.82319e-15 0.0641542 0.111118 0.0641542 -0.111118
-3.47989 0.0172805 3.67241e-15 -0.00864025 0.0149654 -0.00864025 -0.0149654
-3.47989 0.168844 6.245e-16 -0.0844219 0.146223 -0.0844219 -0.146223
-3.46071 0.166884 2.68418e-16 -0.0834419 0.144526 -0.0834419 -0.144526
-3.45201 -0.025241 -9.67759e-16 0.0126205 0.0218593 0.0126205 -0.0218593
-3.44815 0.0630806 -9.94052e-16 -0.0315403 0.0546294 -0.0315403 -0.0546294
-3.43553 0.559768 1.70709e-15 -0.279884 0.484773 -0.279884 -0.484773
-3.43149 0.125668 -4.02077e-15 -0.0628342 0.108832 -0.0628342 -0.108832
-3.43149 -0.0910914 3.28832e-15 0.0455457 0.0788874 0.0455457 -0.0788874
-3.42213 0.14523 5.4759e-15 -0.0726151 0.125773 -0.0726151 -0.125773
-3.42213 -0.0548273 4.97866e-15 0.0274137 0.0474819 0.0274137 -0.0474819
-3.40163 -0.00411056 -1.50015e-14 0.00205528 0.00355985 0.00205528 -0.00355985
-3.40163 -0.119125 -2.86229e-16 0.0595623 0.103165 0.0595623 -0.103165
-3.40163 -0.0157569 -3.7027e-14 0.00787843 0.0136458 0.00787843 -0.0136458
-3.38531 0.087254 -2.93515e-15 -0.043627 0.0755642 -0.043627 -0.0755642
-3.3781 -0.166463 -1.16169e-13 0.0832314 0.144161 0.0832314 -0.144161
-3.3781 0.553903 -1.38356e-14 -0.276952 0.479694 -0.276952 -0.479694
-3.37199 -0.0321082 7.65591e-14 0.0160541 0.0278065 0.0160541 -0.0278065
-3.36018 0.023338 -3.18231e-14 -0.011669 0.0202113 -0.011669 -0.0202113
-3.35226 0.0250975 1.37882e-14 -0.0125488 0.0217351 -0.0125488 -0.0217351
-3.34426 -0.142525 -5.04458e-15 0.0712625 0.12343 0.0712625 -0.12343
-3.34074 -0.000887973 -3.37541e-14 0.000443987 0.000769007 0.000443987 -0.000769007
-3.32203 0.156655 -2.84952e-15 -0.0783274 0.135667 -0.0783274 -0.135667
-3.32203 -0.0786472 -4.9769e-15 0.0393236 0.0681105 0.0393236 -0.0681105
-3.32203 0.271422 9.53371e-17 -0.135711 0.235059 -0.135711 -0.235059
-3.31432 0.0676906 6.40345e-15 -0.0338453 0.0586218 -0.0338453 -0.0586218
-3.30959 -0.052443 4.26911e-14 0.0262215 0.0454169 0.0262215 -0.0454169
-3.29737 0.0117711 -6.572e-14 -0.00588553 0.010194 -0.00588553 -0.010194
-3.29348 -0.0288544 2.87975e-14 0.0144272 0.0249887 0.0144272 -0.0249887
-3.28559 -0.00520989 4.25793e-15 0.00260495 0.0045119 0.00260495 -0.0045119
-3.27533 0.0329267 8.55236e-14 -0.0164633 0.0285153 -0.0164633 -0.0285153
-3.2663 0.0364117 1.25463e-14 -0.0182059 0.0315335 -0.0182059 -0.0315335
-3.2663 0.0409539 1.48666e-15 -0.0204769 0.0354671 -0.0204769 -0.0354671
-3.25799 0.4209 -4.30211e-16 -0.21045 0.36451 -0.21045 -0.36451
-3.25799 0.056072 2.7108e-15 -0.028036 0.0485597 -0.028036 -0.0485597
-3.24156 -0.142186 1.03533e-15 0.0710929 0.123137 0.0710929 -0.123137
-3.24156 0.0365003 2.55004e-15 -0.0182502 0.0316102 -0.0182502 -0.0316102
-3.24156 -0.0593253 1.88449e-15 0.0296626 0.0513772 0.0296626 -0.0513772
-3.23018 -0.0128018 1.15043e-14 0.00640089 0.0110867 0.00640089 -0.0110867
-3.22711 0.159623 -5.29543e-15 -0.0798113 0.138237 -0.0798113 -0.138237
-3.21334 -0.02647 3.80186e-15 0.013235 0.0229237 0.013235 -0.0229237
-3.20632 0.120072 -4.34323e-14 -0.0600361 0.103986 -0.0600361 -0.103986
-3.2028 0.139708 2.51882e-15 -0.0698541 0.120991 -0.0698541 -0.120991
-3.18702 -0.139169 7.4023e-16 0.0695843 0.120524 0.0695843 -0.120524
-3.18702 -0.054655 1.10987e-15 0.0273275 0.0473326 0.0273275 -0.0473326
-3.17989 0.0595579 -3.29277e-16 -0.0297789 0.0515787 -0.0297789 -0.0515787
-3.17989 -0.0548625 2.33255e-15 0.0274313 0.0475124 0.0274313 -0.0475124
-3.16217 0.0118296 2.36111e-14 -0.00591482 0.0102448 -0.00591482 -0.0102448
-3.16129 0.0744712 2.33326e-15 -0.0372356 0.064494 -0.0372356 -0.064494
-3.15362 -0.0311303 -2.02095e-16 0.0155652 0.0269597 0.0155652 -0.0269597
-3.1531 -0.132464 9.81028e-15 0.0662318 0.114717 0.0662318 -0.114717
-3.1531 0.0558401 8.00922e-15 -0.02792 0.0483589 -0.02792 -0.0483589
-3.14074 0.110325 9.1717e-15 -0.0551624 0.0955441 -0.0551624 -0.0955441
-3.13313 0.0405401 6.42531e-15 -0.02027 0.0351087 -0.02027 -0.0351087
-3.12327 0.125812 2.37535e-15 -0.0629058 0.108956 -0.0629058 -0.108956
-3.11865 0.0706758 8.97873e-15 -0.0353379 0.061207 -0.0353379 -0.061207
-3.10927 0.097957 2.56091e-14 -0.0489785 0.0848332 -0.0489785 -0.0848332
-3.10927 -0.0607823 -9.50628e-16 0.0303911 0.052639 0.0303911 -0.052639
-3.0947 0.117663 -7.88208e-15 -0.0588313 0.101899 -0.0588313 -0.101899
-3.08638 0.0167529 1.95396e-13 -0.00837646 0.0145085 -0.00837646 -0.0145085
-3.08638 0.0892309 4.00374e-15 -0.0446154 0.0772762 -0.0446154 -0.0772762
-3.08638 -0.0124333 2.09923e-15 0.00621664 0.0107675 0.00621664 -0.0107675
-3.07435 0.122828 -3.86843e-15 -0.0614141 0.106372 -0.0614141 -0.106372
-3.07435 -0.0753002 -1.08455e-14 0.0376501 0.0652119 0.0376501 -0.0652119
-3.06478 0.0699684 1.18898e-13 -0.0349842 0.0605944 -0.0349842 -0.0605944
-3.06478 -0.075576 8.37221e-14 0.037788 0.0654508 0.037788 -0.0654508
-3.0511 -0.101543 -8.23996e-17 0.0507716 0.0879389 0.0507716 -0.0879389
-3.04168 0.100903 9.16815e-15 -0.0504514 0.0873844 -0.0504514 -0.0873844
-3.03821 -0.0706494 4.9779e-15 0.0353247 0.0611842 0.0353247 -0.0611842
-3.0255 -0.145585 -3.84415e-15 0.0727926 0.126081 0.0727926 -0.126081
-3.0255 0.0329982 -1.49793e-15 -0.0164991 0.0285773 -0.0164991 -0.0285773
-3.01695 -0.0270681 -6.08483e-16 0.013534 0.0234417 0.013534 -0.0234417
-3.01695 0.029409 2.94643e-15 -0.0147045 0.0254689 -0.0147045 -0.0254689
-3.00699 0.0670953 4.87804e-15 -0.0335476 0.0581062 -0.0335476 -0.0581062
-2.99946 -0.0676769 2.321e-15 0.0338384 0.0586099 0.0338384 -0.0586099
-2.99946 0.0410094 -2.10075e-15 -0.0205047 0.0355151 -0.0205047 -0.0355151
-2.97945 -0.141329 6.4497e-15 0.0706644 0.122394 0.0706644 -0.122394
-2.97854 0.0277135 3.42674e-15 -0.0138568 0.0240006 -0.0138568 -0.0240006
-2.97313 0.0798154 -3.20924e-15 -0.0399077 0.0691221 -0.0399077 -0.0691221
-2.96953 0.0464812 3.12674e-15 -0.0232406 0.0402539 -0.0232406 -0.0402539
-2.95939 0.0614116 -2.80881e-15 -0.0307058 0.053184 -0.0307058 -0.053184
-2.95435 0.0164892 1.43288e-15 -0.00824458 0.01428 -0.00824458 -0.01428
-2.94813 0.003611 3.37282e-15 -0.0018055 0.00312722 -0.0018055 -0.00312722
-2.94078 -0.0293288 -1.53254e-14 0.0146644 0.0253995 0.0146644 -0.0253995
-2.93417 -0.020551 -2.72724e-16 0.0102755 0.0177977 0.0102755 -0.0177977
-2.93417 0.0182682 -3.53159e-14 -0.00913411 0.0158207 -0.00913411 -0.0158207
-2.92788 0.0788701 -3.56919e-15 -0.0394351 0.0683035 -0.0394351 -0.0683035
-2.91684 0.00229872 8.7766e-15 -0.00114936 0.00199075 -0.00114936 -0.00199075
-2.91654 0.0999537 -5.39461e-15 -0.0499768 0.0865624 -0.0499768 -0.0865624
-2.90179 0.0609083 -1.43063e-14 -0.0304541 0.0527481 -0.0304541 -0.0527481
-2.90136 -0.0957719 -2.49359e-14 0.0478859 0.0829409 0.0478859 -0.0829409
-2.89548 -0.0778454 4.9509e-15 0.0389227 0.0674161 0.0389227 -0.0674161
-2.8913 -0.0861311 2.59231e-16 0.0430655 0.0745917 0.0430655 -0.0745917
-2.88112 0.0757271 -6.83481e-16 -0.0378635 0.0655816 -0.0378635 -0.0655816
-2.87452 -0.027588 -1.73251e-14 0.013794 0.0238919 0.013794 -0.0238919
-2.87452 0.0179959 5.82867e-15 -0.00899796 0.0155849 -0.00899796 -0.0155849
-2.85374 -0.0777995 -4.6612e-15 0.0388997 0.0673763 0.0388997 -0.0673763
-2.85374 -0.0481503 -7.85617e-15 0.0240752 0.0416994 0.0240752 -0.0416994
-2.85374 -0.0628738 8.67393e-15 0.0314369 0.0544503 0.0314369 -0.0544503
-2.84795 0.0402878 1.57348e-14 -0.0201439 0.0348903 -0.0201439 -0.0348903
-2.83625 0.0419559 1.15966e-15 -0.020978 0.0363349 -0.020978 -0.0363349
-2.82718 0.0175561 -2.66779e-15 -0.00877806 0.015204 -0.00877806 -0.015204
-2.82718 0.0429952 1.26635e-16 -0.0214976 0.0372349 -0.0214976 -0.0372349
-2.82144 0.0495865 -4.23793e-15 -0.0247933 0.0429432 -0.0247933 -0.0429432
-2.82144 0.100595 2.02014e-15 -0.0502974 0.0871177 -0.0502974 -0.0871177
-2.81203 0.0318492 -1.35005e-14 -0.0159246 0.0275822 -0.0159246 -0.0275822
-2.80064 -0.076451 -2.95934e-15 0.0382255 0.0662085 0.0382255 -0.0662085
-2.798 0.0188788 9.38751e-16 -0.0094394 0.0163495 -0.0094394 -0.0163495
-2.78799 0.0220899 -7.16966e-16 -0.011045 0.0191305 -0.011045 -0.0191305
-2.78799 -0.0224862 -9.84911e-15 0.0112431 0.0194736 0.0112431 -0.0194736
-2.78314 -0.0498707 5.92383e-15 0.0249354 0.0431893 0.0249354 -0.0431893
-2.77157 0.119546 -1.07423e-15 -0.0597732 0.10353 -0.0597732 -0.10353
-2.76535 0.0132607 -8.40094e-15 -0.00663034 0.0114841 -0.00663034 -0.0114841
-2.75999 0.083868 -2.03396e-15 -0.041934 0.0726318 -0.041934 -0.0726318
-2.75999 -0.0900837 -2.83095e-16 0.0450419 0.0780148 0.0450419 -0.0780148
-2.75032 -0.0111313 -4.59116e-15 0.00556565 0.00963999 0.00556565 -0.00963999
-2.747 0.0702485 6.30241e-15 -0.0351243 0.060837 -0.0351243 -0.060837
-2.73258 0.0977246 -4.31719e-15 -0.0488623 0.084632 -0.0488623 -0.084632
-2.72847 0.0289192 6.32307e-16 -0.0144596 0.0250448 -0.0144596 -0.0250448
-2.72509 0.108259 6.824e-16 -0.0541297 0.0937554 -0.0541297 -0.0937554
-2.71609 -0.0507338 2.97304e-15 0.0253669 0.0439367 0.0253669 -0.0439367
-2.71189 -0.0773591 3.16587e-15 0.0386796 0.066995 0.0386796 -0.066995
-2.71189 0.158557 -8.86883e-16 -0.0792785 0.137314 -0.0792785 -0.137314
-2.69698 0.0342396 5.48233e-14 -0.0171198 0.0296524 -0.0171198 -0.0296524
-2.69611 0.0710213 9.68756e-15 -0.0355106 0.0615062 -0.0355106 -0.0615062
-2.69611 0.0144272 -3.17138e-14 -0.00721362 0.0124944 -0.00721362 -0.0124944
-2.68228 -0.0014928 4.1267e-15 0.000746399 0.0012928 0.000746399 -0.0012928
-2.6762 0.0791914 -2.92729e-15 -0.0395957 0.0685818 -0.0395957 -0.0685818
-2.6762 0.0211277 -1.14039e-15 -0.0105639 0.0182972 -0.0105639 -0.0182972
-2.66689 0.0716141 1.18604e-14 -0.035807 0.0620196 -0.035807 -0.0620196
-2.66689 0.0797475 7.00592e-15 -0.0398738 0.0690634 -0.0398738 -0.0690634
-2.6505 0.0666388 -1.59248e-15 -0.0333194 0.0577109 -0.0333194 -0.0577109
-2.6505 -0.0243833 2.50474e-15 0.0121917 0.0211166 0.0121917 -0.0211166
-2.64423 0.0760211 2.41828e-16 -0.0380105 0.0658362 -0.0380105 -0.0658362
-2.6389 -0.0453347 6.25828e-16 0.0226673 0.039261 0.0226673 -0.039261
-2.63187 -0.041264 -4.79575e-15 0.020632 0.0357357 0.020632 -0.0357357
-2.62483 0.0538235 -5.8638e-15 -0.0269118 0.0466125 -0.0269118 -0.0466125
-2.61877 0.111871 -7.12104e-16 -0.0559356 0.0968832 -0.0559356 -0.0968832
-2.60955 -0.0915494 -3.26735e-15 0.0457747 0.0792841 0.0457747 -0.0792841
-2.60864 0.0459595 -2.96985e-15 -0.0229798 0.0398021 -0.0229798 -0.0398021
-2.59327 -0.0261034 -1.24605e-15 0.0130517 0.0226062 0.0130517 -0.0226062
-2.59327 0.0555711 6.75241e-15 -0.0277855 0.048126 -0.0277855 -0.048126
-2.59042 -0.0730617 1.62203e-15 0.0365308 0.0632733 0.0365308 -0.0632733
-2.58167 0.0584581 -3.41136e-15 -0.029229 0.0506262 -0.029229 -0.0506262
-2.58167 -0.089189 1.77843e-15 0.0445945 0.0772399 0.0445945 -0.0772399
-2.57633 -0.0345983 -1.58901e-15 0.0172991 0.029963 0.0172991 -0.029963
-2.55891 -0.0761521 6.29163e-16 0.0380761 0.0659497 0.0380761 -0.0659497
-2.55891 -0.0383585 2.43555e-14 0.0191792 0.0332194 0.0191792 -0.0332194
-2.55643 -0.120648 -4.83834e-15 0.0603242 0.104485 0.0603242 -0.104485
-2.55138 0.0343781 -7.6008e-15 -0.0171891 0.0297723 -0.0171891 -0.0297723
-2.54355 0.0761916 -1.83481e-16 -0.0380958 0.0659838 -0.0380958 -0.0659838
-2.53771 0.0403018 4.03705e-15 -0.0201509 0.0349024 -0.0201509 -0.0349024
-2.53092 -0.0549929 9.39694e-15 0.0274965 0.0476253 0.0274965 -0.0476253
-2.53092 -0.0763082 -1.16348e-14 0.0381541 0.0660848 0.0381541 -0.0660848
-2.52069 -0.0623054 -4.9483e-15 0.0311527 0.0539581 0.0311527 -0.0539581
-2.51733 0.0265433 -2.44324e-15 -0.0132716 0.0229872 -0.0132716 -0.0229872
-2.5054 -0.0501474 1.71762e-15 0.0250737 0.0434289 0.0250737 -0.0434289
-2.50188 -0.00794313 -1.09365e-14 0.00397157 0.00687895 0.00397157 -0.00687895
-2.50115 -0.0243651 1.20998e-14 0.0121826 0.0211008 0.0121826 -0.0211008
-2.48888 -0.108535 -1.88617e-15 0.0542673 0.0939937 0.0542673 -0.0939937
-2.48411 -0.122518 7.7255e-15 0.0612588 0.106103 0.0612588 -0.106103
-2.47929 -0.119338 -5.46008e-15 0.0596692 0.10335 0.0596692 -0.10335
-2.47665 -0.0509304 -5.18379e-15 0.0254652 0.044107 0.0254652 -0.044107
-2.47665 0.0206441 -2.22536e-15 -0.0103221 0.0178783 -0.0103221 -0.0178783
-2.4609 0.0726843 3.61339e-15 -0.0363422 0.0629465 -0.0363422 -0.0629465
-2.45939 -0.0209786 -5.18953e-14 0.0104893 0.018168 0.0104893 -0.018168
-2.45235 -0.0315464 -1.4326e-15 0.0157732 0.02732 0.0157732 -0.02732
-2.44943 -0.0420852 -1.53696e-15 0.0210426 0.0364468 0.0210426 -0.0364468
-2.4371 0.0588602 -8.13979e-15 -0.0294301 0.0509744 -0.0294301 -0.0509744
-2.4371 0.0858237 -2.26979e-15 -0.0429119 0.0743255 -0.0429119 -0.0743255
-2.42671 0.0385953 2.49109e-15 -0.0192977 0.0334246 -0.0192977 -0.0334246
-2.41712 -0.185468 -5.54358e-15 0.0927338 0.16062 0.0927338 -0.16062
-2.41712 -0.0755551 2.5431e-15 0.0377775 0.0654326 0.0377775 -0.0654326
-2.41043 0.0760154 -4.23106e-15 -0.0380077 0.0658312 -0.0380077 -0.0658312
-2.40295 0.0797571 8.4069e-16 -0.0398786 0.0690717 -0.0398786 -0.0690717
-2.40244 0.078378 -5.7735e-15 -0.039189 0.0678773 -0.039189 -0.0678773
-2.39147 0.0843702 -1.3006e-15 -0.0421851 0.0730667 -0.0421851 -0.0730667
-2.38719 0.0347933 -1.29272e-14 -0.0173966 0.0301319 -0.0173966 -0.0301319
-2.38719 0.0886658 5.62481e-15 -0.0443329 0.0767868 -0.0443329 -0.0767868
-2.37297 0.0323154 -1.79588e-14 -0.0161577 0.027986 -0.0161577 -0.027986
-2.37297 0.0246125 -4.9342e-15 -0.0123063 0.0213151 -0.0123063 -0.0213151
-2.36645 0.050411 1.61071e-14 -0.0252055 0.0436572 -0.0252055 -0.0436572
-2.35453 -0.129308 -3.28015e-15 0.0646541 0.111984 0.0646541 -0.111984
-2.35453 -0.176966 9.23361e-16 0.0884829 0.153257 0.0884829 -0.153257
-2.34753 0.132153 -5.58059e-15 -0.0660767 0.114448 -0.0660767 -0.114448
-2.34753 -0.0447933 -2.92502e-15 0.0223966 0.0387921 0.0223966 -0.0387921
-2.33841 -0.134284 -6.03998e-16 0.0671418 0.116293 0.0671418 -0.116293
-2.32994 -0.0736848 -1.18655e-15 0.0368424 0.0638129 0.0368424 -0.0638129
-2.32395 0.0286586 8.74646e-15 -0.0143293 0.0248191 -0.0143293 -0.0248191
-2.319 0.0390121 -4.92169e-16 -0.019506 0.0337855 -0.019506 -0.0337855
-2.319 0.016948 3.64427e-15 -0.00847402 0.0146774 -0.00847402 -0.0146774
-2.30543 -0.0321514 -2.29317e-15 0.0160757 0.0278439 0.0160757 -0.0278439
-2.30155 -0.081913 1.73545e-15 0.0409565 0.0709387 0.0409565 -0.0709387
-2.29593 0.122137 -8.48195e-15 -0.0610687 0.105774 -0.0610687 -0.105774
-2.29258 0.0356511 -1.15684e-15 -0.0178255 0.0308747 -0.0178255 -0.0308747
-2.29258 0.0460659 2.77672e-15 -0.0230329 0.0398942 -0.0230329 -0.0398942
-2.27648 0.0720097 9.00463e-15 -0.0360048 0.0623622 -0.0360048 -0.0623622
-2.27648 -0.0523628 -2.30044e-15 0.0261814 0.0453475 0.0261814 -0.0453475
-2.27202 0.0678824 -1.6263e-15 -0.0339412 0.0587879 -0.0339412 -0.0587879
-2.26273 -0.175003 1.65326e-15 0.0875016 0.151557 0.0875016 -0.151557
-2.26259 -0.134302 1.35982e-15 0.0671512 0.116309 0.0671512 -0.116309
-2.25279 0.0551511 -7.06871e-15 -0.0275756 0.0477623 -0.0275756 -0.0477623
-2.2415 0.0591543 4.39685e-14 -0.0295771 0.0512291 -0.0295771 -0.0512291
-2.2415 -0.118317 -1.72293e-14 0.0591583 0.102465 0.0591583 -0.102465
-2.23548 -0.0293069 -1.7349e-14 0.0146534 0.0253805 0.0146534 -0.0253805
-2.23144 -0.17666 9.22973e-16 0.0883301 0.152992 0.0883301 -0.152992
-2.22797 0.030154 1.01629e-14 -0.015077 0.0261141 -0.015077 -0.0261141
-2.22073 0.0762651 -1.99016e-14 -0.0381325 0.0660475 -0.0381325 -0.0660475
-2.21377 0.0466056 -3.2696e-17 -0.0233028 0.0403616 -0.0233028 -0.0403616
-2.20874 0.0235741 1.86982e-15 -0.0117871 0.0204158 -0.0117871 -0.0204158
-2.19747 0.120168 -2.61727e-14 -0.060084 0.104069 -0.060084 -0.104069
-2.19168 0.0990358 -1.04657e-14 -0.0495179 0.0857675 -0.0495179 -0.0857675
-2.19168 -0.0626077 8.24142e-15 0.0313038 0.0542198 0.0313038 -0.0542198
-2.18148 -0.0732391 4.07527e-14 0.0366195 0.0634269 0.0366195 -0.0634269
-2.18148 0.00740602 1.63883e-14 -0.00370301 0.0064138 -0.00370301 -0.0064138
-2.18148 0.0579957 1.53066e-14 -0.0289978 0.0502257 -0.0289978 -0.0502257
-2.16617 0.148895 2.65714e-14 -0.0744473 0.128946 -0.0744473 -0.128946
-2.16324 -0.13767 4.52888e-14 0.0688349 0.119226 0.0688349 -0.119226
-2.15475 0.0707297 -1.44047e-15 -0.0353648 0.0612537 -0.0353648 -0.0612537
-2.15438 -0.0999319 -1.36351e-15 0.0499659 0.0865436 0.0499659 -0.0865436
-2.14399 -0.0063335 5.53241e-15 0.00316675 0.00548497 0.00316675 -0.00548497
-2.14399 0.10691 6.68436e-15 -0.0534551 0.092587 -0.0534551 -0.092587
-2.13509 0.0311818 1.85529e-15 -0.0155909 0.0270042 -0.0155909 -0.0270042
-2.13349 -0.138912 -4.99468e-16 0.0694559 0.120301 0.0694559 -0.120301
-2.125 0.0421332 -7.17221e-15 -0.0210666 0.0364885 -0.0210666 -0.0364885
-2.11447 -0.244085 -2.07298e-15 0.122043 0.211384 0.122043 -0.211384
-2.11447 0.111395 -1.24033e-15 -0.0556976 0.0964711 -0.0556976 -0.0964711
-2.11447 0.035869 7.0605e-15 -0.0179345 0.0310635 -0.0179345 -0.0310635
-2.10306 0.0813184 4.05058e-16 -0.0406592 0.0704238 -0.0406592 -0.0704238
-2.09831 -0.217649 7.39186e-16 0.108824 0.188489 0.108824 -0.188489
-2.09422 0.0810724 -1.42247e-16 -0.0405362 0.0702107 -0.0405362 -0.0702107
-2.08732 -0.0660944 1.61937e-15 0.0330472 0.0572394 0.0330472 -0.0572394
-2.08463 0.0579708 1.55271e-14 -0.0289854 0.0502041 -0.0289854 -0.0502041
-2.07392 -0.0374397 3.7537e-16 0.0187199 0.0324238 0.0187199 -0.0324238
-2.06908 0.0901601 4.24787e-15 -0.0450801 0.0780809 -0.0450801 -0.0780809
-2.05982 -0.181215 -4.51586e-16 0.0906075 0.156937 0.0906075 -0.156937
-2.05982 -0.181238 3.67992e-15 0.0906189 0.156957 0.0906189 -0.156957
-2.05319 0.0390861 3.84981e-15 -0.0195431 0.0338496 -0.0195431 -0.0338496
-2.04274 0.114902 -8.43197e-16 -0.0574509 0.0995079 -0.0574509 -0.0995079
-2.04274 -0.210385 1.31248e-17 0.105193 0.182199 0.105193 -0.182199
-2.03586 0.057225 -1.38778e-16 -0.0286125 0.0495583 -0.0286125 -0.0495583
-2.02956 -0.30981 -2.75777e-15 0.154905 0.268303 0.154905 -0.268303
-2.02956 -0.0267479 -9.49208e-15 0.0133739 0.0231644 0.0133739 -0.0231644
-2.02092 0.048532 5.83431e-15 -0.024266 0.04203 -0.024266 -0.04203
-2.02092 -0.145776 3.26938e-16 0.0728879 0.126246 0.0728879 -0.126246
-2.01131 -0.0340644 1.48093e-14 0.0170322 0.0295006 0.0170322 -0.0295006
-2.00799 0.0703672 -5.68307e-16 -0.0351836 0.0609398 -0.0351836 -0.0609398
-1.99485 0.0869121 -4.86488e-15 -0.0434561 0.0752681 -0.0434561 -0.0752681
-1.98798 0.110001 8.37907e-15 -0.0550005 0.0952637 -0.0550005 -0.0952637
-1.98798 -0.330331 5.73692e-16 0.165166 0.286075 0.165166 -0.286075
-1.98184 0.0650915 -2.11931e-15 -0.0325457 0.0563709 -0.0325457 -0.0563709
-1.97424 0.0457563 6.70256e-15 -0.0228782 0.0396261 -0.0228782 -0.0396261
-1.964 -0.111621 2.78787e-14 0.0558104 0.0966664 0.0558104 -0.0966664
-1.964 0.0358435 3.50761e-15 -0.0179217 0.0310414 -0.0179217 -0.0310414
-1.96056 0.116859 1.55334e-13 -0.0584296 0.101203 -0.0584296 -0.101203
-1.96056 -0.272599 4.1453e-14 0.1363 0.236078 0.1363 -0.236078
-1.94555 0.0226514 8.75066e-15 -0.0113257 0.0196167 -0.0113257 -0.0196167
-1.94416 0.0657097 -2.35512e-14 -0.0328548 0.0569062 -0.0328548 -0.0569062
-1.93897 -0.258845 -5.14866e-15 0.129423 0.224167 0.129423 -0.224167
-1.9351 -0.0381835 1.12605e-14 0.0190918 0.0330679 0.0190918 -0.0330679
-1.9264 -0.0924128 -8.69096e-16 0.0462064 0.0800318 0.0462064 -0.0800318
-1.91946 0.02634 -7.98673e-16 -0.01317 0.0228111 -0.01317 -0.0228111
-1.91946 -0.169337 5.51433e-15 0.0846686 0.14665 0.0846686 -0.14665
-1.91404 -0.349726 -5.41915e-15 0.174863 0.302872 0.174863 -0.302872
-1.90908 0.131824 -4.75899e-15 -0.0659122 0.114163 -0.0659122 -0.114163
-1.8915 -0.163683 -3.41205e-15 0.0818417 0.141754 0.0818417 -0.141754
-1.8915 0.066519 1.8931e-14 -0.0332595 0.0576071 -0.0332595 -0.0576071
-1.88928 -0.112251 -2.53791e-15 0.0561257 0.0972126 0.0561257 -0.0972126
-1.88697 -0.282075 1.36917e-15 0.141037 0.244284 0.141037 -0.244284
-1.88697 0.046014 1.84035e-14 -0.023007 0.0398493 -0.023007 -0.0398493
-1.87217 0.038024 -1.3215e-15 -0.019012 0.0329298 -0.019012 -0.0329298
-1.86387 -0.247457 -7.08407e-15 0.123728 0.214304 0.123728 -0.214304
-1.86387 0.1616 -3.19723e-14 -0.0807999 0.13995 -0.0807999 -0.13995
-1.86259 0.105009 6.24512e-15 -0.0525045 0.0909405 -0.0525045 -0.0909405
-1.8487 0.0722116 -5.29186e-15 -0.0361058 0.0625371 -0.0361058 -0.0625371
-1.84827 0.0897152 -5.5277e-15 -0.0448576 0.0776956 -0.0448576 -0.0776956
-1.8387 -0.135769 -2.52687e-15 0.0678844 0.117579 0.0678844 -0.117579
-1.8387 -0.34746 1.94499e-16 0.17373 0.300909 0.17373 -0.300909
-1.83644 -0.271171 -4.09468e-15 0.135586 0.234841 0.135586 -0.234841
-1.8281 0.0723716 -1.89311e-15 -0.0361858 0.0626757 -0.0361858 -0.0626757
-1.82743 0.0139024 3.09825e-15 -0.00695121 0.0120399 -0.00695121 -0.0120399
-1.81528 -0.357416 -1.45383e-15 0.178708 0.309531 0.178708 -0.309531
-1.81155 0.151133 6.21238e-15 -0.0755667 0.130885 -0.0755667 -0.130885
-1.80526 -0.185955 2.78423e-15 0.0929776 0.161042 0.0929776 -0.161042
-1.79822 0.0172633 -1.9221e-15 -0.00863167 0.0149505 -0.00863167 -0.0149505
-1.79757 0.0277456 5.81489e-15 -0.0138728 0.0240284 -0.0138728 -0.0240284
-1.78496 -0.394949 1.28691e-15 0.197474 0.342036 0.197474 -0.342036
-1.77959 0.0522282 -1.81765e-15 -0.0261141 0.045231 -0.0261141 -0.045231
-1.77959 0.0872489 -1.14492e-16 -0.0436245 0.0755598 -0.0436245 -0.0755598
-1.76946 -0.181306 -1.24206e-15 0.0906528 0.157015 0.0906528 -0.157015
-1.76205 -0.371766 2.72623e-15 0.185883 0.321959 0.185883 -0.321959
-1.76205 0.0887286 1.59249e-14 -0.0443643 0.0768412 -0.0443643 -0.0768412
-1.75215 -0.258251 -7.68785e-17 0.129126 0.223652 0.129126 -0.223652
-1.75215 -0.151037 -1.34876e-15 0.0755185 0.130802 0.0755185 -0.130802
-1.74013 0.0479644 1.05418e-15 -0.0239822 0.0415384 -0.0239822 -0.0415384
-1.74013 -0.381715 2.7825e-15 0.190857 0.330575 0.190857 -0.330575
-1.73732 -0.0923564 5.06696e-16 0.0461782 0.0799829 0.0461782 -0.0799829
-1.73039 0.124017 -1.77351e-14 -0.0620084 0.107402 -0.0620084 -0.107402
-1.7253 0.136901 2.10782e-14 -0.0684504 0.11856 -0.0684504 -0.11856
-1.72398 -0.115734 1.64675e-15 0.057867 0.100228 0.057867 -0.100228
-1.70859 -0.118856 1.78868e-15 0.059428 0.102932 0.059428 -0.102932
-1.70427 -0.38734 2.85524e-16 0.19367 0.335446 0.19367 -0.335446
-1.70427 -0.0612365 1.03073e-14 0.0306182 0.0530323 0.0306182 -0.0530323
-1.69719 -0.220877 7.31897e-16 0.110439 0.191285 0.110439 -0.191285
-1.69038 0.0353518 -9.46682e-15 -0.0176759 0.0306156 -0.0176759 -0.0306156
-1.69038 -0.169674 8.308e-16 0.0848371 0.146942 0.0848371 -0.146942
-1.68329 -0.399621 9.10278e-16 0.199811 0.346082 0.199811 -0.346082
-1.68329 0.0449668 -3.31569e-15 -0.0224834 0.0389424 -0.0224834 -0.0389424
-1.66842 -0.254067 -9.19403e-16 0.127033 0.220028 0.127033 -0.220028
-1.66842 0.0765464 -2.63123e-14 -0.0382732 0.0662911 -0.0382732 -0.0662911
-1.66361 -0.412901 -1.39869e-15 0.206451 0.357583 0.206451 -0.357583
-1.65272 -0.0774978 -7.07554e-15 0.0387489 0.067115 0.0387489 -0.067115
-1.65181 -0.191292 8.24621e-16 0.0956461 0.165664 0.0956461 -0.165664
-1.64362 -0.343262 -1.59506e-15 0.171631 0.297274 0.171631 -0.297274
-1.64158 -0.069124 5.39434e-15 0.034562 0.0598632 0.034562 -0.0598632
-1.64158 0.0776134 1.30207e-14 -0.0388067 0.0672151 -0.0388067 -0.0672151
-1.62214 0.00313474 4.33263e-13 -0.00156737 0.00271477 -0.00156737 -0.00271477
-1.62214 -0.419946 -1.68962e-15 0.209973 0.363684 0.209973 -0.363684
-1.61914 -0.246628 5.21507e-16 0.123314 0.213586 0.123314 -0.213586
-1.60956 0.0141836 -8.80714e-14 -0.0070918 0.0122834 -0.0070918 -0.0122834
-1.60956 0.116438 -1.21164e-14 -0.058219 0.100838 -0.058219 -0.100838
-1.60347 -0.363133 -2.40152e-15 0.181567 0.314483 0.181567 -0.314483
-1.60156 -0.149455 7.35689e-16 0.0747275 0.129432 0.0747275 -0.129432
-1.59429 -0.114321 9.47394e-16 0.0571604 0.0990047 0.0571604 -0.0990047
-1.58567 -0.326398 4.7783e-15 0.163199 0.282669 0.163199 -0.282669
-1.58561 -0.427999 -5.22265e-15 0.213999 0.370658 0.213999 -0.370658
-1.5827 0.126393 -3.70233e-15 -0.0631967 0.10946 -0.0631967 -0.10946
-1.56841 0.127288 9.95905e-15 -0.0636441 0.110235 -0.0636441 -0.110235
-1.56457 -0.255813 -1.31839e-16 0.127907 0.221541 0.127907 -0.221541
-1.55983 0.0532051 -5.14979e-15 -0.0266026 0.046077 -0.0266026 -0.046077
-1.55949 -0.145487 -3.42138e-16 0.0727434 0.125995 0.0727434 -0.125995
-1.55587 0.0131634 -2.07061e-15 -0.0065817 0.0113998 -0.0065817 -0.0113998
-1.55587 -0.0932944 -1.01339e-15 0.0466472 0.0807953 0.0466472 -0.0807953
-1.53833 -0.426074 -2.88908e-16 0.213037 0.368991 0.213037 -0.368991
-1.53123 -0.269262 1.39819e-15 0.134631 0.233188 0.134631 -0.233188
-1.52259 0.0493948 -6.68526e-15 -0.0246974 0.0427771 -0.0246974 -0.0427771
-1.52259 -0.259077 5.33695e-16 0.129538 0.224367 0.129538 -0.224367
-1.52084 -0.430954 -1.75278e-15 0.215477 0.373217 0.215477 -0.373217
-1.51492 0.0662893 9.34047e-16 -0.0331447 0.0574083 -0.0331447 -0.0574083
-1.50611 -0.444261 -1.11357e-15 0.22213 0.384741 0.22213 -0.384741
-1.50611 0.0101699 -8.40797e-15 -0.00508497 0.00880743 -0.00508497 -0.00880743
-1.50108 -0.358312 4.36674e-16 0.179156 0.310307 0.179156 -0.310307
-1.49516 0.111716 6.68258e-16 -0.0558578 0.0967486 -0.0558578 -0.0967486
-1.48013 0.092887 -4.23706e-15 -0.0464435 0.0804425 -0.0464435 -0.0804425
-1.48013 -0.280977 -2.34759e-16 0.140488 0.243333 0.140488 -0.243333
-1.47474 -0.388986 -4.4062e-16 0.194493 0.336872 0.194493 -0.336872
-1.47067 0.0583367 1.0727e-15 -0.0291683 0.050521 -0.0291683 -0.050521
-1.47067 -0.0937258 -1.48158e-15 0.0468629 0.0811689 0.0468629 -0.0811689
-1.45993 0.031738 1.79717e-15 -0.015869 0.027486 -0.015869 -0.027486
-1.45295 -0.428394 2.15106e-16 0.214197 0.371 0.214197 -0.371
-1.44875 -0.0993447 9.11366e-15 0.0496724 0.0860351 0.0496724 -0.0860351
-1.44255 -0.248488 2.7835e-15 0.124244 0.215196 0.124244 -0.215196
-1.43815 -0.273683 4.51028e-16 0.136842 0.237016 0.136842 -0.237016
-1.43647 -0.448445 -3.50414e-16 0.224223 0.388365 0.224223 -0.388365
-1.43647 0.0244765 -9.28157e-16 -0.0122382 0.0211972 -0.0122382 -0.0211972
-1.42525 -0.463735 5.34988e-16 0.231868 0.401606 0.231868 -0.401606
-1.41643 0.0199265 -1.70003e-16 -0.00996327 0.0172569 -0.00996327 -0.0172569
-1.41491 -0.352868 -8.74301e-16 0.176434 0.305593 0.176434 -0.305593
-1.41491 -0.0283311 -1.00515e-14 0.0141656 0.0245355 0.0141656 -0.0245355
-1.40764 -0.0723238 2.89377e-15 0.0361619 0.0626343 0.0361619 -0.0626343
-1.40764 0.0429941 5.00562e-15 -0.0214971 0.037234 -0.0214971 -0.037234
-1.39507 -0.305589 -3.08711e-16 0.152795 0.264648 0.152795 -0.264648
-1.38818 -0.375761 3.39507e-15 0.18788 0.325418 0.18788 -0.325418
-1.38818 -0.166426 1.72105e-14 0.0832131 0.144129 0.0832131 -0.144129
-1.38339 -0.0225744 3.47495e-16 0.0112872 0.01955 0.0112872 -0.01955
-1.36612 -0.00474285 -4.99988e-15 0.00237143 0.00410743 0.00237143 -0.00410743
-1.36612 -0.428016 -7.8296e-17 0.214008 0.370673 0.214008 -0.370673
-1.36464 -0.0803672 -3.08646e-15 0.0401836 0.0696 0.0401836 -0.0696
-1.36035 -0.303017 -3.20616e-16 0.151508 0.26242 0.151508 -0.26242
-1.35173 0.0628302 -1.16959e-13 -0.0314151 0.0544125 -0.0314151 -0.0544125
-1.34892 -0.437877 -5.37767e-16 0.218939 0.379213 0.218939 -0.379213
-1.34892 -0.0644597 -5.02948e-15 0.0322298 0.0558237 0.0322298 -0.0558237
-1.32972 -0.0462786 -4.14498e-15 0.0231393 0.0400785 0.0231393 -0.0400785
-1.32833 -0.36513 3.85109e-16 0.182565 0.316212 0.182565 -0.316212
-1.31933 -0.103663 2.29839e-15 0.0518313 0.0897745 0.0518313 -0.0897745
-1.31808 -0.0497522 1.6623e-15 0.0248761 0.0430867 0.0248761 -0.0430867
-1.31808 -0.155871 -1.96101e-15 0.0779353 0.134988 0.0779353 -0.134988
-1.30913 -0.316197 4.06764e-16 0.158098 0.273834 0.158098 -0.273834
-1.30073 -0.361825 -6.31773e-16 0.180913 0.31335 0.180913 -0.31335
-1.30073 -0.111267 9.20295e-16 0.0556335 0.0963601 0.0556335 -0.0963601
-1.29465 -0.0173931 -2.58907e-16 0.00869653 0.0150628 0.00869653 -0.0150628
-1.278 -0.427687 -5.7983e-16 0.213843 0.370387 0.213843 -0.370387
-1.27218 0.00972177 2.88506e-15 -0.00486088 0.0084193 -0.00486088 -0.0084193
-1.27218 -0.310263 6.1374e-16 0.155132 0.268696 0.155132 -0.268696
-1.26644 0.0413822 6.3248e-15 -0.0206911 0.0358381 -0.0206911 -0.0358381
-1.26644 0.0478355 9.46224e-15 -0.0239178 0.0414268 -0.0239178 -0.0414268
-1.26342 -0.242938 1.96059e-15 0.121469 0.21039 0.121469 -0.21039
-1.24028 0.0174525 1.26073e-14 -0.00872625 0.0151143 -0.00872625 -0.0151143
-1.24028 -0.378241 -3.95348e-17 0.18912 0.327566 0.18912 -0.327566
-1.23911 0.0562873 -1.69202e-15 -0.0281437 0.0487462 -0.0281437 -0.0487462
-1.22625 0.0361988 1.04873e-14 -0.0180994 0.0313491 -0.0180994 -0.0313491
-1.22625 -0.168187 1.46902e-15 0.0840935 0.145654 0.0840935 -0.145654
-1.22182 -0.322608 4.72327e-17 0.161304 0.279387 0.161304 -0.279387
-1.22031 -0.0732172 3.1225e-16 0.0366086 0.0634079 0.0366086 -0.0634079
-1.21219 -0.404283 5.31054e-16 0.202141 0.350119 0.202141 -0.350119
-1.20766 -0.0293711 1.96891e-16 0.0146856 0.0254362 0.0146856 -0.0254362
-1.1851 -0.0757975 2.43729e-16 0.0378988 0.0656426 0.0378988 -0.0656426
-1.1851 -0.316011 -5.4531e-16 0.158005 0.273673 0.158005 -0.273673
-1.18257 -0.172224 -1.8353e-15 0.0861122 0.149151 0.0861122 -0.149151
-1.17654 -0.287465 -9.8071e-16 0.143733 0.248952 0.143733 -0.248952
-1.17654 -0.00361438 -2.72352e-16 0.00180719 0.00313015 0.00180719 -0.00313015
-1.17654 0.0421308 -5.58544e-15 -0.0210654 0.0364863 -0.0210654 -0.0364863
-1.15133 0.00843389 9.19382e-15 -0.00421694 0.00730396 -0.00421694 -0.00730396
-1.15133 -0.38028 2.36268e-16 0.19014 0.329332 0.19014 -0.329332
-1.14013 0.0224405 7.81714e-16 -0.0112202 0.019434 -0.0112202 -0.019434
-1.13802 -0.19333 9.65827e-18 0.0966648 0.167428 0.0966648 -0.167428
-1.13341 -0.327394 8.26579e-16 0.163697 0.283532 0.163697 -0.283532
-1.12804 -0.135707 -3.23473e-15 0.0678537 0.117526 0.0678537 -0.117526
-1.12804 -0.00795526 -6.59385e-16 0.00397763 0.00688946 0.00397763 -0.00688946
-1.10352 -0.0552901 8.70688e-15 0.0276451 0.0478827 0.0276451 -0.0478827
-1.10352 -0.0220628 -5.25621e-15 0.0110314 0.0191069 0.0110314 -0.0191069
-1.09661 0.0748028 -2.18335e-15 -0.0374014 0.0647811 -0.0374014 -0.0647811
-1.09526 -0.309651 -4.64732e-15 0.154825 0.268165 0.154825 -0.268165
-1.08753 -0.0577905 -1.09207e-15 0.0288953 0.0500481 0.0288953 -0.0500481
-1.08753 -0.280043 3.08094e-16 0.140021 0.242524 0.140021 -0.242524
-1.07621 0.015527 -2.98958e-15 -0.00776352 0.0134468 -0.00776352 -0.0134468
-1.06518 -0.169535 1.27152e-16 0.0847677 0.146822 0.0847677 -0.146822
-1.05164 -0.0417246 7.52295e-16 0.0208623 0.0361345 0.0208623 -0.0361345
-1.04763 -0.190942 2.28906e-16 0.095471 0.165361 0.095471 -0.165361
-1.04397 -0.330585 -3.25344e-17 0.165293 0.286295 0.165293 -0.286295
-1.03642 -0.16389 -9.62411e-16 0.0819451 0.141933 0.0819451 -0.141933
-1.03274 -0.00567479 -1.09569e-15 0.0028374 0.00491451 0.0028374 -0.00491451
-1.02111 -0.0510742 2.32727e-15 0.0255371 0.0442316 0.0255371 -0.0442316
-1.00745 -0.193464 9.62731e-16 0.0967321 0.167545 0.0967321 -0.167545
-0.99759 0.0491785 -1.25526e-15 -0.0245893 0.0425898 -0.0245893 -0.0425898
-0.99759 -0.293216 8.30269e-17 0.146608 0.253932 0.146608 -0.253932
-0.99759 0.00234089 -1.4495e-15 -0.00117045 0.00202727 -0.00117045 -0.00202727
-0.982153 -0.00379607 -1.86027e-15 0.00189803 0.00328749 0.00189803 -0.00328749
-0.97851 0.0483412 1.84615e-15 -0.0241706 0.0418647 -0.0241706 -0.0418647
-0.957668 -0.00422363 7.81222e-16 0.00211181 0.00365777 0.00211181 -0.00365777
-0.957668 -0.184286 3.99569e-16 0.0921429 0.159596 0.0921429 -0.159596
-0.957668 -0.143065 1.90956e-15 0.0715327 0.123898 0.0715327 -0.123898
-0.951459 -0.157435 7.85486e-16 0.0787177 0.136343 0.0787177 -0.136343
-0.932549 -0.0220534 -2.97426e-14 0.0110267 0.0190988 0.0110267 -0.0190988
-0.924011 -0.029018 -4.69079e-16 0.014509 0.0251303 0.014509 -0.0251303
-0.916087 -0.224915 -9.02053e-18 0.112458 0.194782 0.112458 -0.194782
-0.899891 0.00700457 -6.58614e-14 -0.00350228 0.00606613 -0.00350228 -0.00606613
-0.886406 -0.00757273 -4.18231e-16 0.00378636 0.00655818 0.00378636 -0.00655818
-0.886406 -0.193622 1.18271e-16 0.0968112 0.167682 0.0968112 -0.167682
-0.886406 -0.060443 -3.39631e-16 0.0302215 0.0523451 0.0302215 -0.0523451
-0.860904 0.00046074 7.20291e-15 -0.00023037 0.000399012 -0.00023037 -0.000399012
-0.860904 -0.141504 -2.54393e-16 0.0707521 0.122546 0.0707521 -0.122546
-0.845264 -0.0953664 1.14562e-15 0.0476832 0.0825897 0.0476832 -0.0825897
-0.845264 0.00139187 -3.42272e-15 -0.000695936 0.0012054 -0.000695936 -0.0012054
-0.845264 -0.0343382 3.15212e-15 0.0171691 0.0297377 0.0171691 -0.0297377
-0.804058 -0.0856494 5.91758e-15 0.0428247 0.0741745 0.0428247 -0.0741745
-0.804058 -0.00201995 -3.14421e-15 0.00100998 0.00174933 0.00100998 -0.00174933
-0.774624 0.000827671 -1.15597e-15 -0.000413835 0.000716784 -0.000413835 -0.000716784
-0.774624 0.000844134 1.52317e-15 -0.000422067 0.000731041 -0.000422067 -0.000731041
